Time(s),Drum_Angle(deg),Drum_Velocity(deg/s),Drum_Acceleration(deg/s^2)
0.0,45.0,0.0,0.00517264642141894
0.1,45.0,0.000517264642141894,0.005080180118895066
0.2,45.000051726464214,0.0010252826540314006,0.005066689938677781
0.30000000000000004,45.000154254729615,0.001531951647899179,0.005081936819250253
0.4,45.00030744989441,0.002040145329824204,0.005102052178643015
0.5,45.00051146442739,0.0025503505476885055,0.005146371241215868
0.6000000000000001,45.00076649948216,0.0030649876718100927,0.005245540415782661
0.7000000000000001,45.00107299824934,0.0035895417133883587,0.005326613321667528
0.8,45.00143195242068,0.004122203045555111,0.005445778666244963
0.9,45.001844172725235,0.004666780912179608,0.0055852637294055716
1.0,45.00231085081645,0.005225307285120165,0.00575836894856308
1.1,45.00283338154497,0.005801144179976473,0.005800110638080461
1.2000000000000002,45.00341349596296,0.00638115524378452,0.005783785268129899
1.3,45.00405161148734,0.006959533770597509,0.005682009823549213
1.4000000000000001,45.0047475648644,0.007527734752952431,0.005502416113250953
1.5,45.005500338339694,0.008077976364277525,0.0052814964472638675
1.6,45.00630813597612,0.008606126009003913,0.005052969682970694
1.7000000000000002,45.00716874857702,0.009111422977300982,0.004860656868928149
1.8,45.008079890874754,0.009597488664193797,0.004642953087477752
1.9000000000000001,45.009039639741175,0.010061783972941572,0.004504333239195204
2.0,45.010045818138465,0.010512217296861092,0.004416886975467395
2.1,45.011097039868154,0.010953905994407832,0.004400706049127573
2.2,45.01219243046759,0.01139397659932059,0.0044416920221545
2.3000000000000003,45.01333182812753,0.01183814580153604,0.004459896410251986
2.4000000000000004,45.01451564270768,0.01228413544256124,0.0043939502588933605
2.5,45.01574405625193,0.012723530468450574,0.004273377524577206
2.6,45.01701640929878,0.013150868220908295,0.00409990896939216
2.7,45.01833149612087,0.013560859117847511,0.00394766295836842
2.8000000000000003,45.01968758203265,0.013955625413684353,0.003794030213276272
2.9000000000000004,45.02108314457402,0.014335028435011981,0.0035764311532054728
3.0,45.022516647417525,0.014692671550332527,0.003400580689753814
3.1,45.023985914572556,0.015032729619307909,0.0031884042733406966
3.2,45.02548918753449,0.015351570046641979,0.002923720139269851
3.3000000000000003,45.02702434453916,0.015643942060568964,0.002550052439288552
3.4000000000000004,45.02858873874521,0.01589894730449782,0.002160918583246082
3.5,45.03017863347566,0.016115039162822427,0.0018022019793560355
3.6,45.031790137391944,0.01629525936075803,0.0014588196295850149
3.7,45.03341966332802,0.016441141323716532,0.0010957009241131443
3.8000000000000003,45.03506377746039,0.016550711416127847,0.0007121553271631838
3.9000000000000004,45.036718848602,0.016621926948844165,0.0003019472625592431
4.0,45.03838104129689,0.01665212167510009,-6.0135202917983536e-05
4.1000000000000005,45.040046253464396,0.01664610815480829,-0.0003602537008078762
4.2,45.04171086427988,0.016610082784727503,-0.0006232777819888146
4.3,45.04337187255835,0.016547755006528622,-0.0008699174815728026
4.4,45.04502664805901,0.01646076325837134,-0.0010663607379787466
4.5,45.04667272438484,0.016354127184573467,-0.0012855202164578916
4.6000000000000005,45.0483081371033,0.016225575162927677,-0.001418854608656669
4.7,45.04993069461959,0.01608368970206201,-0.0015524611026630692
4.800000000000001,45.0515390635898,0.015928443591795703,-0.001712000339668402
4.9,45.05313190794898,0.015757243557828864,-0.0018509888844119612
5.0,45.05470763230476,0.015572144669387668,-0.001984648146657546
5.1000000000000005,45.0562648467717,0.015373679854721913,-0.0021456885186404194
5.2,45.05780221475717,0.015159111002857871,-0.002354344938569884
5.300000000000001,45.05931812585746,0.014923676509000882,-0.0025915592923473397
5.4,45.060810493508356,0.014664520579766149,-0.0028223702998267128
5.5,45.06227694556633,0.014382283549783478,-0.0029930237933904597
5.6000000000000005,45.06371517392131,0.01408298117044443,-0.0032112861131380318
5.7,45.06512347203836,0.013761852559130629,-0.0034104951955609203
5.800000000000001,45.06649965729427,0.013420803039574535,-0.0035904853923389734
5.9,45.06784173759823,0.013061754500340639,-0.003674178955404418
6.0,45.06914791304826,0.012694336604800198,-0.0037216098756367626
6.1000000000000005,45.07041734670874,0.01232217561723652,-0.0037824184568966165
6.2,45.071649564270466,0.01194393377154686,-0.0038520596939606443
6.300000000000001,45.07284395764762,0.011558727802150793,-0.003954917349525598
6.4,45.07399983042784,0.011163236067198235,-0.004078159588382314
6.5,45.07511615403455,0.010755420108360005,-0.004239770304291542
6.6000000000000005,45.07619169604539,0.010331443077930848,-0.004449999073145772
6.7,45.07722484035318,0.009886443170616273,-0.004583055049992232
6.800000000000001,45.07821348467024,0.009428137665617047,-0.004665286841413172
6.9,45.07915629843681,0.008961608981475732,-0.004774151786326071
7.0,45.08005245933495,0.008484193802843126,-0.004821645518660678
7.1000000000000005,45.08090087871524,0.008002029250977056,-0.0048702379491702245
7.2,45.08170108164033,0.007515005456060035,-0.004998625072035623
7.300000000000001,45.082452582185944,0.00701514294885647,-0.0050779793447602
7.4,45.083154096480826,0.006507345014380452,-0.005216365129908702
7.5,45.08380483098227,0.005985708501389584,-0.005408363342053882
7.6000000000000005,45.084403401832404,0.005444872167184193,-0.005657284164150092
7.7,45.084947889049126,0.004879143750769185,-0.005845031512007711
7.800000000000001,45.0854358034242,0.004294640599568411,-0.0059707293768184976
7.9,45.08586526748416,0.0036975676618865635,-0.006058553122294148
8.0,45.08623502425034,0.003091712349657151,-0.006146644890362069
8.1,45.08654419548531,0.002477047860620946,-0.006228410083287939
8.200000000000001,45.08679190027137,0.0018542068522921433,-0.0063632554147331774
8.3,45.0869773209566,0.0012178813108188278,-0.006458030325853122
8.4,45.08709910908768,0.0005720782782335179,-0.0064740615107750695
8.5,45.08715631691551,-7.532787284398679e-05,-0.006454477377363388
8.6,45.087148784128225,-0.0007207756105803233,-0.006414460473135045
8.700000000000001,45.08707670656717,-0.001362221657893837,-0.006407512051474605
8.8,45.086940484401374,-0.002002972863041295,-0.006400588118105297
8.9,45.08674018711507,-0.0026430316748518225,-0.006388509309512509
9.0,45.086475883947585,-0.003281882605803071,-0.00639796857387574
9.1,45.086147695687,-0.003921679463190643,-0.006359571473661098
9.200000000000001,45.08575552774069,-0.004557636610556762,-0.00628904132065429
9.3,45.08529976407963,-0.0051865407426221885,-0.006273670428619595
9.4,45.084781110005366,-0.005813907785484146,-0.0062609759960952135
9.5,45.084199719226824,-0.006440005385093665,-0.006225571028218075
9.600000000000001,45.08355571868831,-0.007062562487915481,-0.0061628980749399475
9.700000000000001,45.08284946243952,-0.007678852295409474,-0.006086836913797244
9.8,45.082081577209976,-0.008287535986789196,-0.006102806154594663
9.9,45.0812528236113,-0.00889781660224866,-0.006140986426034383
10.0,45.080363041951074,-0.009511915244852096,-0.006183052488237267
10.100000000000001,45.07941185042659,-0.010130220493675832,-0.00618659900713477
10.200000000000001,45.078398828377225,-0.010748880394389307,-0.006187278113763098
10.3,45.077323940337784,-0.011367608205765614,-0.006211881306862226
10.4,45.076187179517206,-0.011988796336451835,-0.006297694688760033
10.5,45.074988299883564,-0.012618565805327836,-0.006368594138838609
10.600000000000001,45.07372644330303,-0.013255425219211706,-0.006412490696195346
10.700000000000001,45.072400900781105,-0.013896674288831238,-0.006362125000602304
10.8,45.07101123335222,-0.014532886788891466,-0.0062419929553427355
10.9,45.069557944673335,-0.015157086084425737,-0.0061217306498543645
11.0,45.06804223606489,-0.01576925914941117,-0.006042479380071933
11.100000000000001,45.06646531014995,-0.016373507087418374,-0.005863805626306326
11.200000000000001,45.06482795944121,-0.016959887650049004,-0.005662149847379726
11.3,45.0631319706762,-0.017526102634786975,-0.005470666858194367
11.4,45.06137936041273,-0.01807316932060641,-0.005175263725366465
11.5,45.059572043480664,-0.018590695693143054,-0.004814126575860695
11.600000000000001,45.05771297391135,-0.01907210835072913,-0.004401704240840196
11.700000000000001,45.05580576307628,-0.01951227877481315,-0.004063906656900839
11.8,45.053854535198795,-0.01991866944050323,-0.0037503702980725344
11.9,45.05186266825475,-0.020293706470310483,-0.0034070996176202347
12.0,45.04983329760772,-0.020634416432072505,-0.003029617046294486
12.100000000000001,45.04776985596451,-0.02093737813670196,-0.0026019314526564996
12.200000000000001,45.04567611815084,-0.021197571281967607,-0.0021725140257471557
12.3,45.04355636102264,-0.021414822684542322,-0.0017410505647251558
12.4,45.04141487875419,-0.021588927741014837,-0.0013472283574032149
12.5,45.039255985980084,-0.021723650576755158,-0.0010239435980614394
12.600000000000001,45.03708362092241,-0.021826044936561304,-0.0006625978292786768
12.700000000000001,45.034901016428755,-0.02189230471948917,-0.0003194003157556286
12.8,45.032711785956806,-0.021924244751064734,6.654613847849346e-06
12.9,45.0305193614817,-0.02192357928967995,0.0003689466810178495
13.0,45.02832700355273,-0.021886684621578164,0.0006804487897462797
13.100000000000001,45.02613833509057,-0.021818639742603535,0.0009601607977786953
13.200000000000001,45.023956471116314,-0.021722623662825666,0.001141462163527858
13.3,45.02178420875003,-0.02160847744647288,0.0013168054249800393
13.4,45.01962336100538,-0.021476796903974877,0.0014874181969054944
13.5,45.017475681314984,-0.021328055084284328,0.0016263668756009407
13.600000000000001,45.01534287580656,-0.02116541839672423,0.0017555460145995676
13.700000000000001,45.013226333966884,-0.020989863795264276,0.0018850288486030734
13.8,45.011127347587355,-0.02080136091040397,0.0020360915019242217
13.9,45.009047211496316,-0.020597751760211547,0.0021426871817048576
14.0,45.006987436320294,-0.020383483042041062,0.0022266137309344433
14.100000000000001,45.00494908801609,-0.020160821668947615,0.002283323246398171
14.200000000000001,45.0029330058492,-0.0199324893443078,0.0022511905842294714
14.3,45.00093975691477,-0.019707370285884852,0.0021270270070946205
14.4,44.998969019886175,-0.01949466758517539,0.0020377551474623575
14.5,44.997019553127664,-0.019290892070429156,0.0019409590445100963
14.600000000000001,44.99509046392062,-0.019096796165978144,0.0018722797775727674
14.700000000000001,44.99318078430402,-0.018909568188220868,0.0018188997312896453
14.8,44.9912898274852,-0.018727678215091904,0.0018394239527445215
14.9,44.98941705966369,-0.018543735819817452,0.001839035858778946
15.0,44.98756268608171,-0.018359832233939558,0.001839691080551273
15.100000000000001,44.985726702858315,-0.01817586312588443,0.001836634307688142
15.200000000000001,44.983909116545725,-0.017992199695115615,0.0019007929030376012
15.3,44.98210989657621,-0.017802120404811855,0.002037939074278947
15.4,44.98032968453573,-0.01759832649738396,0.0021930781051040108
15.5,44.97856985188599,-0.01737901868687356,0.0023881883424924444
15.600000000000001,44.976831950017306,-0.017140199852624313,0.002595879609455345
15.700000000000001,44.97511793003204,-0.01688061189167878,0.0027889075258306323
15.8,44.97342986884288,-0.016601721139095717,0.002871029907603958
15.9,44.97176969672897,-0.016314618148335323,0.00286097774547964
16.0,44.97013823491413,-0.01602852037378736,0.0028563643721258728
16.1,44.96853538287675,-0.01574288393657477,0.002706174573794152
16.2,44.966961094483096,-0.015472266479195359,0.0025127206863448373
16.3,44.965413867835174,-0.015220994410560872,0.0022861202312339014
16.400000000000002,44.96389176839412,-0.014992382387437478,0.0020693974337268354
16.5,44.96239253015538,-0.014785442644064799,0.0018263066197031236
16.6,44.96091398589097,-0.014602811982094484,0.0015569360786475506
16.7,44.95945370469276,-0.014447118374229732,0.0013239128258661621
16.8,44.95800899285534,-0.014314727091643114,0.0011972686991460623
16.900000000000002,44.956577520146176,-0.014195000221728506,0.0011312625377751515
17.0,44.955158020124,-0.014081873967950994,0.0010810474189179074
17.1,44.953749832727205,-0.013973769226059201,0.0010791862313305465
17.2,44.9523524558046,-0.013865850602926149,0.001084790733528395
17.3,44.950965870744305,-0.013757371529573308,0.0011068586596064288
17.400000000000002,44.94959013359135,-0.013646685663612663,0.0010620350283733222
17.5,44.94822546502499,-0.013540482160775334,0.0010160334203509196
17.6,44.94687141680891,-0.01343887881874024,0.0010017885774980498
17.7,44.94552752892704,-0.013338699960990437,0.0009940212796400447
17.8,44.944193658930935,-0.013239297833026431,0.0009189306069073326
17.900000000000002,44.94286972914764,-0.013147404772335697,0.0008812882172926792
18.0,44.941554988670404,-0.01305927595060643,0.0008374962784809278
18.1,44.94024906107534,-0.012975526322758337,0.0007981182271349707
18.2,44.93895150844307,-0.012895714500044841,0.0007892973806192311
18.3,44.93766193699306,-0.012816784761982917,0.0008250865157216855
18.400000000000002,44.93638025851686,-0.012734276110410747,0.0008904109908473861
18.5,44.93510683090582,-0.01264523501132601,0.0009605160116903137
18.6,44.93384230740469,-0.012549183410156978,0.00103964434493981
18.7,44.93258738906367,-0.012445218975663,0.00113661345027702
18.8,44.93134286716611,-0.012331557630635296,0.0012111420942349101
18.900000000000002,44.93010971140304,-0.012210443421211803,0.001273789603721396
19.0,44.928888667060924,-0.012083064460839666,0.0013004216118211824
19.1,44.927680360614836,-0.011953022299657546,0.0013477195997630542
19.200000000000003,44.92648505838487,-0.011818250339681239,0.0013931797595361768
19.3,44.9253032333509,-0.011678932363727624,0.0013235979027131034
19.400000000000002,44.92413534011453,-0.011546572573456312,0.0011451001047828732
19.5,44.92298068285719,-0.011432062562978027,0.0009051368296784805
19.6,44.921837476600885,-0.011341548880010177,0.000727972774630735
19.700000000000003,44.920703321712885,-0.011268751602547103,0.0005171109334901308
19.8,44.91957644655263,-0.011217040509198091,0.0002295853801736992
19.900000000000002,44.918454742501716,-0.01119408197118072,-7.135953291210139e-05
20.0,44.917335334304596,-0.01120121792447193,-0.0003853993773239702
20.1,44.91621521251215,-0.011239757862204328,-0.0006907925714292196
20.200000000000003,44.91509123672593,-0.011308837119347251,-0.0009406741998342828
20.3,44.91396035301399,-0.011402904539330678,-0.001001907958927253
20.400000000000002,44.91282006256006,-0.011503095335223404,-0.0009464927277591892
20.5,44.91166975302654,-0.011597744607999321,-0.0009055499284820304
20.6,44.910509978565734,-0.011688299600847525,-0.0008400872458128614
20.700000000000003,44.909341148605655,-0.011772308325428813,-0.0007489513382219988
20.8,44.90816391777311,-0.011847203459251011,-0.0006951766643162402
20.900000000000002,44.906979197427184,-0.011916721125682636,-0.0006805215946083562
21.0,44.905787525314615,-0.01198477328514347,-0.0006649234847067631
21.1,44.9045890479861,-0.012051265633614148,-0.0006492032973374069
21.200000000000003,44.90338392142274,-0.012116185963347889,-0.0006454410695118338
21.3,44.90217230282641,-0.012180730070299071,-0.0007443605549756792
21.400000000000002,44.90095422981938,-0.01225516612579664,-0.0008574891725149542
21.5,44.8997287132068,-0.012340915043048134,-0.0009417689117723794
21.6,44.89849462170249,-0.012435091934225373,-0.000981504256560281
21.700000000000003,44.89725111250907,-0.012533242359881402,-0.0009956368496587304
21.8,44.89599778827308,-0.012632806044847273,-0.0009905401357494477
21.900000000000002,44.894734507668595,-0.01273186005842222,-0.0009675914843993089
22.0,44.893461321662755,-0.012828619206862148,-0.0009405744492558618
22.1,44.89217845974207,-0.012922676651787736,-0.0009650317149136787
22.200000000000003,44.89088619207689,-0.013019179823279105,-0.0009911356101974975
22.3,44.88958427409456,-0.013118293384298853,-0.0011026173450212114
22.400000000000002,44.88827244475613,-0.013228555118800975,-0.0012459969815524414
22.5,44.88694958924425,-0.013353154816956217,-0.001390113021697834
22.6,44.885614273762556,-0.013492166119126002,-0.0014980843258960218
22.700000000000003,44.88426505715064,-0.013641974551715607,-0.0016871615736596865
22.8,44.88290085969547,-0.013810690709081572,-0.0018965886110521102
22.900000000000002,44.881519790624566,-0.014000349570186785,-0.002129302941111654
23.0,44.88011975566754,-0.014213279864297946,-0.0024144090108734096
23.1,44.878698427681115,-0.01445472076538529,-0.0027291260134747505
23.200000000000003,44.877252955604575,-0.01472763336673277,-0.003012606003232136
23.3,44.875780192267904,-0.015028893967055977,-0.0032589080754559054
23.400000000000002,44.8742773028712,-0.015354784774601572,-0.003440584064121469
23.5,44.872741824393735,-0.01569884318101371,-0.0036508885014148278
23.6,44.871171940075634,-0.0160639320311552,-0.0038775901231372233
23.700000000000003,44.86956554687252,-0.016451691043468927,-0.004125986058998357
23.8,44.86792037776817,-0.016864289649368754,-0.00433379628880408
23.900000000000002,44.866233948803234,-0.01729766927824917,-0.004476468583844663
24.0,44.86450418187541,-0.017745316136633625,-0.0045777744282750376
24.1,44.86272965026175,-0.018203093579461135,-0.0046210162272181145
24.200000000000003,44.8609093409038,-0.018665195202182953,-0.004608180622666513
24.3,44.85904282138358,-0.019126013264449595,-0.0045750956464519045
24.400000000000002,44.85713022005714,-0.019583522829094792,-0.004590575735450569
24.5,44.85517186777423,-0.02004258040263984,-0.004549533454406532
24.6,44.853167609733966,-0.0204975337480805,-0.00447353079574033
24.700000000000003,44.85111785635916,-0.020944886827654538,-0.0044412998887780305
24.8,44.849023367676395,-0.02138901681653233,-0.00443860476992152
24.900000000000002,44.84688446599474,-0.02183287729352449,-0.004386116843314674
25.0,44.84470117826539,-0.022271488977855948,-0.004348459939666456
25.1,44.8424740293676,-0.0227063349718226,-0.004262913681467835
25.200000000000003,44.84020339587042,-0.02313262633996939,-0.004315215963983538
25.3,44.83789013323642,-0.023564147936367734,-0.004413619922119812
25.400000000000002,44.83553371844278,-0.02400550992857972,-0.004484496822535549
25.5,44.83313316744993,-0.024453959610833267,-0.004507560009571239
25.6,44.83068777148884,-0.024904715611790397,-0.004510436552317703
25.700000000000003,44.828197299927666,-0.025355759267022174,-0.004505359261763208
25.8,44.82566172400096,-0.025806295193198485,-0.004480748019840316
25.900000000000002,44.823081094481644,-0.026254369995182523,-0.004375916568364394
26.0,44.82045565748212,-0.026691961652018953,-0.004283771271195525
26.1,44.81778646131692,-0.02712033877913851,-0.004113073011352078
26.200000000000003,44.81507442743901,-0.027531646080273725,-0.003949731173192459
26.3,44.81232126283098,-0.027926619197592963,-0.0037352597611210207
26.400000000000002,44.80952860091122,-0.02830014517370507,-0.0036050469391175973
26.5,44.80669858639385,-0.028660649867616822,-0.003427237707027811
26.6,44.80383252140709,-0.029003373638319608,-0.0032236816907391342
26.700000000000003,44.800932184043255,-0.029325741807393526,-0.0030201761393889737
26.8,44.797999609862515,-0.029627759421332417,-0.00275669412523587
26.900000000000002,44.795036833920385,-0.029903428833856008,-0.0024932362205954384
27.0,44.792046491037,-0.030152752455915546,-0.002292272853533716
27.1,44.789031215791404,-0.03038197974126892,-0.0021603447268424667
27.200000000000003,44.78599301781728,-0.03059801421395317,-0.0020669328146772593
27.3,44.78293321639588,-0.030804707495420892,-0.0018223872267231647
27.400000000000002,44.779852745646345,-0.03098694621809321,-0.0015354629274178988
27.5,44.77675405102453,-0.031140492510834998,-0.0012937099967542758
27.6,44.77364000177345,-0.03126986351051043,-0.0010834734787911456
27.700000000000003,44.7705130154224,-0.031378210858389544,-0.0008853413528299625
27.8,44.76737519433656,-0.03146674499367254,-0.0006328007361544506
27.900000000000002,44.76422851983719,-0.031530025067287984,-0.00036600011784315104
28.0,44.76107551733046,-0.0315666250790723,-0.00011378005435331967
28.1,44.757918854822556,-0.03157800308450763,0.00014903726986862997
28.200000000000003,44.754761054514105,-0.03156309935752077,0.00042364155728170444
28.3,44.75160474457835,-0.0315207352017926,0.0006871930008157153
28.400000000000002,44.748452671058175,-0.031452015901711025,0.0009076748950572115
28.5,44.745307469468,-0.031361248412205306,0.0011272426827856944
28.6,44.74217134462678,-0.031248524143926735,0.0012939536280495527
28.700000000000003,44.73904649221239,-0.031119128781121778,0.0014886680662643298
28.8,44.73593457933428,-0.030970261974495348,0.0016831975427952892
28.900000000000002,44.732837553136825,-0.030801942220215817,0.0018766086868997386
29.0,44.72975735891481,-0.030614281351525847,0.0020909462315793193
29.1,44.726695930779655,-0.030405186728367912,0.0023555273163520392
29.200000000000003,44.723655412106815,-0.030169633996732705,0.0026082860827088827
29.3,44.72063844870714,-0.029908805388461822,0.002856413798443148
29.400000000000002,44.717647568168296,-0.029623164008617503,0.0030130900277319395
29.5,44.714685251767435,-0.029321855005844315,0.003163412877215898
29.6,44.71175306626685,-0.02900551371812272,0.003262327081832358
29.700000000000003,44.70885251489504,-0.02867928100993948,0.0034100089915584837
29.8,44.705984586794045,-0.02833828011078364,0.0035203265071605456
29.900000000000002,44.70315075878297,-0.02798624746006758,0.0036254735208539066
30.0,44.70035213403696,-0.027623700107982197,0.0036951652719373162
30.1,44.69758976402616,-0.02725418358078846,0.0037043748202199816
30.200000000000003,44.69486434566809,-0.026883746098766457,0.003712088030781514
30.3,44.692175971058205,-0.026512537295688313,0.0037344836010213918
30.400000000000002,44.68952471732864,-0.02613908893558617,0.003695602772863421
30.5,44.68691080843508,-0.025769528658299835,0.0036776794248586683
30.6,44.68433385556925,-0.025401760715813963,0.003704243567897013
30.700000000000003,44.681793679497666,-0.025031336359024256,0.0036989053183901248
30.8,44.67929054586177,-0.02466144582718525,0.0036225561471372497
30.900000000000002,44.67682440127905,-0.02429919021247152,0.0035739815608405445
31.0,44.6743944822578,-0.023941792056387474,0.003551323174027737
31.1,44.67200030305216,-0.023586659738984696,0.0035435246853825052
31.200000000000003,44.669641637078264,-0.02323230727044644,0.003514190117131366
31.3,44.66731840635122,-0.02288088825873331,0.0034932859313071612
31.400000000000002,44.66503031752534,-0.02253155966560259,0.003441309351588377
31.5,44.662777161558786,-0.02218742873044376,0.0032702730836402815
31.6,44.66055841868574,-0.021860401422079727,0.003143601543920256
31.700000000000003,44.65837237854353,-0.021546041267687697,0.0030176753092593604
31.8,44.65621777441677,-0.021244273736761767,0.002881894536454586
31.900000000000002,44.65409334704309,-0.020956084283116305,0.0027215511559198586
32.0,44.651997738614774,-0.020683929167524324,0.0025550338727953533
32.1,44.64992934569803,-0.020428425780244786,0.0024303199108708165
32.2,44.64788650312,-0.0201853937891577,0.002402700025222228
32.300000000000004,44.64586796374108,-0.019945123786635474,0.0024074967231553484
32.4,44.64387345136242,-0.019704374114319953,0.002415659999712994
32.5,44.64190301395099,-0.01946280811434865,0.0023912550721851703
32.6,44.639956733139556,-0.01922368260713013,0.00236902681652336
32.7,44.63803436487884,-0.01898677992547779,0.0023372817831399466
32.800000000000004,44.63613568688629,-0.018753051747163792,0.0023506072135163984
32.9,44.63426038171158,-0.018517991025812166,0.0023232216071712736
33.0,44.632408582608996,-0.018285668865095035,0.0022863299670795195
33.1,44.63058001572249,-0.01805703586838708,0.002200539490852218
33.2,44.62877431213565,-0.017836981919301855,0.0020441293850577123
33.300000000000004,44.62699061394372,-0.01763256898079608,0.0018636998454943743
33.4,44.62522735704564,-0.017446198996246654,0.001716642882903841
33.5,44.62348273714601,-0.017274534707956268,0.001605464305625843
33.6,44.62175528367521,-0.01711398827739368,0.0015074423789370732
33.7,44.620043884847476,-0.01696324403949997,0.0014373821732057705
33.800000000000004,44.618347560443524,-0.016819505822179392,0.0014385166462906175
33.9,44.61666560986131,-0.01667565415755034,0.0014543304596309275
34.0,44.61499804444556,-0.016530221111587244,0.001443284118930688
34.1,44.61334502233439,-0.016385892699694173,0.0014028514402771872
34.2,44.61170643306443,-0.016245607555666453,0.0012922787809842458
34.300000000000004,44.61008187230886,-0.016116379677568026,0.0012009731829053575
34.4,44.608470234341105,-0.015996282359277497,0.0011002781063263797
34.5,44.606870606105176,-0.015886254548644858,0.0010280823254827022
34.6,44.60528198065031,-0.015783446316096586,0.0009396470173214175
34.7,44.6037036360187,-0.015689481614364443,0.0007559493204146378
34.800000000000004,44.602134687857266,-0.015613886682322978,0.0005089471317361605
34.9,44.60057329918903,-0.015562991969149365,0.00025707762595363043
35.0,44.599016999992116,-0.015537284206554001,1.680162123141708e-05
35.1,44.59746327157146,-0.01553560404443086,-0.0001840314925741363
35.2,44.59590971116702,-0.015554007193688274,-0.0003805786194980719
35.300000000000004,44.59435431044765,-0.015592065055638081,-0.0005836390797307209
35.4,44.59279510394209,-0.01565042896361115,-0.0008372348051672673
35.5,44.59123006104572,-0.015734152444127878,-0.001050640789909982
35.6,44.58965664580131,-0.015839216523118878,-0.0012417008882405036
35.7,44.588072724149,-0.01596338661194293,-0.0014282981363142465
35.800000000000004,44.586476385487806,-0.016106216425574357,-0.0015762912564051678
35.9,44.58486576384525,-0.016263845551214864,-0.0017037627516483973
36.0,44.58323937929013,-0.016434221826379707,-0.0018091465939050566
36.1,44.58159595710749,-0.016615136485770215,-0.001888907292243767
36.2,44.57993444345891,-0.016804027214994594,-0.0019215845257928165
36.300000000000004,44.57825404073741,-0.01699618566757388,-0.001920785094741943
36.4,44.57655442217065,-0.017188264177048062,-0.00194621686436737
36.5,44.57483559575295,-0.0173828858634848,-0.001913620165767308
36.6,44.5730973071666,-0.017574247880061535,-0.0019351063729242878
36.7,44.571339882378595,-0.017767758517353967,-0.0019632570514263314
36.800000000000004,44.56956310652686,-0.017964084222496603,-0.0019350199826589979
36.9,44.56776669810461,-0.01815758622076249,-0.0019773651137321223
37.0,44.56595093948253,-0.018355322732135707,-0.0019304684845570799
37.1,44.56411540720932,-0.018548369580591417,-0.0019178848159782662
37.2,44.56226057025126,-0.018740158062189247,-0.0018675354096088239
37.300000000000004,44.560386554445046,-0.01892691160315013,-0.0016749881420979448
37.4,44.558493863284724,-0.019094410417359917,-0.0013972417001673907
37.5,44.55658442224299,-0.019234134587376658,-0.001105066874201607
37.6,44.55466100878425,-0.01934464127479682,-0.0008030701823285327
37.7,44.55272654465677,-0.019424948293029674,-0.0005155761073853955
37.800000000000004,44.55078404982747,-0.019476505903768215,-0.00023939450528970258
37.9,44.548836399237096,-0.019500445354297184,1.9977430303942382e-05
38.0,44.54688635470166,-0.01949844761126679,0.00018597160942368946
38.1,44.54493650994054,-0.01947985045032442,0.0003043107541727706
38.2,44.542988524895506,-0.019449419374907143,0.00041927891993333397
38.300000000000004,44.54104358295801,-0.01940749148291381,0.0005321664429976385
38.400000000000006,44.53910283380972,-0.019354274838614044,0.0006832888702466538
38.5,44.537167406325864,-0.019285945951589382,0.0008261340478466516
38.6,44.5352388117307,-0.019203332546804716,0.0008923694867832161
38.7,44.53331847847602,-0.019114095598126393,0.0009473948699100861
38.800000000000004,44.53140706891621,-0.019019356111135383,0.001033237845017249
38.900000000000006,44.52950513330509,-0.018916032326633657,0.0011260545429470027
39.0,44.527613530072436,-0.018803426872338963,0.0012899250054555593
39.1,44.5257331873852,-0.018674434371793405,0.001434833875435922
39.2,44.52386574394802,-0.01853095098424981,0.0014360752874864745
39.300000000000004,44.522012648849596,-0.01838734345550116,0.0013474647557999517
39.400000000000006,44.52017391450404,-0.018252596979921164,0.0012835520546336555
39.5,44.518348654806054,-0.018124241774457806,0.0012709997459335418
39.6,44.51653623062861,-0.01799714179986445,0.0012920998832639276
39.7,44.51473651644862,-0.017867931811538056,0.0013074902937452123
39.800000000000004,44.51294972326747,-0.017737182782163533,0.0014080798008216247
39.900000000000006,44.51117600498925,-0.017596374802081368,0.001597041842635303
40.0,44.50941636750904,-0.017436670617817847,0.0018323343139464102
40.1,44.50767270044726,-0.017253437186423203,0.00210590804151208
40.2,44.50594735672862,-0.017042846382271992,0.002377811597662067
40.300000000000004,44.50424307209039,-0.016805065222505782,0.0026162092417763754
40.400000000000006,44.50256256556814,-0.01654344429832814,0.002777623282576842
40.5,44.50090822113831,-0.016265681970070472,0.0029620890190470216
40.6,44.4992816529413,-0.015969473068165766,0.0030563413200860364
40.7,44.497684705634484,-0.015663838936157158,0.0030415279006011566
40.800000000000004,44.496118321740866,-0.015359686146097038,0.002998808927091946
40.900000000000006,44.494582353126255,-0.01505980525338784,0.002920691417831789
41.0,44.49307637260092,-0.014767736111604677,0.0027607741127346755
41.1,44.49159959898976,-0.014491658700331205,0.002523057266187854
41.2,44.49015043311972,-0.014239352973712417,0.002367535417946415
41.300000000000004,44.488726497822356,-0.014002599431917772,0.002174513657810816
41.400000000000006,44.48732623787916,-0.013785148066136687,0.0019917937499755374
41.5,44.48594772307255,-0.013585968691139145,0.00183772152266253
41.6,44.48458912620343,-0.013402196538872889,0.001713639636123948
41.7,44.48324890654955,-0.013230832575260492,0.0016123758317920212
41.800000000000004,44.48192582329202,-0.013069594992081287,0.0015640307299371761
41.900000000000006,44.48061886379281,-0.012913191919087567,0.0014621797259425707
42.0,44.479327544600906,-0.012766973946493319,0.0013257426703011303
42.1,44.478050847206255,-0.012634399679463204,0.0011029035544530778
42.2,44.47678740723831,-0.012524109324017894,0.0009405973247471894
42.300000000000004,44.47553499630591,-0.012430049591543174,0.0007692188402279721
42.400000000000006,44.47429199134675,-0.012353127707520376,0.0005796728993287172
42.5,44.473056678576,-0.012295160417587507,0.0003691423950024103
42.6,44.47182716253424,-0.012258246178087266,0.00011073986635528661
42.7,44.470601337916435,-0.012247172191451737,-7.505515902714203e-05
42.800000000000004,44.46937662069729,-0.012254677707354451,-0.00019399573269655233
42.900000000000006,44.46815115292655,-0.012274077280624107,-0.0002245152125852519
43.0,44.46692374519849,-0.01229652880188263,-0.00023119269014704546
43.1,44.4656940923183,-0.012319648070897336,-0.0002232024479419083
43.2,44.46446212751121,-0.012341968315691527,-0.00012644721546791778
43.300000000000004,44.46322793067964,-0.012354613037238319,-7.860432758492283e-05
43.400000000000006,44.46199246937592,-0.012362473469996811,-2.0981020411662916e-06
43.5,44.46075622202892,-0.012362683280200928,2.7460344312265793e-05
43.6,44.4595199537009,-0.012359937245769701,8.919217869621116e-05
43.7,44.45828395997632,-0.01235101802790008,0.00011573029954015631
43.800000000000004,44.457048858173536,-0.012339444997946064,5.391564133693231e-05
43.900000000000006,44.45581491367374,-0.01233405343381237,3.670909540803014e-05
44.0,44.45458150833036,-0.012330382524271568,9.338977196234616e-05
44.1,44.45334847007793,-0.012321043547075333,0.00021481259588643955
44.2,44.45211636572322,-0.012299562287486689,0.0003450014371860231
44.300000000000004,44.45088640949447,-0.012265062143768086,0.00046277929880984874
44.400000000000006,44.4496599032801,-0.0122187842138871,0.0005122086883411634
44.5,44.44843802485871,-0.012167563345052987,0.0005301057776856232
44.6,44.4472212685242,-0.012114552767284424,0.0005518681494957626
44.7,44.44600981324747,-0.012059365952334847,0.0005009195304882007
44.800000000000004,44.444803876652244,-0.012009273999286026,0.0004181920284809039
44.900000000000006,44.44360294925231,-0.011967454796437935,0.0003300095490476135
45.0,44.44240620377267,-0.011934453841533176,0.0003019364002860388
45.1,44.44121275838852,-0.011904260201504572,0.00034749920879837754
45.2,44.440022332368365,-0.011869510280624733,0.00039773232036989644
45.300000000000004,44.438835381340304,-0.011829737048587743,0.00047471974842305483
45.400000000000006,44.43765240763544,-0.011782265073745437,0.0005126480396755742
45.5,44.43647418112807,-0.011731000269777882,0.0005211156726666051
45.6,44.43530108110109,-0.011678888702511221,0.0005487229803274101
45.7,44.43413319223084,-0.01162401640447848,0.0005412414090225525
45.800000000000004,44.43297079059039,-0.011569892263576223,0.0005607575637248387
45.900000000000006,44.43181380136404,-0.011513816507203739,0.0005355351411725835
46.0,44.430662419713315,-0.011460262993086483,0.0004663057146778105
46.1,44.429516393414005,-0.011413632421618702,0.0003754656741554572
46.2,44.42837503017184,-0.011376085854203155,0.0002518138937195705
46.300000000000004,44.427237421586426,-0.011350904464831198,0.0001781518344433154
46.400000000000006,44.42610233113994,-0.011333089281386866,0.00011057801653371131
46.5,44.424969022211805,-0.011322031479733496,0.00010621222148976736
46.6,44.42383681906383,-0.011311410257584519,0.00020787200882030742
46.7,44.42270567803807,-0.011290623056702488,0.00037295104917173065
46.800000000000004,44.4215766157324,-0.011253327951785314,0.000533099287774011
46.900000000000006,44.42045128293722,-0.011200018023007912,0.0006701055725893134
47.0,44.41933128113492,-0.011133007465748985,0.0007953204547226913
47.1,44.41821798038835,-0.011053475420276715,0.0009804109186206354
47.2,44.41711263284632,-0.01095543432841465,0.0011653539601633707
47.300000000000004,44.41601708941348,-0.010838898932398311,0.0012933385393662327
47.400000000000006,44.414933199520235,-0.010709565078461686,0.001422012398280854
47.5,44.41386224301239,-0.010567363838633608,0.001482534602680569
47.6,44.41280550662853,-0.01041911037836555,0.001591999054975814
47.7,44.41176359559069,-0.010259910472867966,0.001678045363704549
47.800000000000004,44.41073760454341,-0.010092105936497509,0.0017507621369097185
47.900000000000006,44.409728393949756,-0.009917029722806534,0.0018380744731844906
48.0,44.40873669097747,-0.009733222275488096,0.002036059078410537
48.1,44.407763368749926,-0.009529616367647039,0.0022724012823103724
48.2,44.40681040711316,-0.009302376239415999,0.0025114434039810547
48.300000000000004,44.405880169489215,-0.00905123189901789,0.002570638167501379
48.400000000000006,44.40497504629931,-0.008794168082267748,0.00261062553657209
48.5,44.40409562949109,-0.008533105528610554,0.002560303233052669
48.6,44.403242318938226,-0.008277075205305283,0.0024943156634376134
48.7,44.4024146114177,-0.008027643638961518,0.002434493169895316
48.800000000000004,44.4016118470538,-0.007784194321971983,0.0024256522111338213
48.900000000000006,44.400833427621606,-0.007541629100858598,0.0024933317934516057
49.0,44.40007926471152,-0.007292295921513451,0.0025491262620825905
49.1,44.39935003511937,-0.007037383295305189,0.0025926690486143228
49.2,44.398646296789835,-0.006778116390443753,0.0026505237258202656
49.300000000000004,44.39796848515079,-0.006513064017861722,0.002748328143064387
49.400000000000006,44.397317178749006,-0.00623823120355528,0.0027614111620930934
49.5,44.39669335562865,-0.005962090087345986,0.0027927976952815976
49.6,44.396097146619915,-0.005682810317817822,0.002829194764676022
49.7,44.39552886558813,-0.005399890841350216,0.0028226286500024986
49.800000000000004,44.394988876504,-0.005117627976349962,0.0027913615676412565
49.900000000000006,44.394477113706365,-0.004838491819585833,0.002777565980116097
50.0,44.393993264524404,-0.004560735221574239,0.002701731687106686
50.1,44.393537191002245,-0.004290562052863566,0.0025746493120929505
50.2,44.39310813479696,-0.004033097121654268,0.002413480323952373
50.300000000000004,44.3927048250848,-0.003791749089259027,0.002224957491811615
50.400000000000006,44.39232565017587,-0.0035692533400778622,0.0019444662462128983
50.5,44.39196872484186,-0.0033748067154565835,0.0016495214305783223
50.6,44.39163124417032,-0.003209854572398749,0.0014462912948203183
50.7,44.39131025871308,-0.003065225442916715,0.0012928108493946917
50.800000000000004,44.391003736168784,-0.002935944357977244,0.0011938263710233655
50.900000000000006,44.39071014173299,-0.0028165617208749058,0.0011479364640127473
51.0,44.3904284855609,-0.0027017680744736376,0.00108345005556981
51.1,44.390158308753456,-0.002593423068916655,0.0011005712369733184
51.2,44.38989896644656,-0.0024833659452193216,0.001131284192305047
51.300000000000004,44.38965062985204,-0.0023702375259888153,0.0010890329715970073
51.400000000000006,44.38941360609944,-0.002261334228829113,0.0010122283914330637
51.5,44.38918747267656,-0.0021601113896858124,0.0009114171894307337
51.6,44.38897146153759,-0.0020689696707427378,0.0007650990689098505
51.7,44.388764564570515,-0.0019924597638517516,0.0006058016871875639
51.800000000000004,44.38856531859413,-0.0019318795951329944,0.00037571526874204456
51.900000000000006,44.388372130634615,-0.0018943080682587894,0.00010777590930793635
52.0,44.38818269982779,-0.0018835304773279964,-0.0001917914475210849
52.1,44.387994346780054,-0.0019027096220801051,-0.0004603053674485154
52.2,44.38780407581785,-0.0019487401588249573,-0.000666947482738193
52.300000000000004,44.387609201801965,-0.0020154349070987776,-0.0008125211152334841
52.400000000000006,44.387407658311254,-0.002096687018622127,-0.0009204476711432988
52.5,44.3871979896094,-0.0021887317857364518,-0.000918665578194958
52.6,44.38697911643082,-0.002280598343555949,-0.0009403541896818576
52.7,44.38675105659647,-0.002374633762524136,-0.000983715359646184
52.800000000000004,44.386513593220215,-0.0024730052984887558,-0.0009790681486639046
52.900000000000006,44.386266292690365,-0.0025709121133551476,-0.0009553240413834948
53.0,44.38600920147903,-0.0026664445174934917,-0.0009011551077702572
53.1,44.38574255702728,-0.0027565600282705187,-0.0008063256839776409
53.2,44.38546690102445,-0.002837192596668284,-0.0006426103747887101
53.300000000000004,44.38518318176479,-0.002901453634147156,-0.0005086860634684042
53.400000000000006,44.38489303640137,-0.002952322240493997,-0.00038394738679304127
53.5,44.384597804177325,-0.002990716979173299,-0.000275382980555149
53.6,44.3842987324794,-0.003018255277228814,-0.0001750501505075609
53.7,44.38399690695168,-0.0030357602922795705,2.5617516882227975e-06
53.800000000000004,44.383693330922455,-0.0030355041171107482,0.00020876350897882037
53.900000000000006,44.38338978051074,-0.003014627766212866,0.0003475894251358713
54.0,44.38308831773412,-0.0029798688236992808,0.0003754351748533369
54.1,44.38279033085175,-0.0029423253062139465,0.00042450643642266353
54.2,44.38249609832113,-0.0028998746625716796,0.000426538428416931
54.300000000000004,44.382206110854874,-0.002857220819729986,0.0003799687172375535
54.400000000000006,44.3819203887729,-0.00281922394800623,0.00032544936990824255
54.5,44.3816384663781,-0.0027866790110154076,0.0003040436797636459
54.6,44.381359798477,-0.0027562746430390426,0.0002803519801585336
54.7,44.381084171012695,-0.002728239445023189,0.00023815082048616207
54.800000000000004,44.38081134706819,-0.0027044243629745723,9.12982417911423e-05
54.900000000000006,44.38054090463189,-0.002695294538795458,-2.83960620980748e-05
55.0,44.38027137517801,-0.002698134145005265,-0.00012984885825601227
55.1,44.380001561763514,-0.0027111190308308666,-0.0002643461133102632
55.2,44.37973044986043,-0.0027375536421618933,-0.0003096789125405126
55.300000000000004,44.37945669449621,-0.002768521533415945,-0.000331106783008029
55.400000000000006,44.37917984234287,-0.0028016322117167484,-0.00035402160101804836
55.5,44.3788996791217,-0.002837034371818551,-0.0004134523686368859
55.6,44.37861597568452,-0.0028783796086822404,-0.0005708174426189745
55.7,44.37832813772365,-0.0029354613529441386,-0.0008242241794673331
55.800000000000004,44.37803459158836,-0.003017883770890873,-0.0010145822950024552
55.900000000000006,44.377732803211266,-0.00311934200039112,-0.0011474738693672368
56.0,44.37742086901123,-0.0032340893873278372,-0.0012679907109147501
56.1,44.3770974600725,-0.003360888458419314,-0.0013452728662629214
56.2,44.37676137122666,-0.003495415745045608,-0.0013495569289798488
56.300000000000004,44.37641182965215,-0.003630371437943595,-0.0012454759314682894
56.400000000000006,44.37604879250836,-0.0037549190310904256,-0.0010993243490649562
56.5,44.37567330060524,-0.003864851465996915,-0.0009137846584465238
56.6,44.375286815458644,-0.003956229931841569,-0.0008189010436306417
56.7,44.37489119246546,-0.004038120036204634,-0.0007496233911747222
56.800000000000004,44.374487380461844,-0.004113082375322107,-0.0006667690517400327
56.900000000000006,44.37407607222431,-0.0041797592804961115,-0.0006035630157982283
57.0,44.37365809629626,-0.004240115582075931,-0.0005190805900822794
57.1,44.37323408473805,-0.0042920236410841596,-0.0004742155129514923
57.2,44.37280488237394,-0.0043394451923793095,-0.0005091191360575353
57.300000000000004,44.372370937854704,-0.004390357105985064,-0.0005895682594396493
57.400000000000006,44.371931902144105,-0.0044493139319290295,-0.0006532445381732972
57.5,44.371486970750915,-0.0045146383857463555,-0.0006874042721351562
57.6,44.37103550691234,-0.004583378812959872,-0.0006883274104295737
57.7,44.370577169031044,-0.0046522115540028304,-0.0007272765032883735
57.800000000000004,44.37011194787564,-0.004724939204331669,-0.0007929092241579028
57.900000000000006,44.36963945395521,-0.00480423012674746,-0.0008515855641865655
58.0,44.369159030942534,-0.004889388683166112,-0.0008069997259449342
58.1,44.36867009207422,-0.0049700886557606065,-0.0007853079713989751
58.2,44.368173083208646,-0.005048619452900505,-0.000667448249265945
58.300000000000004,44.36766822126335,-0.005115364277827101,-0.0005480566812344012
58.400000000000006,44.36715668483557,-0.0051701699459505415,-0.00046407656299173944
58.5,44.36663966784097,-0.005216577602249713,-0.00043969521494380514
58.6,44.36611801008075,-0.005260547123744094,-0.0004723272333946873
58.7,44.36559195536837,-0.005307779847083563,-0.0005622146062188571
58.800000000000004,44.365061177383666,-0.00536400130770545,-0.000666014119254827
58.900000000000006,44.364524777252896,-0.0054306027196309335,-0.0007977712768193689
59.0,44.36398171698093,-0.005510379847312866,-0.0009424167010088241
59.1,44.3634306789962,-0.00560462151741375,-0.0011601443059273539
59.2,44.36287021684446,-0.005720635948006487,-0.0013562193431681886
59.300000000000004,44.36229815324966,-0.005856257882323307,-0.0015253019435491682
59.400000000000006,44.36171252746143,-0.006008788076678226,-0.0017658626036811587
59.5,44.36111164865376,-0.006185374337046332,-0.0020580925730975083
59.6,44.36049311122005,-0.006391183594356086,-0.0024005662579246714
59.7,44.35985399286062,-0.0066312402201485566,-0.0027155994263663784
59.800000000000004,44.3591908688386,-0.006902800162785198,-0.0030340586198556074
59.900000000000006,44.358500588822324,-0.007206206024770763,-0.003260697804841108
60.0,44.35777996821985,-0.007532275805254856,-0.003398529905336727
60.1,44.35702674063933,-0.007872128795788533,-0.0034777071409035206
60.2,44.35623952775975,-0.00821989950987889,-0.003490715160003272
60.300000000000004,44.355417537808755,-0.008568971025879222,-0.003479669000143219
60.400000000000006,44.35456064070617,-0.008916937925893549,-0.0034700810914048657
60.5,44.35366894691358,-0.009263946035034016,-0.0034680968922090284
60.6,44.352742552310076,-0.009610755724254924,-0.00350782664525977
60.7,44.35178147673765,-0.009961538388780906,-0.003590434985668683
60.800000000000004,44.35078532289877,-0.01032058188734778,-0.003724604130887799
60.900000000000006,44.34975326471004,-0.010693042300436564,-0.003873995441760267
61.0,44.348683960479995,-0.011080441844612569,-0.0039530201801235695
61.1,44.34757591629553,-0.011475743862624932,-0.003834088957234084
61.2,44.346428341909274,-0.011859152758348345,-0.003656057592228198
61.300000000000004,44.34524242663343,-0.01222475851757117,-0.0035305289055038835
61.400000000000006,44.34401995078168,-0.012577811408121564,-0.003417645838244141
61.5,44.342762169640864,-0.012919575991945959,-0.00329926800097235
61.6,44.34147021204167,-0.013249502792043198,-0.0031709625551389134
61.7,44.340145261762466,-0.013566599047557094,-0.0030913787807082794
61.800000000000004,44.338788601857715,-0.013875736925627926,-0.003017699175512966
61.900000000000006,44.33740102816515,-0.014177506843179227,-0.002878669881003986
62.0,44.33598327748083,-0.01446537383127961,-0.002704667512545413
62.1,44.334536740097704,-0.014735840582534155,-0.0024923521675385826
62.2,44.33306315603945,-0.014985075799288016,-0.0023670814904877555
62.300000000000004,44.33156464845952,-0.015221783948336795,-0.0022573297679579487
62.400000000000006,44.33004247006469,-0.015447516925132593,-0.002105987649942251
62.5,44.32849771837218,-0.015658115690126807,-0.001975855633600226
62.6,44.32693190680316,-0.015855701253486832,-0.001901595888628712
62.7,44.32534633667781,-0.016045860842349706,-0.001806838592498259
62.800000000000004,44.32374175059358,-0.016226544701599534,-0.0016767862660095373
62.900000000000006,44.322119096123416,-0.01639422332820049,-0.0015587553265568167
63.0,44.3204796737906,-0.016550098860856163,-0.0013707107277084892
63.1,44.318824663904515,-0.016687169933627014,-0.001136757563987794
63.2,44.31715594691115,-0.016800845690025795,-0.0009603340474726096
63.300000000000004,44.31547586234215,-0.016896879094773058,-0.0008070720370497466
63.400000000000006,44.31378617443267,-0.016977586298478033,-0.0006450976784367157
63.5,44.31208841580282,-0.0170420960663217,-0.00045423239498444033
63.6,44.31038420619619,-0.017087519305820146,-0.0002673908046207891
63.7,44.30867545426561,-0.017114258386282225,-0.0001045869457590497
63.800000000000004,44.30696402842698,-0.01712471708085813,5.021349923098257e-05
63.900000000000006,44.30525155671889,-0.017119695730935032,0.00021631345473450812
64.0,44.3035395871458,-0.017098064385461582,0.0003794921356654902
64.10000000000001,44.30182978070725,-0.01706011517189503,0.0005000521657278565
64.2,44.300123769190066,-0.017010109955322247,0.0005972817694998778
64.3,44.29842275819453,-0.016950381778372263,0.0007197058321003074
64.4,44.2967277200167,-0.016878411195162226,0.0007272630699749271
64.5,44.29503987889718,-0.016805684888164737,0.0006795813877490582
64.60000000000001,44.29335931040836,-0.016737726749389826,0.0006487864326860612
64.7,44.29168553773342,-0.016672848106121223,0.0006309707492807235
64.8,44.29001825292281,-0.016609751031193155,0.0006024794523878426
64.9,44.28835727781969,-0.016549503085954365,0.0006224116566204078
65.0,44.286702327511094,-0.016487261920292328,0.0006865013217151783
65.10000000000001,44.28505360131906,-0.016418611788120804,0.0008652646398127843
65.2,44.28341174014025,-0.01633208532413953,0.001075428582071282
65.3,44.28177853160784,-0.01622454246593241,0.0012684573206041578
65.4,44.28015607736125,-0.016097696733871982,0.001402921190031315
65.5,44.27854630768786,-0.01595740461486886,0.0015565605979785532
65.60000000000001,44.27695056722637,-0.01580174855507099,0.001648389838961862
65.7,44.27537039237087,-0.015636909571174813,0.0017779103154435022
65.8,44.27380670141375,-0.015459118539630473,0.0018501354163426107
65.9,44.27226078955979,-0.015274104997996196,0.0019090214745651419
66.0,44.27073337905998,-0.015083202850539693,0.001987933449537509
66.10000000000001,44.269225058774936,-0.014884409505585925,0.0020035851516864082
66.2,44.267736617824376,-0.014684050990417296,0.002168599287672419
66.3,44.26626821272533,-0.014467191061650066,0.002305814700470412
66.4,44.264821493619166,-0.014236609591603005,0.002480457386126267
66.5,44.263397832660004,-0.013988563852990393,0.0026782814793173894
66.60000000000001,44.26199897627471,-0.01372073570505863,0.0028996590775878534
66.7,44.2606269027042,-0.013430769797299862,0.0031065116054734515
66.8,44.259283825724474,-0.013120118636752534,0.003358140596296964
66.9,44.2579718138608,-0.01278430457712281,0.003589448065015716
67.0,44.25669338340308,-0.012425359770621258,0.003747327047583473
67.10000000000001,44.25545084742602,-0.012050627065862879,0.0038037029357482987
67.2,44.25424578471944,-0.01167025677228807,0.003787035640452914
67.3,44.253078759042204,-0.0112915532082428,0.0037147679433681543
67.4,44.251949603721386,-0.010920076413905954,0.003623241456352231
67.5,44.25085759607999,-0.010557752268270751,0.003437365310054957
67.60000000000001,44.249801820853165,-0.010214015737265226,0.0033112193471482284
67.7,44.24878041927944,-0.009882893802550422,0.0031576247620373745
67.8,44.24779212989918,-0.009567131326346703,0.0030011088984638725
67.9,44.24683541676655,-0.00926702043650029,0.0028596778741300853
68.0,44.2459087147229,-0.008981052649087298,0.0027525414562176802
68.10000000000001,44.24501060945799,-0.008705798503465506,0.0026748862104077893
68.2,44.24414002960764,-0.008438309882424742,0.0026046500612964597
68.3,44.243296198619404,-0.008177844876295111,0.0025234516015178107
68.4,44.242478414131774,-0.007925499716143309,0.0024151990423107524
68.5,44.24168586416016,-0.007683979811912247,0.0023194105042581414
68.60000000000001,44.24091746617896,-0.007452038761486413,0.002239217403413107
68.7,44.24017226230282,-0.007228117021145115,0.0021445228571864796
68.8,44.2394494506007,-0.0070136647354264794,0.0020274514447777077
68.9,44.23874808412716,-0.006810919590948691,0.001885528634278892
69.0,44.238066992168065,-0.006622366727520813,0.001811665952005279
69.10000000000001,44.23740475549531,-0.0064412001323202695,0.0017482087796092398
69.2,44.23676063548208,-0.0062663792543593555,0.0016514304915221554
69.3,44.23613399755664,-0.006101236205207149,0.0015766459009496558
69.4,44.235523873936124,-0.00594357161511217,0.001527998525047824
69.5,44.23492951677461,-0.005790771762607397,0.0014639992583978488
69.60000000000001,44.23435043959835,-0.005644371836767599,0.0014913676903116344
69.7,44.233786002414675,-0.005495235067736444,0.0015055020809674215
69.8,44.233236478907905,-0.005344684859639711,0.0014662184493867117
69.9,44.23270201042194,-0.005198063014701027,0.001385833445755091
70.0,44.23218220412047,-0.005059479670125526,0.0013127345800218694
70.10000000000001,44.231676256153456,-0.004928206212123328,0.0012591856205456547
70.2,44.231183435532245,-0.004802287650068769,0.0012230770469097171
70.3,44.23070320676724,-0.004679979945377805,0.0011338075508993723
70.4,44.2302352087727,-0.004566599190287858,0.0010520896861216768
70.5,44.22977854885367,-0.004461390221675696,0.001032571197579836
70.60000000000001,44.2293324098315,-0.004358133101917704,0.0010041191104029222
70.7,44.22889659652131,-0.004257721190877417,0.0010092823111811056
70.8,44.22847082440222,-0.004156792959759312,0.0009989990835000092
70.9,44.22805514510625,-0.004056893051409303,0.001090035271679291
71.0,44.22764945580111,-0.00394788952424138,0.0012555021061607147
71.10000000000001,44.22725466684868,-0.0038223393136252977,0.0013688657808635883
71.2,44.22687243291732,-0.0036854527355389467,0.0014902672863980977
71.3,44.226503887643766,-0.0035364260068991454,0.0016078742756675552
71.4,44.22615024504307,-0.003375638579332376,0.0017642588489707408
71.5,44.22581268118514,-0.003199212694435312,0.0019122991201473366
71.60000000000001,44.225492759915696,-0.003007982782420562,0.0021112599379892187
71.7,44.22519196163746,-0.0027968567886216523,0.002295034672249938
71.8,44.224912275958594,-0.0025673533213966715,0.0024571149016205146
71.9,44.22465554062646,-0.002321641831234599,0.0026025435197133723
72.0,44.22442337644333,-0.0020613874792632767,0.0026980807991396115
72.10000000000001,44.224217237695406,-0.0017915793993492925,0.0028652660333956894
72.2,44.22403807975547,-0.0015050527960097399,0.003052886522342316
72.3,44.22388757447587,-0.0011997641437755256,0.0032081426111095638
72.4,44.22376759806149,-0.0008789498826645419,0.0033228313022974007
72.5,44.22367970307322,-0.0005466667524348207,0.0033765445981227
72.60000000000001,44.22362503639798,-0.000209012292622522,0.003427801807798396
72.7,44.22360413516872,0.00013376788815729814,0.0034080676801473276
72.8,44.223617511957535,0.0004745746561720115,0.0034391060504906827
72.9,44.223664969423155,0.0008184852612211091,0.0034798271220583986
73.0,44.22374681794928,0.0011664679734269291,0.003524272651731294
73.10000000000001,44.223863464746614,0.0015188952386000886,0.0035851074866232488
73.2,44.22401535427048,0.001877405987262393,0.0036765730948601825
73.3,44.2242030948692,0.0022450632967483905,0.003779071254670132
73.4,44.224427601198876,0.002622970422215436,0.003909478611863298
73.5,44.2246898982411,0.0030139182834017435,0.003990020885588982
73.60000000000001,44.22499129006944,0.0034129203719606756,0.004012468222481497
73.7,44.22533258210664,0.0038141671942088025,0.003952377803840534
73.8,44.22571399882606,0.0042094049745928334,0.003919753683576635
73.9,44.226134939323515,0.00460138034295053,0.0038649325506711087
74.0,44.226595077357814,0.004987873598017619,0.0038447814077501915
74.10000000000001,44.22709386471762,0.005372351738792671,0.0038746495751523294
74.2,44.22763109989149,0.005759816696307882,0.003912692847158266
74.3,44.22820708156112,0.0061510859810236865,0.003958452596525241
74.4,44.22882219015923,0.006546931240676244,0.003951064330685116
74.5,44.22947688328329,0.0069420376737447335,0.003920823247243548
74.60000000000001,44.230171087050664,0.007334119998469122,0.003932978640418057
74.7,44.23090449905052,0.007727417862510905,0.003988939219299691
74.8,44.23167724083677,0.008126311784440851,0.004090963287696167
74.9,44.23248987201521,0.008535408113210503,0.004183012434420935
75.0,44.23334341282653,0.008953709356652573,0.00434657385535868
75.10000000000001,44.234238783762194,0.009388366742188478,0.004507350912198774
75.2,44.23517762043642,0.00983910183340833,0.004716488013983893
75.3,44.23616153061975,0.010310750634806692,0.004841385409566534
75.4,44.237192605683234,0.010794889175763387,0.004933873325260448
75.5,44.23827209460081,0.011288276508289403,0.005034247362623802
75.60000000000001,44.23940092225164,0.011791701244551827,0.0050832451746027985
75.7,44.2405800923761,0.012300025762012078,0.0050735967221835565
75.8,44.2418100949523,0.012807385434230404,0.0049958406365229685
75.9,44.24309083349572,0.013306969497882744,0.004965972877612125
76.0,44.24442153044551,0.013803566785643928,0.004950748727554748
76.10000000000001,44.245801887124074,0.014298641658399445,0.004919180399434958
76.2,44.24723175128992,0.014790559698342913,0.004800998766560801
76.3,44.24871080725975,0.015270659574998966,0.004681457406325272
76.4,44.250237873217245,0.015738805315631533,0.004597999650260369
76.5,44.25181175374881,0.016198605280657544,0.004505541366008924
76.60000000000001,44.25343161427688,0.016649159417258474,0.004363084376901033
76.7,44.2550965302186,0.017085467854948553,0.004203923583577056
76.80000000000001,44.256805077004095,0.017505860213306294,0.003995996164059391
76.9,44.258555663025426,0.01790545982971221,0.0037615462772219083
77.0,44.2603462090084,0.01828161445743438,0.003550068372706788
77.10000000000001,44.26217437045414,0.01863662129470509,0.003271986063038321
77.2,44.26403803258361,0.018963819901008903,0.0030142281943203726
77.30000000000001,44.265934414573714,0.019265242720440966,0.002783092286424377
77.4,44.26786093884576,0.019543551949083388,0.0025509872516855303
77.5,44.26981529404067,0.019798650674251926,0.002362845136310201
77.60000000000001,44.271795159108095,0.020034935187882966,0.0022766540212602092
77.7,44.27379865262688,0.020262600590008974,0.0022244580244048565
77.80000000000001,44.275824912685884,0.02048504639244948,0.0022369350653578487
77.9,44.277873417325125,0.02070873989898525,0.0021684063588589732
78.0,44.279944291315026,0.020925580534871136,0.0020382452426519894
78.10000000000001,44.28203684936851,0.021129405059136352,0.0018796039146909097
78.2,44.28414978987443,0.021317365450605433,0.0017774616717873778
78.30000000000001,44.28628152641949,0.021495111617784186,0.0017503824082246457
78.4,44.28843103758126,0.02167014985860664,0.0017760001201737982
78.5,44.29059805256713,0.02184774987062401,0.0018492657528462206
78.60000000000001,44.292782827554184,0.022032676445908648,0.001918171109287497
78.7,44.29498609519878,0.022224493556837387,0.0019380960435974328
78.80000000000001,44.297208544554465,0.022418303161197146,0.0019075699838751225
78.9,44.29945037487058,0.022609060159584648,0.0018731137421666387
79.0,44.301711280886536,0.0227963715338013,0.0018328340742907072
79.10000000000001,44.30399091803992,0.022979654941230387,0.0018826816754091038
79.2,44.306288883534044,0.023167923108771287,0.0018947131013960972
79.30000000000001,44.30860567584492,0.023357394418910913,0.001945517470769507
79.4,44.31094141528681,0.023551946165987853,0.0019634854246483664
79.5,44.31329660990341,0.023748294708452678,0.001965874884818057
79.60000000000001,44.315671439374256,0.0239448821969345,0.001912143376730448
79.7,44.31806592759395,0.024136096534607535,0.00182495061283974
79.80000000000001,44.32047953724741,0.024318591595891524,0.0017429221723519411
79.9,44.322911396407,0.02449288381312671,0.0016743304899706055
80.0,44.32536068478831,0.02466031686212376,0.0015859106970628582
80.10000000000001,44.327826716474526,0.02481890793183006,0.0014770540933187685
80.2,44.3303086072677,0.024966613341161927,0.0013228286844014971
80.30000000000001,44.332805268601824,0.025098896209602088,0.0010707906526270362
80.4,44.335315158222784,0.025205975274864786,0.0006847283926344386
80.5,44.33783575575027,0.025274448114128226,0.000321590873059795
80.60000000000001,44.34036320056168,0.025306607201434208,1.8819543368028507e-05
80.7,44.34289386128182,0.02530848915577101,-0.0003358712580641609
80.80000000000001,44.345424710197406,0.02527490202996459,-0.0006483251588714303
80.9,44.3479522004004,0.025210069514077452,-0.000895560982998848
81.0,44.350473207351804,0.025120513415777573,-0.0011521707846409077
81.10000000000001,44.35298525869339,0.025005296337313472,-0.001358882029906778
81.2,44.355485788327115,0.024869408134322802,-0.001504457147752842
81.30000000000001,44.35797272914055,0.024718962419547505,-0.0015769327892654749
81.4,44.360444625382506,0.024561269140620966,-0.0015677722360376279
81.5,44.36290075229657,0.024404491917017213,-0.0015121893083896055
81.60000000000001,44.36534120148827,0.02425327298617824,-0.0014876776991006534
81.7,44.36776652878689,0.024104505216268182,-0.0014502485356667426
81.80000000000001,44.37017697930851,0.023959480362701496,-0.0013973259099355722
81.9,44.372572927344784,0.023819747771707946,-0.001291963152183742
82.0,44.37495490212195,0.02369055145648958,-0.0011771053473242541
82.10000000000001,44.3773239572676,0.023572840921757144,-0.0010377368931590684
82.2,44.379681241359776,0.023469067232441243,-0.0009175074593428029
82.30000000000001,44.38202814808302,0.023377316486506955,-0.0008045200106270827
82.4,44.384365879731675,0.02329686448544425,-0.0006612638768540806
82.5,44.386695566180215,0.023230738097758847,-0.0004987316435838959
82.60000000000001,44.38901863998999,0.023180864933400453,-0.00035925943513750964
82.7,44.39133672648333,0.023144938989886704,-0.00030639992126838846
82.80000000000001,44.393651220382324,0.023114298997759863,-0.00029299836899558256
82.9,44.395962650282094,0.023084999160860306,-0.00027401361055468145
83.0,44.398271150198184,0.02305759779980484,-0.00019382571950164474
83.10000000000001,44.40057690997816,0.023038215227854673,-0.00013370001505864297
83.2,44.40288073150095,0.02302484522634881,-0.00012570031532126475
83.30000000000001,44.40518321602359,0.023012275194816682,-9.47430116472801e-05
83.4,44.40748444354307,0.023002800893651955,-6.764568223173142e-05
83.5,44.409784723632434,0.022996036325428782,-2.507838253298708e-05
83.60000000000001,44.41208432726497,0.022993528487175483,2.3419369531778255e-05
83.7,44.414383680113694,0.02299587042412866,6.74787187296353e-05
83.80000000000001,44.4166832671561,0.023002618296001625,0.0001061746146707098
83.9,44.418983528985706,0.023013235757468695,0.00019121280737986445
84.0,44.42128485256145,0.02303235703820668,0.0003095808129479571
84.10000000000001,44.42358808826527,0.02306331511950148,0.00043648395360681004
84.2,44.42589441977722,0.023106963514862158,0.0006323333828707286
84.30000000000001,44.42820511612871,0.023170196853149236,0.0008328275001197443
84.4,44.43052213581402,0.023253479603161206,0.0010540971052074967
84.5,44.43284748377434,0.02335888931368195,0.0012980747099713562
84.60000000000001,44.43518337270571,0.023488696784679096,0.001483024811824629
84.7,44.43753224238417,0.02363699926586155,0.0016616463352417718
84.80000000000001,44.43989594231076,0.02380316389938574,0.0017951291692591667
84.9,44.4422762587007,0.023982676816311648,0.001969449585832319
85.0,44.44467452638233,0.02417962177489487,0.0021192948476659377
85.10000000000001,44.44709248855982,0.02439155125966148,0.002330618965755524
85.2,44.44953164368579,0.02462461315623702,0.002526174526245865
85.30000000000001,44.45199410500141,0.024877230608861628,0.002707891313768315
85.4,44.4544818280623,0.025148019740238444,0.002884964999863561
85.5,44.45699663003632,0.025436516240224784,0.0030578967331737652
85.60000000000001,44.459540281660345,0.025742305913542186,0.0032676178338837455
85.7,44.462114512251695,0.026069067696930542,0.0034652836780014146
85.80000000000001,44.46472141902139,0.026415596064730713,0.0036395866570396855
85.9,44.46736297862786,0.02677955473043466,0.003765184871344889
86.0,44.47004093410091,0.02715607321756913,0.003799183179750062
86.10000000000001,44.47275654142266,0.027535991535544167,0.003778323902354295
86.2,44.47551014057622,0.027913823925779575,0.003755564674244343
86.30000000000001,44.4783015229688,0.02828938039320404,0.003724327943701731
86.4,44.481130461008114,0.028661813187574194,0.0036526597746105653
86.5,44.48399664232687,0.02902707916503523,0.0034696988143460656
86.60000000000001,44.48689935024338,0.029374049046469865,0.0032450935119169547
86.7,44.489836755148026,0.029698558397661542,0.0029979529265200754
86.80000000000001,44.49280661098779,0.029998353690313576,0.002710402546946941
86.9,44.49580644635682,0.030269393945008254,0.0023251525332540425
87.0,44.498833385751325,0.030501909198333645,0.0019068362660902669
87.10000000000001,44.501883576671155,0.030692592824942688,0.0015223494368190973
87.2,44.50495283595365,0.03084482776862459,0.0011768047152789544
87.30000000000001,44.508037318730516,0.030962508240152495,0.0008543997348274338
87.4,44.51113356955453,0.031047948213635233,0.0005967385041254206
87.5,44.51423836437589,0.031107622064047772,0.0003118993516558211
87.60000000000001,44.517349126582296,0.031138811999213357,8.840101046851487e-05
87.7,44.52046300778222,0.031147652100260208,-0.00014203767267079347
87.80000000000001,44.52357777299225,0.031133448332993127,-0.0004291965344300938
87.9,44.52669111782554,0.03109052867955012,-0.0006719993529063391
88.0,44.5298001706935,0.03102332874425949,-0.0008923207702492208
88.10000000000001,44.532902503567925,0.03093409666723456,-0.0010819676246939377
88.2,44.53599591323465,0.030825899904765173,-0.001191081521821939
88.30000000000001,44.53907850322513,0.03070679175258297,-0.0013189192225392166
88.4,44.54214918240038,0.030574899830329055,-0.0014961261190366507
88.5,44.545206672383415,0.030425287218425398,-0.0017282733525749144
88.60000000000001,44.54824920110526,0.030252459883167892,-0.0019789935555235712
88.7,44.551274447093576,0.030054560527615546,-0.0021628141763186423
88.80000000000001,44.55427990314634,0.029838279109983663,-0.0023214705171926905
88.9,44.55726373105733,0.029606132058264407,-0.0024586289870044695
89.0,44.56022434426316,0.029360269159563974,-0.002504470759587223
89.10000000000001,44.563160371179116,0.02910982208360523,-0.002549659376467935
89.2,44.56607135338748,0.028854856145958452,-0.002547764718774372
89.30000000000001,44.56895683900208,0.028600079674080993,-0.002498425845474352
89.4,44.57181684696948,0.028350237089533572,-0.0023541607709130726
89.5,44.57465187067844,0.028114821012442278,-0.002137105481274477
89.60000000000001,44.57746335277968,0.027901110464314812,-0.001856013254115005
89.7,44.58025346382611,0.027715509138903322,-0.0015513994862412987
89.80000000000001,44.58302501474,0.02756036919027918,-0.0012061047719717074
89.9,44.585781051659026,0.027439758713082015,-0.0008831974094830069
90.0,44.58852502753034,0.02735143897213372,-0.0005274748666103912
90.10000000000001,44.59126017142755,0.027298691485472676,-0.00014084259804478355
90.2,44.593990040576095,0.0272846072256682,0.00017500395007036157
90.30000000000001,44.59671850129867,0.027302107620675236,0.0004332064081497593
90.4,44.599448712060735,0.02734542826149021,0.000676042560950021
90.5,44.60218325488688,0.027413032517585208,0.0009210070093947343
90.60000000000001,44.60492455813864,0.02750513321852469,0.0012064704299693382
90.7,44.60767507146049,0.027625780261521616,0.0015185781197625283
90.80000000000001,44.61043764948664,0.02777763807349788,0.0018555832373778904
90.9,44.61321541329399,0.02796319639723566,0.002176757162686302
91.0,44.61601173293372,0.028180872113504278,0.002465240761156636
91.10000000000001,44.618829820145066,0.028427396189619963,0.002817809477321472
91.2,44.62167255976403,0.028709177137352094,0.0031648561264477773
91.30000000000001,44.624543477477765,0.0290256627499969,0.003479478501603208
91.4,44.62744604375276,0.0293736106001572,0.003766499273106765
91.5,44.63038340481278,0.029750260527467855,0.0040230525767461335
91.60000000000001,44.63335843086553,0.030152565785142502,0.00425392682576818
91.7,44.63637368744404,0.030577958467719296,0.004481283418658783
91.80000000000001,44.639431483290814,0.031026086809585213,0.004681549954730138
91.9,44.642534091971775,0.0314942418050582,0.004885183892620673
92.0,44.645683516152275,0.03198276019432024,0.0050488500996720975
92.10000000000001,44.64888179217171,0.03248764520428749,0.005204048706782279
92.2,44.652130556692136,0.03300805007496569,0.005339765748206371
92.30000000000001,44.655431361699634,0.03354202664978637,0.0054623523515391955
92.4,44.658785564364614,0.03408826188494026,0.0055244442999271785
92.5,44.66219439055311,0.03464070631493295,0.005548532671355937
92.60000000000001,44.6656584611846,0.03519555958206859,0.0055288930602256595
92.7,44.669178017142805,0.035748448888091124,0.005405943653040518
92.80000000000001,44.672752862031615,0.03628904325339522,0.005294762825622547
92.9,44.676381766356954,0.036818519535957446,0.005208782745768308
93.0,44.680063618310555,0.03733939781053425,0.005056814349147148
93.10000000000001,44.683797558091605,0.037845079245449005,0.004902418108437071
93.2,44.68758206601615,0.038335321056292684,0.004643477097137937
93.30000000000001,44.69141559812178,0.03879966876600652,0.004377652202769255
93.4,44.69529556499838,0.03923743398628342,0.00403815269646115
93.5,44.69921930839701,0.03964124925592951,0.0036809118125708303
93.60000000000001,44.7031834333226,0.040009340437186625,0.003415970849074676
93.7,44.707184367366324,0.04035093752209407,0.003178210849504044
93.80000000000001,44.71121946111853,0.040668758607044504,0.002920481075106451
93.9,44.71528633697923,0.04096080671455513,0.0026172966714678547
94.0,44.71938241765069,0.0412225363817019,0.002347249970564924
94.10000000000001,44.72350467128886,0.041457261378758416,0.002145753020430918
94.2,44.727650397426736,0.041671836680801495,0.001954208640046168
94.30000000000001,44.731817581094816,0.04186725754480613,0.0018174617915269259
94.4,44.736004306849296,0.04204900372395881,0.0016756499487567947
94.5,44.740209207221696,0.04221656871883448,0.0015731863457735297
94.60000000000001,44.74443086409357,0.04237388735341185,0.001541914247519348
94.7,44.74866825282892,0.04252807877816377,0.0015971326814653184
94.80000000000001,44.75292106070673,0.04268779204631032,0.0016339214924302138
94.9,44.75718983991136,0.04285118419555333,0.0016025172158850654
95.0,44.76147495833092,0.04301143591714183,0.0015404929759842913
95.10000000000001,44.76577610192263,0.04316548521474027,0.0014846298449403838
95.2,44.770092650444106,0.0433139481992343,0.0014288295015503663
95.30000000000001,44.774424045264034,0.04345683114938935,0.0013681136408182166
95.4,44.77876972837897,0.04359364251347116,0.0013261651695927667
95.5,44.78312909263032,0.04372625903043043,0.0012848729972500127
95.60000000000001,44.78750171853336,0.043854746330155445,0.0012275731358551982
95.7,44.791887193166374,0.04397750364374096,0.0011676912982904301
95.80000000000001,44.79628494353075,0.04409427277357001,0.0011074997231055807
95.9,44.80069437080811,0.04420502274588056,0.0010066840603005379
96.0,44.805114873082694,0.04430569115191061,0.0009060055117251974
96.10000000000001,44.80954544219789,0.04439629170308314,0.0007463358924890148
96.2,44.813985071368194,0.044470925292332035,0.0005486099209876337
96.30000000000001,44.81843216389743,0.0445257862844308,0.0002970795078851593
96.4,44.82288474252587,0.04455549423521932,7.985646071969231e-05
96.5,44.82734029194939,0.044563479881291286,-0.00014663065201910158
96.60000000000001,44.83179663993752,0.044548816816089375,-0.0003136131461121445
96.7,44.83625152161913,0.04451745550147816,-0.0005614649920012086
96.80000000000001,44.84070326716928,0.044461309002278036,-0.0008087599657577204
96.9,44.84514939806951,0.04438043300570227,-0.0010321950278513352
97.0,44.849587441370076,0.04427721350291714,-0.0011917143181162614
97.10000000000001,44.85401516272037,0.044158042071105505,-0.001305313916298572
97.2,44.85843096692748,0.044027510679475655,-0.0013893977956647356
97.30000000000001,44.86283371799543,0.04388857089990917,-0.001545764676498478
97.4,44.86722257508542,0.04373399443225933,-0.0016817261711464789
97.5,44.871595974528645,0.04356582181514469,-0.0017772361000933806
97.60000000000001,44.87595255671016,0.04338809820513534,-0.0018806012971371952
97.7,44.88029136653067,0.04320003807542163,-0.001982360094820346
97.80000000000001,44.88461137033821,0.04300180206593958,-0.002057406279164695
97.9,44.888911550544805,0.04279606143802312,-0.002100709691100608
98.0,44.89319115668861,0.04258599046891307,-0.002149788167528321
98.10000000000001,44.8974497557355,0.04237101165216022,-0.0021402539802476386
98.2,44.90168685690072,0.04215698625413547,-0.002165492262368336
98.30000000000001,44.90590255552613,0.04194043702789862,-0.00212376207680746
98.4,44.91009659922892,0.041728060820217884,-0.002092836216402557
98.5,44.91426940531094,0.04151877719857764,-0.002129296737939128
98.60000000000001,44.9184212830308,0.04130584752478371,-0.0021948778702839677
98.7,44.92255186778328,0.041086359737755325,-0.00221443753867826
98.80000000000001,44.926660503757056,0.04086491598388748,-0.0022071989213906383
98.9,44.93074699535544,0.04064419609174843,-0.0021447781293329996
99.0,44.93481141496462,0.04042971827881514,-0.00202466762308274
99.10000000000001,44.9388543867925,0.04022725151650685,-0.0018882307764286584
99.2,44.94287711194415,0.040038428438863995,-0.0017197522414846072
99.30000000000001,44.946880954788035,0.03986645321471552,-0.0016336648108407582
99.4,44.95086760010951,0.03970308673363145,-0.001520931365109352
99.5,44.95483790878287,0.039550993597120526,-0.0013643883738413912
99.60000000000001,44.958793008142585,0.039414554759736375,-0.001155061876457055
99.7,44.96273446361856,0.03929904857209068,-0.0009458056269356111
99.80000000000001,44.96666436847577,0.03920446800939711,-0.000710744839842638
99.9,44.97058481527671,0.03913339352541285,-0.0004939716982795276
100.0,44.974498154629245,0.0390839963555849,-0.00024106223698033168
100.10000000000001,44.97840655426481,0.03905989013188686,5.21199094761395e-05
100.2,44.98231254327799,0.039065102122834476,0.0003509941568536879
100.30000000000001,44.98621905349028,0.03910020153851985,0.0006130901780634566
100.4,44.99012907364413,0.03916151055632619,0.0008343880768136915
100.5,44.99404522469976,0.039244949364007554,0.0010769354266690122
100.60000000000001,44.99796971963616,0.039352642906674465,0.0012208646672282747
100.7,45.00190498392683,0.039474729373397285,0.0013067430167195827
100.80000000000001,45.00585245686417,0.039605403675069255,0.0014295371087837247
100.9,45.00981299723168,0.03974835738594762,0.0015490388581558732
101.0,45.01378783297027,0.0399032612717632,0.0016850593536700492
101.10000000000001,45.017778159097446,0.04007176720713022,0.0018678855808578984
101.2,45.02178533581816,0.040258555765215996,0.0020782964705049925
101.30000000000001,45.02581119139468,0.04046638541226651,0.0023196554870103595
101.4,45.02985782993591,0.040698350960967536,0.002570372868410047
101.5,45.033927665032,0.040955388247808526,0.0027740502396731976
101.60000000000001,45.03802320385679,0.04123279327177587,0.0029346124239211795
101.7,45.04214648318396,0.04152625451416797,0.0030952640786354037
101.80000000000001,45.04629910863538,0.04183578092203154,0.0032594428577789373
101.9,45.050482686727584,0.04216172520780941,0.0034222906189160106
102.0,45.05469885924837,0.042503954269700994,0.0035884535278940246
102.10000000000001,45.05894925467533,0.04286279962249043,0.003787415735680706
102.2,45.063235534637585,0.043241541196058476,0.004031991515119768
102.30000000000001,45.06755968875719,0.04364474034757049,0.0042989090387802
102.4,45.071924162791944,0.04407463125144848,0.004527506396653621
102.5,45.07633162591709,0.04452738189111382,0.004735834108444843
102.60000000000001,45.0807843641062,0.045000965301958344,0.004970465481832295
102.7,45.0852844606364,0.045498011850141545,0.005090125576773085
102.80000000000001,45.089834261821416,0.0460070244078189,0.005242068112166161
102.9,45.0944349642622,0.046531231219035483,0.005404954510838141
103.0,45.0990880873841,0.04707172667011927,0.005557328793141884
103.10000000000001,45.103795260051115,0.0476274595494335,0.0056836944200767715
103.2,45.10855800600606,0.04819582899144115,0.00586537676685031
103.30000000000001,45.1133775889052,0.04878236666812623,0.006001378418595404
103.4,45.118255825572014,0.049382504509985735,0.006136492401860734
103.5,45.12319407602301,0.04999615375017177,0.006302959655670546
103.60000000000001,45.128193691398025,0.05062644971573888,0.006517451092402672
103.7,45.1332563363696,0.05127819482497911,0.006773207249900817
103.80000000000001,45.1383841558521,0.05195551554996925,0.007035224818212391
103.9,45.1435797074071,0.05265903803179045,0.007288370774553089
104.0,45.14884561121028,0.05338787510924572,0.007499008142751367
104.10000000000001,45.1541843987212,0.05413777592352092,0.007585114968799656
104.2,45.15959817631355,0.05489628742040084,0.007563612438500671
104.30000000000001,45.16508780505559,0.05565264866425097,0.007416995999737363
104.4,45.17065306992202,0.05639434826422467,0.0072351039839445245
104.5,45.17629250474844,0.05711785866261908,0.007024577668159571
104.60000000000001,45.1820042906147,0.057820316429435095,0.006803125236912911
104.7,45.187786322257644,0.05850062895312635,0.0065596478707399776
104.80000000000001,45.193636385152956,0.0591565937402004,0.006348037275688431
104.9,45.199552044526975,0.05979139746776921,0.006208452591084593
105.0,45.20553118427375,0.06041224272687763,0.0061532126322187295
105.10000000000001,45.211572408546445,0.06102756399009956,0.006133459687745412
105.2,45.217675164945454,0.061640909958874064,0.006073924472313512
105.30000000000001,45.22383925594134,0.06224830240610547,0.005958046449090057
105.4,45.23006408618195,0.06284410705101444,0.005929970104627595
105.5,45.236348496887054,0.06343710406147716,0.005939697345040872
105.60000000000001,45.2426922072932,0.0640310737959813,0.006030268934092346
105.7,45.2490953146728,0.0646341006893905,0.006083032312109335
105.80000000000001,45.25555872474174,0.06524240392060149,0.0060652419669333215
105.9,45.2620829651338,0.06584892811729479,0.0060709062110773215
106.0,45.26866785794552,0.06645601873840248,0.006084753128559365
106.10000000000001,45.275313459819365,0.06706449405125847,0.0059578672071857516
106.2,45.282019909224495,0.06766028077197701,0.005779990084518662
106.30000000000001,45.28878593730169,0.06823827978042893,0.0055679985560424085
106.4,45.295609765279735,0.06879507963603314,0.005360506169745537
106.5,45.30248927324334,0.06933113025300766,0.005122233650860071
106.60000000000001,45.309422386268636,0.06984335361809371,0.004888733883893215
106.7,45.31640672163044,0.070332227006483,0.004703887427236085
106.80000000000001,45.32343994433109,0.07080261574920665,0.004620427306264704
106.9,45.33052020590601,0.0712646584798331,0.004589760983973579
107.0,45.337646671754,0.07172363457823043,0.004510749254840911
107.10000000000001,45.34481903521182,0.07217470950371456,0.004357472206780564
107.2,45.35203650616219,0.07261045672439259,0.004151890927337816
107.30000000000001,45.35929755183463,0.07302564581712641,0.003988088605410227
107.4,45.36660011641634,0.07342445467766741,0.0038785836596310613
107.5,45.373942561884114,0.07381231304363049,0.0037666874031210946
107.60000000000001,45.38132379318847,0.07418898178394263,0.003654406966167103
107.7,45.38874269136687,0.07455442248055932,0.0034752007104815554
107.80000000000001,45.396198133614924,0.07490194255160751,0.0032998182248282983
107.9,45.403688327870086,0.07523192437409032,0.003233476411656267
108.0,45.411211520307496,0.07555527201525593,0.003152210548198484
108.10000000000001,45.41876704750902,0.0758704930700758,0.0030321843168328367
108.2,45.42635409681603,0.07617371150175907,0.002976424482547975
108.30000000000001,45.4339714679662,0.07647135395001389,0.0028919406895131206
108.4,45.441618603361206,0.07676054801896519,0.0028318088960272102
108.5,45.449294658163105,0.0770437289085679,0.0027468623054283537
108.60000000000001,45.45699903105396,0.07731841513911075,0.0027061060785743703
108.7,45.46473087256787,0.07758902574696817,0.0026835472265940782
108.80000000000001,45.47248977514257,0.0778573804696276,0.0026366914153072686
108.9,45.48027551318953,0.07812104961115832,0.002560941441098759
109.0,45.488087618150644,0.07837714375526818,0.0024321843544634217
109.10000000000001,45.49592533252617,0.07862036219071454,0.0022893327549661138
109.2,45.50378736874524,0.07884929546621114,0.0021699821155859536
109.30000000000001,45.51167229829186,0.07906629367776975,0.0020060169464229424
109.4,45.519578927659644,0.07926689537241204,0.0018591120544346142
109.5,45.52750561719688,0.07945280657785549,0.0017284920023181907
109.60000000000001,45.535450897854666,0.07962565577808732,0.0016093253407111845
109.7,45.54341346343248,0.07978658831215843,0.001547039576280669
109.80000000000001,45.55139212226369,0.07994129226978651,0.001517556123061484
109.9,45.55938625149067,0.08009304788209265,0.001524582197875244
110.0,45.56739555627888,0.08024550610188017,0.0015798686731215191
110.10000000000001,45.57542010688907,0.08040349296919233,0.0016822697167781077
110.2,45.58346045618599,0.08057171994087013,0.0017733124696288226
110.30000000000001,45.59151762818008,0.08074905118783303,0.001829148415223407
110.4,45.59959253329886,0.08093196602935536,0.0018910406578761772
110.5,45.607685729901796,0.08112107009514297,0.0019212524850288377
110.60000000000001,45.615797836911305,0.08131319534364587,0.001917107857751064
110.7,45.62392915644567,0.08150490612942096,0.001882613144052448
110.80000000000001,45.63207964705862,0.08169316744382622,0.0017912732172866894
110.9,45.640248963802996,0.08187229476555488,0.0016993176084506144
111.0,45.64843619327955,0.08204222652639993,0.001648417145497653
111.10000000000001,45.656640415932195,0.08220706824094971,0.001568541281195496
111.2,45.664861122756285,0.08236392236906925,0.0014642638582247763
111.30000000000001,45.673097514993195,0.08251034875489174,0.0012936669955902105
111.4,45.68134854986869,0.08263971545445076,0.0011349351345139127
111.5,45.689612521414126,0.08275320896790214,0.001028986601085603
111.60000000000001,45.69788784231092,0.08285610762801071,0.0008979612452875663
111.7,45.70617345307372,0.08294590375253946,0.0008327671036401763
111.80000000000001,45.714468043448974,0.08302918046290349,0.0007385450117721324
111.9,45.722770961495264,0.0831030349640807,0.0006709242595136604
112.0,45.73108126499167,0.08317012739003206,0.0006268319913146379
112.10000000000001,45.73939827773068,0.08323281058916353,0.000615674509751481
112.2,45.74772155878959,0.08329437804013867,0.0006829280461429749
112.30000000000001,45.75605099659361,0.08336267084475298,0.0008098984563158679
112.4,45.76438726367808,0.08344366069038456,0.0008976888418290263
112.5,45.77273162974712,0.08353342957456746,0.000848457100940042
112.60000000000001,45.781084972704576,0.08361827528466147,0.0008180421355856914
112.7,45.789446800233044,0.08370007949822003,0.0008228613633522861
112.80000000000001,45.797816808182866,0.08378236563455527,0.0008779561592938355
112.9,45.80619504474632,0.08387016125048465,0.0008701255858219676
113.0,45.814582060871366,0.08395717380906684,0.0007820694897286317
113.10000000000001,45.82297777825227,0.08403538075803971,0.000714626500217987
113.2,45.83138131632808,0.0841068434080615,0.000631153151844312
113.30000000000001,45.839792000668886,0.08416995872324594,0.000524009796032706
113.4,45.84820899654121,0.0842223597028492,0.00045480319819521197
113.5,45.856631232511496,0.08426784002266872,0.00036362414151360997
113.60000000000001,45.865058016513764,0.08430420243682009,0.0002822388054320329
113.7,45.87348843675744,0.08433242631736329,0.00015887303458721224
113.80000000000001,45.88192167938918,0.08434831362082201,-9.931022391177501e-05
113.9,45.89035651075126,0.08433838259843084,-0.00039333921933048534
114.0,45.89879034901111,0.08429904867649779,-0.0006494544763118727
114.10000000000001,45.907220253878755,0.0842341032288666,-0.0009256978870072178
114.2,45.91564366420164,0.08414153344016588,-0.0012107874231358584
114.30000000000001,45.92405781754566,0.08402045469785228,-0.0015095221114277439
114.4,45.932459863015445,0.08386950248670952,-0.0017781592892899723
114.5,45.940846813264116,0.08369168655778053,-0.002038706370603403
114.60000000000001,45.94921598191989,0.08348781592072017,-0.0022774761925829687
114.7,45.95756476351197,0.08326006830146189,-0.0025558516156700445
114.80000000000001,45.965890770342114,0.08300448313989486,-0.0028354647160591887
114.9,45.9741912186561,0.08272093666828896,-0.0031011324835249583
115.0,45.98246331232293,0.08241082341993648,-0.003334966142254224
115.10000000000001,45.990704394664924,0.08207732680571103,-0.0034945106896409105
115.2,45.99891212734549,0.08172787573674696,-0.003622214777495133
115.30000000000001,46.00708491491917,0.08136565425899742,-0.0037498422608767865
115.4,46.01522148034507,0.08099067003290976,-0.0039048846115515845
115.5,46.02332054734836,0.08060018157175462,-0.004042126431684989
115.60000000000001,46.031380565505536,0.08019596892858609,-0.004143627782304912
115.7,46.039400162398394,0.07978160615035562,-0.004242299666594922
115.80000000000001,46.047378323013426,0.0793573761836961,-0.004328412487475227
115.9,46.0553140606318,0.0789245349349486,-0.004419687690373321
116.0,46.06320651412529,0.07848256616591129,-0.0045149195313117264
116.10000000000001,46.07105477074188,0.07803107421278008,-0.004646092626856266
116.2,46.07885787816316,0.07756646495009448,-0.004827430912936336
116.30000000000001,46.086614524658174,0.0770837218588008,-0.0049340181110521545
116.4,46.094322896844055,0.07659032004769561,-0.005046802255029302
116.5,46.10198192884882,0.07608563982219271,-0.005145983341123239
116.60000000000001,46.10959049283104,0.07557104148808035,-0.00521911458484863
116.7,46.11714759697985,0.07504913002959551,-0.005230953204920339
116.80000000000001,46.12465250998281,0.07452603470910343,-0.00525234293952586
116.9,46.13210511345372,0.07400080041515088,-0.005257139724524234
117.0,46.13950519349523,0.07347508644269848,-0.005345674350817163
117.10000000000001,46.146852702139505,0.07294051900761672,-0.00543106687952297
117.2,46.15414675404026,0.07239741231966446,-0.005507575818519769
117.30000000000001,46.16138649527223,0.07184665473781243,-0.0055582697169368304
117.4,46.16857116074601,0.07129082776611878,-0.005570988941810307
117.5,46.17570024352263,0.07073372887193778,-0.005576557587721544
117.60000000000001,46.18277361640982,0.07017607311316558,-0.005605904187474433
117.7,46.18979122372114,0.06961548269441817,-0.005655597327822243
117.80000000000001,46.196752771990575,0.0690499229616359,-0.005661266497961104
117.9,46.20365776428674,0.06848379631183982,-0.005701944301839448
118.0,46.210506143917925,0.0679136018816559,-0.005797722753198764
118.10000000000001,46.21729750410609,0.06733382960633598,-0.005815485943726687
118.2,46.224030887066725,0.06675228101196334,-0.0058146366542782026
118.30000000000001,46.23070611516792,0.06617081734653547,-0.005761388737303886
118.4,46.23732319690257,0.06559467847280512,-0.005629804302515932
118.5,46.243882664749854,0.06503169804255356,-0.005490267057361529
118.60000000000001,46.25038583455411,0.06448267133681736,-0.005395467101078246
118.7,46.256834101687794,0.06394312462670956,-0.005289414123593426
118.80000000000001,46.26322841415046,0.06341418321435018,-0.00522673481870408
118.9,46.269569832471895,0.0628915097324798,-0.00509272063318114
119.0,46.27585898344515,0.06238223766916171,-0.004934174280396826
119.10000000000001,46.28209720721206,0.06188882024112199,-0.004780829124870483
119.2,46.28828608923617,0.061410737328634966,-0.004630950304050454
119.30000000000001,46.294427162969036,0.06094764229822988,-0.0045691163727370155
119.4,46.30052192719886,0.060490730660956206,-0.004454657954654401
119.5,46.30657100026495,0.06004526486549079,-0.004350389311665915
119.60000000000001,46.3125755267515,0.05961022593432416,-0.004236819230900265
119.7,46.318536549344934,0.05918654401123416,-0.004071559588508314
119.80000000000001,46.32445520374606,0.058779388052383294,-0.003958424710212935
119.9,46.3303331425513,0.05838354558136202,-0.004021829161732861
120.0,46.33617149710943,0.05798136266518876,-0.004213837075022127
120.10000000000001,46.34196963337595,0.05755997895768651,-0.004453969224066354
120.2,46.34772563127172,0.0571145820352799,-0.004615314621172784
120.30000000000001,46.35343708947525,0.05665305057316258,-0.004625501154872077
120.4,46.35910239453257,0.0561905004576754,-0.004604482783864048
120.5,46.364721444578336,0.05573005217928902,-0.004604186324267979
120.60000000000001,46.37029444979626,0.055269633546862186,-0.004616686920512466
120.7,46.37582141315095,0.054807964854810966,-0.004627470477001857
120.80000000000001,46.38130220963643,0.05434521780711074,-0.004548950589681517
120.9,46.386736731417145,0.053890322748142615,-0.004376645618890298
121.0,46.39212576369196,0.05345265818625361,-0.004183453064403588
121.10000000000001,46.397471029510584,0.053034312879813215,-0.003995768338642769
121.2,46.40277446079856,0.05263473604594896,-0.003819640658108713
121.30000000000001,46.40803793440316,0.05225277198013806,-0.0036255569754833883
121.4,46.41326321160117,0.05189021628258974,-0.0035335420928816956
121.5,46.41845223322943,0.05153686207330159,-0.0034869340659036763
121.60000000000001,46.42360591943676,0.05118816866671119,-0.0034288308362624563
121.7,46.42872473630343,0.050845285583084966,-0.0033328183026914223
121.80000000000001,46.43380926486174,0.050512003752815796,-0.00324188818796101
121.9,46.43886046523702,0.05018781493401971,-0.0030923747367299034
122.0,46.443879246730425,0.04987857746034674,-0.0028498096489288152
122.10000000000001,46.448867104476456,0.049593596495453834,-0.0025351732003459134
122.2,46.453826464126,0.04934007917541926,-0.0022061221690193094
122.30000000000001,46.458760472043544,0.04911946695851731,-0.002025657761242754
122.4,46.4636724187394,0.048916901182393044,-0.0019443217486898585
122.5,46.468564108857635,0.04872246900752407,-0.0018611440916853845
122.60000000000001,46.47343635575839,0.048536354598355515,-0.0017244130001708583
122.7,46.478289991218226,0.04836391329833844,-0.001620633769557276
122.80000000000001,46.48312638254806,0.0482018499213827,-0.0014628570029896202
122.9,46.4879465675402,0.048055564221083744,-0.0013441739262871275
123.0,46.492752123962305,0.04792114682845504,-0.0011818775824815433
123.10000000000001,46.49754423864515,0.047802959070206874,-0.0009987058759842195
123.2,46.50232453455217,0.04770308848260846,-0.0008633873877218714
123.30000000000001,46.50709484340043,0.04761674974383626,-0.0007576979213019544
123.4,46.51185651837481,0.04754097995170607,-0.0005830090341692516
123.5,46.51661061636999,0.04748267904828915,-0.0005080086236487324
123.60000000000001,46.52135888427482,0.04743187818592427,-0.0005593384567944044
123.7,46.52610207209341,0.047375944340244835,-0.0006514571172329536
123.80000000000001,46.530839666527434,0.047310798628521535,-0.0007690225602579197
123.9,46.535570746390285,0.04723389637249575,-0.0009108352416073958
124.0,46.54029413602753,0.04714281284833501,-0.0010196650181537416
124.10000000000001,46.54500841731237,0.04704084634651963,-0.0011496036255916706
124.2,46.54971250194702,0.04692588598396047,-0.0012651910926535536
124.30000000000001,46.554405090545416,0.0467993668746951,-0.001338371983945284
124.4,46.55908502723288,0.04666552967630058,-0.001477926412375375
124.5,46.56375158020052,0.04651773703506305,-0.0016470665373490689
124.60000000000001,46.568403353904024,0.04635303038132813,-0.0017609867016559924
124.7,46.57303865694215,0.04617693171116254,-0.0018989923998574455
124.80000000000001,46.57765635011327,0.04598703247117678,-0.002063531810273778
124.9,46.582255053360385,0.045780679290149416,-0.0021632737796888606
125.0,46.5868331212894,0.04556435191218054,-0.0022180410874688052
125.10000000000001,46.59138955648062,0.04534254780343364,-0.002289853099398378
125.2,46.59592381126097,0.04511356249349382,-0.002387583729917269
125.30000000000001,46.60043516751031,0.04487480412050207,-0.0025339080516320663
125.4,46.604922647922365,0.04462141331533888,-0.0026990961523720167
125.5,46.609384789253895,0.04435150370010169,-0.0028067542184697196
125.60000000000001,46.61381993962391,0.044070828278254696,-0.0029043179112811083
125.7,46.618227022451734,0.0437803964871266,-0.0030147712482335646
125.80000000000001,46.62260506210045,0.04347891936230322,-0.0030389998631423836
125.9,46.626952954036675,0.043175019375989,-0.003076777095436281
126.0,46.631270455974274,0.04286734166644539,-0.003091643992886528
126.10000000000001,46.63555719014092,0.04255817726715671,-0.00306926204019422
126.2,46.63981300786764,0.042251251063137304,-0.0030694163746976416
126.30000000000001,46.64403813297395,0.041944309425667514,-0.003115278606144852
126.4,46.648232563916515,0.04163278156505305,-0.003126661578533624
126.5,46.65239584207302,0.0413201154071997,-0.003088784404037551
126.60000000000001,46.65652785361374,0.04101123696679592,-0.003071258156040238
126.7,46.660628977310424,0.040704111151191914,-0.002999289531879731
126.80000000000001,46.66469938842554,0.040404182198003916,-0.0028906590049343046
126.9,46.66873980664534,0.0401151162975105,-0.0027778554177537215
127.0,46.67275131827509,0.039837330755735145,-0.0026383537941091465
127.10000000000001,46.67673505135067,0.03957349537632421,-0.002548744552953528
127.2,46.6806924008883,0.03931862092102887,-0.0024740753682219565
127.30000000000001,46.6846242629804,0.03907121338420665,-0.0024056153360844912
127.4,46.68853138431882,0.03883065185059822,-0.0023549326729951172
127.5,46.69241444950388,0.03859515858329872,-0.002232429049687738
127.60000000000001,46.69627396536221,0.038371915678329926,-0.0021043210383900144
127.7,46.70011115693004,0.03816148357449094,-0.0020779456728875797
127.80000000000001,46.70392730528749,0.03795368900720216,-0.0020398391073975
127.9,46.70772267418821,0.03774970509646242,-0.001997731324591248
128.0,46.71149764469786,0.03754993196400331,-0.0019483464448185187
128.1,46.71525263789426,0.03735509731952147,-0.001845268422910395
128.20000000000002,46.71898814762621,0.03717057047723039,-0.0016999774476898345
128.3,46.722705204673936,0.03700057273246141,-0.001428513351826669
128.4,46.72640526194718,0.036857721397278755,-0.0011192132785867112
128.5,46.73009103408691,0.03674580006942009,-0.0008216094040275119
128.6,46.73376561409385,0.03666363912901734,-0.0005800142060184768
128.70000000000002,46.737431978006754,0.03660563770841548,-0.00039066171741412305
128.8,46.7410925417776,0.03656657153667407,-0.00018989657577906906
128.9,46.74474919893126,0.036547581879096167,6.382720130413218e-06
129.0,46.74840395711917,0.03654822015110921,0.00017193267269969705
129.1,46.75205877913428,0.036565413418379177,0.0003465965065663118
129.20000000000002,46.75571532047612,0.036600073069035816,0.0005816632842381067
129.3,46.759375327783026,0.03665823939745962,0.0009145599128510504
129.4,46.76304115172277,0.03674969538874472,0.0011740267988150756
129.5,46.766716121261645,0.036867098068626224,0.0014520694955518075
129.6,46.77040283106851,0.037012305018181396,0.0016946372601997805
129.70000000000002,46.77410406157033,0.03718176874420141,0.0018219769819398028
129.8,46.77782223844474,0.03736396644239538,0.0019099932166147641
129.9,46.781558635088984,0.03755496576405685,0.0020495736396363346
130.0,46.78531413166539,0.03775992312802047,0.0022232297539616238
130.1,46.78909012397819,0.03798224610341662,0.0023710907660177438
130.20000000000002,46.792888348588534,0.03821935518001845,0.0025380463167748502
130.3,46.79671028410654,0.03847315981169592,0.0027362540524027315
130.4,46.80055760008771,0.038746785216936176,0.003016886685944691
130.5,46.8044322786094,0.03904847388553063,0.0032975134973371525
130.6,46.80833712599795,0.039378225235264325,0.0035563952314342467
130.70000000000002,46.81227494852148,0.03973386475840783,0.0037577640458292456
130.8,46.81624833499732,0.04010964116299073,0.0038730984720344985
130.9,46.820259299113616,0.04049695101019416,0.0038572232381688222
131.0,46.82430899421464,0.04088267333401102,0.003830735065411965
131.1,46.82839726154804,0.041265746840552196,0.0038162123040327493
131.20000000000002,46.83252383623209,0.04164736807095556,0.0037473796261632045
131.3,46.83668857303919,0.04202210603357186,0.003686638753780462
131.4,46.84089078364255,0.04239076990894988,0.003598335641477598
131.5,46.84512986063344,0.04275060347309762,0.0034860966595358267
131.6,46.84940492098075,0.043099213139051185,0.003318031564429483
131.70000000000002,46.85371484229466,0.04343101629549421,0.0031316106316133354
131.8,46.85805794392421,0.043744177358655524,0.0029364972971216157
131.9,46.86243236166007,0.04403782708836767,0.002695484039670779
132.0,46.86683614436891,0.04430737549233473,0.002496264815626609
132.1,46.87126688191814,0.04455700197389738,0.0023242351697441974
132.20000000000002,46.87572258211553,0.04478942549087185,0.002215716131181212
132.3,46.88020152466462,0.04501099710398996,0.0021809866102558686
132.4,46.88470262437502,0.045229095765015534,0.0021312244282816434
132.5,46.88922553395152,0.045442218207843686,0.002060341090652346
132.6,46.893769755772304,0.04564825231690891,0.0019485248554105838
132.70000000000002,46.89833458100399,0.04584310480245001,0.0017800706276169572
132.8,46.90291889148424,0.0460211118652117,0.0016498982933382362
132.9,46.90752100267076,0.04618610169454551,0.0015828459858948025
133.0,46.912139612840214,0.04634438629313498,0.001551349653294653
133.1,46.91677405146953,0.04649952125846444,0.0015511722411218978
133.20000000000002,46.92142400359538,0.046654638482576664,0.0015455939626903882
133.3,46.92608946744363,0.046809197878845694,0.0014930822269819553
133.4,46.93077038723152,0.04695850610154388,0.0014402690836219077
133.5,46.93546623784167,0.047102533009906064,0.0013716977870470524
133.6,46.940176491142665,0.04723970278861076,0.0012587614362932677
133.70000000000002,46.944900461421526,0.04736557893224012,0.0011189369377682193
133.8,46.94963701931475,0.04747747262601693,0.0009820385564956876
133.9,46.95438476657735,0.047575676481666496,0.0008263154469748594
134.0,46.95914233422552,0.04765830802636398,0.0006533904273868196
134.1,46.96390816502815,0.047723647069102655,0.0004306519940041879
134.20000000000002,46.96868052973506,0.047766712268503084,0.00017286212646156913
134.3,46.97345720096191,0.04778399848114924,-4.084633298061479e-05
134.4,46.97823560081003,0.04777991384785118,-0.00027777139187239365
134.5,46.983013592194816,0.04775213670866394,-0.0005013392478616798
134.6,46.98778880586568,0.047702002783877775,-0.0007702151749163275
134.70000000000002,46.99255900614407,0.047624981266386125,-0.0010145474634039886
134.8,46.99732150427071,0.04752352652004573,-0.0012667907929458265
134.9,47.002073856922706,0.04739684744075116,-0.0014727693324350648
135.0,47.00681354166679,0.04724957050750766,-0.0017158192949484207
135.1,47.011538498717535,0.047077988578012826,-0.0019049091680861496
135.20000000000002,47.016246297575336,0.04688749766120417,-0.002104577426069088
135.3,47.02093504734146,0.04667703991859727,-0.0023040034139949683
135.4,47.02560275133332,0.04644663957719779,-0.0024214869497721906
135.5,47.030247415291036,0.04620449088222058,-0.002551966434038231
135.6,47.03486786437926,0.045949294238816774,-0.0026979530242397212
135.70000000000002,47.03946279380314,0.04567949893639274,-0.0028493063664637255
135.8,47.04403074369678,0.045394568299746384,-0.0031055988816703867
135.9,47.048570200526754,0.04508400841157936,-0.0033828161693962556
136.0,47.053078601367915,0.044745726794639756,-0.0036826348289142204
136.1,47.05755317404738,0.044377463311748355,-0.003946068114907142
136.20000000000002,47.06199092037855,0.04398285650025755,-0.004153372736917196
136.3,47.066389206028575,0.043567519226565855,-0.004364706907508507
136.4,47.07074595795123,0.04313104853581503,-0.00454473649317331
136.5,47.07505906280481,0.042676574886497724,-0.004772168212906624
136.6,47.079326720293466,0.04219935806520709,-0.005019058358331049
136.70000000000002,47.08354665609998,0.04169745222937387,-0.005303600307408018
136.8,47.08771640132292,0.0411670921986331,-0.005590424725765956
136.9,47.09183311054279,0.040608049726056535,-0.005902890045494646
137.0,47.09589391551539,0.040017760721507104,-0.006253316827080019
137.1,47.09989569158754,0.03939242903879914,-0.006653512346698767
137.20000000000002,47.103834934491424,0.03872707780412911,-0.007020421760247832
137.3,47.10770764227183,0.038025035628104366,-0.007358966449049003
137.4,47.11151014583464,0.03728913898319951,-0.007734438736145151
137.5,47.115239059732964,0.036515695109585036,-0.00810294509497542
137.6,47.11889062924392,0.03570540060008754,-0.0084810936626529
137.70000000000002,47.12246116930393,0.03485729123382206,-0.00895070751569397
137.8,47.125946898427316,0.03396222048225271,-0.009368502178325027
137.9,47.12934312047554,0.03302537026442026,-0.009715745652231555
138.0,47.13264565750198,0.03205379569919716,-0.01004834395844629
138.1,47.1358510370719,0.03104896130335259,-0.01030555233662281
138.20000000000002,47.13895593320224,0.030018406069690074,-0.010532246914531232
138.3,47.14195777380921,0.02896518137823701,-0.010746288178242837
138.4,47.14485429194703,0.027890552560412788,-0.010944438707248502
138.5,47.14764334720307,0.026796108689688,-0.01115315049311308
138.6,47.15032295807204,0.025680793640376755,-0.011399778696774807
138.70000000000002,47.15289103743608,0.024540815770699016,-0.011589539415439824
138.8,47.15534511901315,0.0233818618291551,-0.011746218337258052
138.9,47.157683305196066,0.02220723999542936,-0.01183856374137348
139.0,47.15990402919561,0.02102338362129208,-0.01187925170146384
139.1,47.16200636755774,0.019835458451145763,-0.01177661526210276
139.20000000000002,47.16398991340285,0.01865779692493522,-0.01160414590769595
139.3,47.165855693095345,0.01749738233416569,-0.011401574947703549
139.4,47.16760543132876,0.0163572248393954,-0.011239853522780372
139.5,47.1692411538127,0.015233239487117427,-0.011110484980028635
139.6,47.17076447776141,0.014122190989114627,-0.01099444743122289
139.70000000000002,47.172176696860326,0.013022746245992088,-0.010891555328658755
139.8,47.173478971484926,0.011933590713126274,-0.010808000337471688
139.9,47.174672330556234,0.010852790679379167,-0.010713316024232625
140.0,47.17575760962417,0.009781459076955965,-0.01059933334249963
140.1,47.176735755531865,0.008721525742706062,-0.010438799501958773
140.20000000000002,47.17760790810614,0.007677645792509948,-0.010240915036770382
140.3,47.17837567268539,0.006653554288832968,-0.010025281143873067
140.4,47.17904102811427,0.005651026174445718,-0.009792249055424987
140.5,47.17960613073172,0.004671801268903275,-0.009549522292994569
140.6,47.18007331085861,0.0037168490396038726,-0.009302911540932459
140.70000000000002,47.18044499576257,0.0027865578855104153,-0.009036077777180315
140.8,47.18072365155112,0.0018829501077924351,-0.008800169574935835
140.9,47.1809119465619,0.0010029331502989017,-0.008594881798056016
141.0,47.18101223987693,0.00014344497049334905,-0.008383326125578879
141.1,47.18102658437398,-0.0006948876420644912,-0.008169334988485741
141.20000000000002,47.18095709560977,-0.0015118211409132511,-0.007975867147232547
141.3,47.18080591349568,-0.0023094078556364604,-0.007755718015663965
141.4,47.18057497271012,-0.003084979657202813,-0.007560157707060316
141.5,47.1802664747444,-0.0038409954279088015,-0.007297663361168557
141.6,47.17988237520161,-0.004570761764025616,-0.007037404363845665
141.70000000000002,47.179425299025205,-0.005274502200410342,-0.006707813228070932
141.8,47.178897848805164,-0.005945283523217397,-0.006456756713322445
141.9,47.17830332045284,-0.006590959194549605,-0.006280640818846921
142.0,47.17764422453339,-0.0072190232764342615,-0.006142499802439018
142.1,47.17692232220574,-0.007833273256678128,-0.006032711070790442
142.20000000000002,47.17613899488008,-0.00843654436375731,-0.00595281282726289
142.3,47.1752953404437,-0.009031825646483565,-0.00593121605443377
142.4,47.17439215787905,-0.009624947251926908,-0.0058681350301758315
142.5,47.173429663153854,-0.010211760754944458,-0.005814358961796704
142.6,47.172408487078364,-0.010793196651124095,-0.0057521357145829295
142.70000000000002,47.17132916741325,-0.011368410222582519,-0.005707585252124227
142.8,47.17019232639099,-0.01193916874779491,-0.005651019936015319
142.9,47.16899840951621,-0.01250427074139641,-0.005570664394492623
143.0,47.16774798244207,-0.01306133718084564,-0.005487402451717811
143.1,47.16644184872399,-0.01361007742601739,-0.0054667319438658655
143.20000000000002,47.16508084098139,-0.0141567506204041,-0.0054494088101022875
143.3,47.16366516591935,-0.014701691501414298,-0.00543764429498985
143.4,47.1621949967692,-0.015245455930913253,-0.005364350420011033
143.5,47.16067045117612,-0.015781890972914325,-0.0051826887779070525
143.6,47.15909226207882,-0.016300159850705,-0.00508477698331992
143.70000000000002,47.15746224609375,-0.01680863754903711,-0.005041997507512124
143.8,47.155781382338844,-0.017312837299788292,-0.0050312451346325605
143.9,47.15405009860887,-0.01781596181325152,-0.005112822014054371
144.0,47.152268502427546,-0.018327244014656928,-0.0051975217942197395
144.1,47.15043577802608,-0.018846996194078872,-0.005186597927013745
144.20000000000002,47.14855107840667,-0.019365655986780365,-0.005081935172120318
144.3,47.14661451280799,-0.019873849503992368,-0.004990956390366417
144.4,47.144627127857596,-0.02037294514302898,-0.004938688817747245
144.5,47.142589833343294,-0.020866814024803677,-0.0049287723495963455
144.6,47.14050315194081,-0.021359691259763284,-0.004835803147064711
144.70000000000002,47.13836718281483,-0.021843271574469865,-0.0046127832994916265
144.8,47.13618285565739,-0.022304549904419,-0.004385625567682883
144.9,47.13395240066694,-0.022743112461187265,-0.00420254680030339
145.0,47.131678089420824,-0.02316336714121758,-0.00401791972172194
145.1,47.12936175270671,-0.02356515911338975,-0.0038179768817303205
145.20000000000002,47.12700523679536,-0.02394695680156287,-0.0036789454652689383
145.3,47.12461054111521,-0.024314851348089743,-0.0036102762428008553
145.4,47.1221790559804,-0.024675878972369808,-0.0035448624119664295
145.5,47.11971146808316,-0.02503036521356643,-0.0035122916329633196
145.6,47.11720843156181,-0.025381594376862743,-0.003420940449889601
145.70000000000002,47.11467027212412,-0.02572368842185178,-0.0033673293653955186
145.8,47.112097903281935,-0.026060421358391313,-0.0032863790701384353
145.9,47.1094918611461,-0.02638905926540514,-0.0031449932616996242
146.0,47.10685295521956,-0.026703558591575083,-0.0030198169316021286
146.1,47.1041825993604,-0.02700554028473528,-0.002990775850941013
146.20000000000002,47.10148204533193,-0.027304617869829448,-0.00303680564039746
146.3,47.09875158354494,-0.027608298433869177,-0.0030762000026030383
146.4,47.09599075370156,-0.027915918434129463,-0.0031331591698049006
146.5,47.093199161858145,-0.028229234351109935,-0.003206824672802285
146.6,47.09037623842303,-0.028549916818390145,-0.003308934448825057
146.70000000000002,47.08752124674119,-0.028880810263272726,-0.0034637107062864226
146.8,47.08463316571486,-0.02922718133390135,-0.0036112609151036823
146.9,47.08171044758147,-0.029588307425411697,-0.003765254397185217
147.0,47.078751616838936,-0.029964832865130197,-0.003873470092990104
147.1,47.07575513355242,-0.030352179874429185,-0.0038862708740206213
147.20000000000002,47.072719915564974,-0.030740806961831336,-0.003922715980464988
147.3,47.069645834868794,-0.031133078559877812,-0.003924440982989317
147.4,47.066532527012804,-0.03152552265817672,-0.003895051561871254
147.5,47.06337997474699,-0.031915027814363825,-0.0038474478785308873
147.6,47.06018847196555,-0.03229977260221689,-0.0037530103941989038
147.70000000000002,47.05695849470533,-0.03267507364163687,-0.0036484083991156204
147.8,47.05369098734117,-0.03303991448154841,-0.0035753453599553183
147.9,47.050386995893014,-0.03339744901754392,-0.003595626955700672
148.0,47.047047250991255,-0.03375701171311397,-0.0036928744331402048
148.1,47.04367154981995,-0.03412629915642797,-0.0037590786201230826
148.20000000000002,47.0402589199043,-0.03450220701844036,-0.0037707008543105885
148.3,47.03680869920246,-0.0348792771038714,-0.003723150303157275
148.4,47.03332077149207,-0.035251592134187104,-0.0036332858843066123
148.5,47.029795612278654,-0.035614920722617745,-0.0035142205343785455
148.6,47.02623412020639,-0.03596634277605558,-0.003347393815689647
148.70000000000002,47.02263748592878,-0.03630108215762462,-0.0031743521061413926
148.8,47.019007377713024,-0.03661851736823874,-0.0029697997316376367
148.9,47.0153455259762,-0.03691549734140249,-0.0028233888440745225
149.0,47.01165397624206,-0.037197836225809924,-0.002695297549144979
149.1,47.00793419261948,-0.03746736598072441,-0.0025452145735622754
149.20000000000002,47.004187456021405,-0.03772188743808069,-0.0023902715830970114
149.3,47.000415267277596,-0.03796091459639038,-0.0023055004650341443
149.4,46.99661917581796,-0.03819146464289378,-0.002198780802651956
149.5,46.99280002935367,-0.038411342723158964,-0.0020978841519256135
149.6,46.98895889508135,-0.038621131138351514,-0.0019449557332780912
149.70000000000002,46.98509678196752,-0.03881562671167937,-0.0016906949113923697
149.8,46.98121521929635,-0.038984696202818594,-0.0013848673968326018
149.9,46.97731674967607,-0.03912318294250185,-0.0010345501293548725
150.0,46.973404431381816,-0.03922663795543733,-0.0006757694618783306
150.1,46.969481767586274,-0.03929421490162516,-0.00032382167502821157
150.20000000000002,46.96555234609611,-0.039326597069127986,7.828415379066312e-05
150.3,46.9616196863892,-0.03931876865374892,0.000397737375655247
150.4,46.957687809523826,-0.0392789949161834,0.0007936936763236931
150.5,46.953759910032204,-0.03919962554855103,0.0011575279423681852
150.6,46.94983994747735,-0.03908387275431422,0.0015801028039330465
150.70000000000002,46.94593156020192,-0.03892586247392088,0.0019274517707059942
150.8,46.942038973954524,-0.03873311729685029,0.0022910029551631485
150.9,46.93816566222484,-0.03850401700133399,0.002627014927724946
151.0,46.93431526052471,-0.03824131550856151,0.0028588008648268676
151.1,46.930491128973856,-0.03795543542207884,0.0029809645157985614
151.20000000000002,46.926695585431645,-0.037657338970498916,0.0030673056772602065
151.3,46.9229298515346,-0.03735060840277291,0.003207637606289686
151.4,46.91919479069432,-0.03702984464214396,0.0033385870917917128
151.5,46.91549180623011,-0.03669598593296481,0.0035165275458780205
151.6,46.91182220763681,-0.03634433317837703,0.003793629254712672
151.70000000000002,46.90818777431897,-0.035964970252905674,0.004014821994347848
151.8,46.904591277293676,-0.03556348805347091,0.004259305815408585
151.9,46.90103492848833,-0.03513755747193008,0.004540363155221253
152.0,46.897521172741136,-0.03468352115640798,0.004851953580477171
152.1,46.8940528206255,-0.03419832579836029,0.005123501036505705
152.20000000000002,46.89063298804566,-0.0336859756947096,0.005346119886499535
152.3,46.88726439047619,-0.03315136370605968,0.005537403442163367
152.4,46.88394925410559,-0.032597623361843374,0.005737226382693923
152.5,46.8806894917694,-0.032023900723574014,0.00594090594001762
152.6,46.87748710169704,-0.031429810129572286,0.006235844462291547
152.70000000000002,46.874344120684086,-0.03080622568334299,0.006599090914247943
152.8,46.87126349811575,-0.030146316591918233,0.006958986555603022
152.9,46.86824886645656,-0.02945041793635797,0.007247809213525437
153.0,46.865303824662924,-0.028725637015005467,0.007573569481289351
153.1,46.86243126096142,-0.027968280066876575,0.00796062860509219
153.20000000000002,46.859634432954735,-0.027172217206367175,0.008387492184566891
153.3,46.8569172112341,-0.026333467987910534,0.008843032059195222
153.4,46.85428386443531,-0.025449164781991062,0.009253933269827192
153.5,46.85173894795711,-0.024523771455008395,0.009556892934935493
153.60000000000002,46.84928657081161,-0.02356808216151463,0.009797408793424599
153.70000000000002,46.84692976259546,-0.022588341282172224,0.010036405220259207
153.8,46.84467092846724,-0.02158470076014636,0.010215053305112519
153.9,46.84251245839123,-0.020563195429635167,0.010349287428002977
154.0,46.84045613884826,-0.019528266686834928,0.010483479987164385
154.10000000000002,46.838503312179576,-0.01847991868811825,0.010585801010843261
154.20000000000002,46.83665532031077,-0.017421338587033985,0.010671093704112868
154.3,46.83491318645206,-0.01635422921662276,0.010735726105008274
154.4,46.833277763530404,-0.015280656606121993,0.010781829772672369
154.5,46.83174969786979,-0.014202473628854817,0.0107740033314572
154.60000000000002,46.8303294505069,-0.013125073295708852,0.01073921062579758
154.70000000000002,46.82901694317733,-0.012051152233129156,0.010620515122261913
154.8,46.82781182795402,-0.010989100720903025,0.010440937378846212
154.9,46.82671291788193,-0.009945006983018463,0.010214431333791995
155.0,46.82571841718363,-0.008923563849639321,0.009994033790865602
155.10000000000002,46.824826060798664,-0.007924160470552534,0.009712319256989047
155.20000000000002,46.82403364475161,-0.0069529285448536845,0.009357291034803511
155.3,46.82333835189712,-0.006017199441373387,0.008967039348388689
155.4,46.822736631952985,-0.005120495506534569,0.008515856709731989
155.5,46.822224582402335,-0.004268909835561418,0.008074987385572979
155.60000000000002,46.82179769141877,-0.0034614110970039367,0.007670695092686592
155.70000000000002,46.82145155030908,-0.002694341587735321,0.007285484447711301
155.8,46.821182116150304,-0.0019657931429642324,0.006938955276479426
155.9,46.820985536836005,-0.0012718976153163293,0.006562628462154813
156.0,46.82085834707448,-0.0006156347691008853,0.006200877494381972
156.10000000000002,46.820796783597565,4.4529803374528786e-06,0.0058327906046732065
156.20000000000002,46.8207972288956,0.0005877320408047403,0.005518528305892046
156.3,46.820856002099674,0.0011395848713939135,0.005186136581370382
156.4,46.820969960586815,0.0016581985295309222,0.004835477928721344
156.5,46.82113578043977,0.002141746322403029,0.004460110986709518
156.60000000000002,46.82134995507201,0.0025877574210740823,0.004092117907726564
156.70000000000002,46.82160873081412,0.0029969692118467155,0.0037504706960131296
156.8,46.8219084277353,0.003372016281448007,0.0034110090793689047
156.9,46.82224562936345,0.003713117189384878,0.0030009465633912716
157.0,46.82261694108239,0.004013211845723988,0.002656318662263476
157.10000000000002,46.823018262266956,0.004278843711950396,0.0023562145038697646
157.20000000000002,46.823446146638155,0.004514465162337359,0.0021064854375141603
157.3,46.823897593154385,0.004725113706088763,0.00190119522892006
157.4,46.824370104524995,0.004915233228980759,0.0017343513503147894
157.5,46.824861627847895,0.005088668364012228,0.0016184439709124533
157.60000000000002,46.82537049468429,0.00525051276110351,0.0014769090252219886
157.70000000000002,46.82589554596041,0.0053982036636257,0.001298025412203147
157.8,46.82643536632677,0.005528006204846008,0.0011340061681739142
157.9,46.82698816694725,0.0056414068216633926,0.0009776086586172263
158.0,46.82755230762942,0.00573916768752511,0.0007959150178199753
158.10000000000002,46.82812622439817,0.005818759189307125,0.0007068131095329531
158.20000000000002,46.8287081003171,0.0058894405002604166,0.0005884716860060547
158.3,46.82929704436713,0.005948287668861019,0.00046024324497521296
158.4,46.82989187313402,0.005994311993358537,0.0003408091229202481
158.5,46.83049130433335,0.00602839290565056,0.00028740873960528675
158.60000000000002,46.831094143623915,0.0060571337796110954,0.00020359118180526595
158.70000000000002,46.83169985700188,0.006077492897791621,7.082962194798467e-07
158.8,46.83230760629166,0.006077563727413569,-0.00026256425520307657
158.9,46.832915362664394,0.006051307301893263,-0.0005322784199454079
159.0,46.83352049339459,0.005998079459898725,-0.0007181296785280596
159.10000000000002,46.834120301340576,0.005926266492045903,-0.0008208969592204995
159.20000000000002,46.834712927989784,0.005844176796123857,-0.0008829939722232431
159.3,46.835297345669396,0.005755877398901538,-0.0009399685886697665
159.4,46.835872933409284,0.005661880540034567,-0.0009790238989534161
159.5,46.836439121463286,0.005563978150139231,-0.00099922666133365
159.60000000000002,46.836995519278304,0.005464055484005843,-0.001013889936330861
159.70000000000002,46.8375419248267,0.005362666490372763,-0.0010236193538033503
159.8,46.83807819147574,0.0052603045549924335,-0.0010213200656834674
159.9,46.838604221931234,0.0051581725484240925,-0.0010141643586854842
160.0,46.83912003918608,0.00505675611255555,-0.000895998594319567
160.10000000000002,46.839625714797336,0.004967156253123573,-0.0007726512978542115
160.20000000000002,46.840122430422646,0.004889891123338156,-0.0007097403430966214
160.3,46.84061141953498,0.004818917089028498,-0.0006430022271391064
160.4,46.84109331124388,0.004754616866314591,-0.0005627686837322295
160.5,46.841568772930515,0.004698339997941371,-0.0005622863935678494
160.60000000000002,46.84203860693031,0.0046421113585845735,-0.0005715241537590575
160.70000000000002,46.842502818066166,0.004584958943208671,-0.0005511370400917167
160.8,46.84296131396049,0.0045298452391995024,-0.000565653224053788
160.9,46.84341429848441,0.004473279916794127,-0.0006170208218967292
161.0,46.84386162647609,0.0044115778346044575,-0.0005965143494566484
161.10000000000002,46.84430278425955,0.004351926399658779,-0.0005762628810453208
161.20000000000002,46.844737976899516,0.00429430011155425,-0.0006549252107397534
161.3,46.84516740691067,0.004228807590480279,-0.0007593220646944646
161.4,46.84559028766972,0.0041528753840108365,-0.000861249639941723
161.5,46.84600557520812,0.004066750420016669,-0.0009413080089961904
161.60000000000002,46.84641225025012,0.003972619619117029,-0.001057095643068159
161.70000000000002,46.84680951221203,0.0038669100548102187,-0.0011520642339641397
161.8,46.847196203217514,0.0037517036314138113,-0.0012098635584742049
161.9,46.84757137358066,0.0036307172755663977,-0.0012409208995040066
162.0,46.84793444530821,0.003506625185616004,-0.0012779025920622508
162.10000000000002,46.848285107826776,0.00337883492640975,-0.0013272477977092929
162.20000000000002,46.84862299131942,0.0032461101466388282,-0.0014118894875176096
162.3,46.84894760233408,0.0031049211978870753,-0.0014161924893608504
162.4,46.849258094453866,0.0029633019489509983,-0.0013535791317995864
162.5,46.849554424648765,0.0028279440357710474,-0.0013114005613470254
162.60000000000002,46.84983721905234,0.002696803979636315,-0.0011733916262235732
162.70000000000002,46.8501068994503,0.0025794648170139644,-0.0009908693683458774
162.8,46.850364845932006,0.0024803778801793823,-0.0008983213905800436
162.9,46.850612883720025,0.002390545741121383,-0.0010082021715355233
163.0,46.850851938294134,0.0022897255239678364,-0.0011492557264172916
163.10000000000002,46.851080910846534,0.002174799951326081,-0.0013321417173998353
163.20000000000002,46.85129839084166,0.002041585779586105,-0.0014139674741756863
163.3,46.85150254941962,0.0019001890321685446,-0.001481628122100165
163.4,46.85169256832284,0.0017520262199585365,-0.001538010365326594
163.5,46.851867770944835,0.0015982251834258858,-0.001600465750089995
163.60000000000002,46.85202759346318,0.00143817860841685,-0.0016924063677257266
163.70000000000002,46.85217141132402,0.0012689379716442869,-0.0017598806800601596
163.8,46.85229830512118,0.001092949903638281,-0.0018765032722510451
163.9,46.85240760011155,0.0009052995764131871,-0.002015390202181295
164.0,46.85249813006919,0.0007037605561950691,-0.0020920372286147505
164.10000000000002,46.85256850612481,0.0004945568333335464,-0.0021680343650256535
164.20000000000002,46.85261796180814,0.0002777533968309934,-0.0022959993463233866
164.3,46.852645737147824,4.815346219866782e-05,-0.0024964903444422886
164.4,46.85265055249405,-0.00020149557224554687,-0.0027828737083235894
164.5,46.852630402936825,-0.00047978294307789,-0.003098212054290084
164.60000000000002,46.85258242464251,-0.0007896041485069688,-0.0034560977509782566
164.70000000000002,46.85250346422766,-0.0011352139236047748,-0.0038315674266567097
164.8,46.8523899428353,-0.001518370666270424,-0.004186685450187322
164.9,46.85223810576868,-0.0019370392112891324,-0.004600923819746095
165.0,46.85204440184754,-0.0023971315932637158,-0.005057723754828425
165.10000000000002,46.85180468868822,-0.0029029039687466732,-0.005502266918012136
165.20000000000002,46.85151439829134,-0.0034531306605478556,-0.00595764893747938
165.3,46.851169085225294,-0.00404889555429576,-0.00646814695447423
165.4,46.85076419566986,-0.004695710249743146,-0.00700563868416994
165.5,46.85029462464489,-0.0053962741181601,-0.007478303296583168
165.60000000000002,46.84975499723307,-0.006144104447818587,-0.007852767576199009
165.70000000000002,46.84914058678829,-0.006929381205438443,-0.008208713358343262
165.8,46.848447648667744,-0.007750252541272723,-0.008551178561986466
165.9,46.847672623413615,-0.00860537039747132,-0.008902834812810886
166.0,46.84681208637387,-0.009495653878752359,-0.00920516522300101
166.10000000000002,46.845862520985996,-0.01041617040105267,-0.00949658444955804
166.20000000000002,46.84482090394589,-0.01136582884600842,-0.009748427868706172
166.3,46.84368432106129,-0.012340671632878981,-0.009938341698893457
166.4,46.842450253898,-0.01333450580276827,-0.010087628900690723
166.5,46.841116803317725,-0.014343268692837285,-0.010276739435306584
166.60000000000002,46.83968247644844,-0.015370942636368177,-0.010462646407704891
166.70000000000002,46.838145382184805,-0.016417207277138607,-0.010631831492147588
166.8,46.83650366145709,-0.017480390426353305,-0.010793351492481586
166.9,46.834755622414455,-0.018559725575601402,-0.010972320259146073
167.0,46.8328996498569,-0.019656957601515947,-0.011133090436759379
167.10000000000002,46.83093395409674,-0.02077026664519214,-0.01123638390298444
167.20000000000002,46.82885692743223,-0.02189390503549052,-0.011253259743607117
167.3,46.826667536928674,-0.023019231009851166,-0.011256262130989023
167.4,46.82436561382769,-0.024144857222950004,-0.011193748193866841
167.5,46.8219511281054,-0.025264232042336625,-0.011072463966734692
167.60000000000002,46.81942470490116,-0.026371478439010346,-0.010959257180356145
167.70000000000002,46.81678755705726,-0.027467404157045898,-0.010821660765042316
167.8,46.81404081664156,-0.028549570233550068,-0.010704208183155933
167.9,46.8111858596182,-0.0296199910518656,-0.010569375286829708
168.0,46.80822386051302,-0.03067692858054851,-0.010518803927373583
168.10000000000002,46.80515616765496,-0.03172880897328611,-0.010413585917669993
168.20000000000002,46.80198328675763,-0.03277016756505305,-0.010354926965007482
168.3,46.79870627000113,-0.03380566026155374,-0.010332048838452184
168.4,46.79532570397497,-0.0348388651453989,-0.01032337021164165
168.5,46.79184181746043,-0.035871202166563004,-0.010289406614715174
168.60000000000002,46.78825469724377,-0.036900142828034756,-0.01015757622440649
168.70000000000002,46.78456468296097,-0.03791590045047535,-0.010014324175638772
168.8,46.78077309291592,-0.03891733286803917,-0.009793204931872053
168.9,46.776881359629115,-0.03989665336122632,-0.009599493439585499
169.0,46.772891694292994,-0.04085660270518481,-0.009484094024418197
169.10000000000002,46.768806034022475,-0.04180501210762685,-0.009355730935432077
169.20000000000002,46.76462553281171,-0.04274058520117,-0.009209078931285666
169.3,46.760351474291596,-0.043661493094298516,-0.009060223911609601
169.4,46.75598532498217,-0.044567515485459425,-0.008968648536881754
169.5,46.751528573433625,-0.04546438033914755,-0.008890051421591013
169.60000000000002,46.746982135399705,-0.04635338548130685,-0.008890174319406923
169.70000000000002,46.74234679685158,-0.047242402913247494,-0.008918754187425847
169.8,46.737622556560254,-0.04813427833199003,-0.008959415474911147
169.9,46.732809128727055,-0.04903021987948109,-0.008960343372754847
170.0,46.727906106739105,-0.049926254216756526,-0.00891282127350844
170.10000000000002,46.72291348131743,-0.05081753634410757,-0.00887541335401693
170.20000000000002,46.71783172768302,-0.051705077679509215,-0.00883803710731471
170.3,46.71266121991507,-0.052588881390240635,-0.008789240154836328
170.4,46.707402331776045,-0.05346780540572422,-0.008674626256715633
170.5,46.702055551235475,-0.05433526803139573,-0.008517233519685717
170.60000000000002,46.69662202443233,-0.0551869913833645,-0.008392303518734634
170.70000000000002,46.691103325293994,-0.05602622173523791,-0.008260291969394899
170.8,46.68550070312047,-0.056852250932177356,-0.008084801976659785
170.9,46.67981547802725,-0.05766073112984329,-0.007916003797535895
171.0,46.67404940491427,-0.05845233150959683,-0.007812563452159776
171.10000000000002,46.66820417176331,-0.05923358785481299,-0.007679536788002351
171.20000000000002,46.662280812977826,-0.06000154153361318,-0.007549816467856212
171.3,46.656280658824464,-0.06075652318039876,-0.0074457339662040226
171.4,46.650205006506425,-0.06150109657701912,-0.007343400794125183
171.5,46.64405489684873,-0.062235436656431595,-0.007217524000532351
171.60000000000002,46.63783135318308,-0.062957189056485,-0.007092526508950107
171.70000000000002,46.631535634277434,-0.06366644170737996,-0.0070533123765023475
171.8,46.625168990106694,-0.06437177294503016,-0.007051216932853611
171.9,46.61873181281219,-0.06507689463831548,-0.0070031661284099085
172.0,46.61222412334836,-0.06577721125115643,-0.006875959332568285
172.10000000000002,46.60564640222324,-0.06646480718441342,-0.006758229320408367
172.20000000000002,46.598999921504806,-0.06714063011645421,-0.006708798952960136
172.3,46.592285858493156,-0.06781151001175019,-0.0067299338831559525
172.4,46.585504707491985,-0.06848450340006575,-0.006794849759798713
172.5,46.57865625715198,-0.06916398837604558,-0.006841949964366654
172.60000000000002,46.57173985831437,-0.0698481833724824,-0.006897476855965538
172.70000000000002,46.56475503997712,-0.07053793105807891,-0.007027909579182795
172.8,46.55770124687132,-0.07124072201599715,-0.007237073732564292
172.9,46.55057717466972,-0.07196442938925354,-0.007390089940809422
173.0,46.54338073173079,-0.07270343838333444,-0.007491636427817933
173.10000000000002,46.53611038789246,-0.0734526020261164,-0.007539956703721691
173.20000000000002,46.528765127689844,-0.07420659769648853,-0.007526312458217566
173.3,46.521344467920194,-0.07495922894231025,-0.007481206169960017
173.4,46.513848545025965,-0.0757073495593062,-0.007477349778650952
173.5,46.50627781007004,-0.07645508453717126,-0.00745224235269165
173.60000000000002,46.49863230161632,-0.07720030877244059,-0.007278253352810263
173.70000000000002,46.490912270739074,-0.07792813410772158,-0.007112958769193977
173.8,46.4831194573283,-0.07863942998464094,-0.006935680981940812
173.9,46.47525551432984,-0.07933299808283498,-0.006738896856385396
174.0,46.46732221452156,-0.08000688776847348,-0.006469950817707182
174.10000000000002,46.459321525744706,-0.08065388285024434,-0.006174408603112154
174.20000000000002,46.45125613745968,-0.08127132371055552,-0.005832795504103259
174.3,46.44312900508863,-0.08185460326096582,-0.005525797176012296
174.4,46.43494354476253,-0.08240718297856701,-0.005210062959952762
174.5,46.42670282646468,-0.08292818927456226,-0.004931359329945195
174.60000000000002,46.41841000753722,-0.08342132520755689,-0.004592889909704728
174.70000000000002,46.41006787501646,-0.08388061419852734,-0.004210720452013195
174.8,46.40167981359661,-0.08430168624372864,-0.0039030776718861904
174.9,46.39324964497224,-0.08469199401091723,-0.0035952580213071505
175.0,46.384780445571145,-0.08505151981304793,-0.0033314566227325066
175.10000000000002,46.37627529358984,-0.08538466547532125,-0.0031825046849454507
175.20000000000002,46.36773682704231,-0.08570291594381578,-0.002981641729780274
175.3,46.359166535447926,-0.08600108011679379,-0.002762877120340586
175.4,46.35056642743625,-0.08627736782882783,-0.0025332973683363288
175.5,46.341938690653365,-0.08653069756566145,-0.0023740110564948887
175.60000000000002,46.333285620896795,-0.086768098671311,-0.002286300162303431
175.70000000000002,46.32460881102967,-0.08699672868754132,-0.0021787960498105404
175.8,46.31590913816091,-0.08721460829252237,-0.002030115024384942
175.9,46.30718767733166,-0.08741761979496085,-0.0019046272163754068
176.0,46.29844591535217,-0.08760808251659838,-0.0018337407194317361
176.10000000000002,46.2896851071005,-0.0877914565885416,-0.001826536476436484
176.20000000000002,46.28090596144165,-0.08797411023618523,-0.0018421904078936783
176.3,46.27210855041803,-0.08815832927697459,-0.0017923904335163574
176.4,46.26329271749034,-0.08833756832032622,-0.0016921759499223107
176.5,46.254458960658305,-0.08850678591531844,-0.0016274497479803103
176.60000000000002,46.24560828206677,-0.0886695308901165,-0.001497401998452693
176.70000000000002,46.23674132897776,-0.08881927108996177,-0.0013526693074351274
176.8,46.22785940186876,-0.08895453802070527,-0.001151437374256391
176.9,46.218963948066694,-0.0890696817581309,-0.0008873236272761103
177.0,46.21005697989088,-0.08915841412085851,-0.0006157034006605543
177.10000000000002,46.20114113847879,-0.08921998446092458,-0.0004350901259353693
177.20000000000002,46.1922191400327,-0.08926349347351811,-0.0002951021451142067
177.3,46.18329279068535,-0.08929300368802953,-0.0001634816823757694
177.4,46.174363490316544,-0.08930935185626711,-1.6785562433064683e-06
177.5,46.16543255513092,-0.08930951971189144,0.00014823652456193953
177.60000000000002,46.156501603159725,-0.08929469605943524,0.00025283562471169245
177.70000000000002,46.14757213355379,-0.08926941249696407,0.00031023276010207587
177.8,46.13864519230409,-0.08923838922095387,0.0003432823677915393
177.9,46.129721353381996,-0.08920406098417472,0.0003204084033772885
178.0,46.12080094728358,-0.08917202014383699,0.0003399687580714965
178.10000000000002,46.11188374526919,-0.08913802326802983,0.0004730553932772155
178.20000000000002,46.10296994294239,-0.08909071772870211,0.0006796162453179652
178.3,46.09406087116952,-0.08902275610417032,0.0009878075302039442
178.4,46.0851585955591,-0.08892397535114993,0.0013322613429606813
178.5,46.07626619802399,-0.08879074921685387,0.0016406649224697412
178.60000000000002,46.0673871231023,-0.08862668272460686,0.0019287285182427159
178.70000000000002,46.05852445482984,-0.0884338098727826,0.002283688849433326
178.8,46.049681073842564,-0.08820544098783928,0.0025839749646582116
178.9,46.04086052974378,-0.08794704349137347,0.0027950820795320996
179.0,46.032065825394646,-0.08766753528342028,0.0029863977328172123
179.10000000000002,46.0232990718663,-0.08736889551013849,0.0032013774235333404
179.20000000000002,46.01456218231529,-0.08704875776778517,0.0033357049763551258
179.3,46.00585730653851,-0.08671518727014968,0.0034304675721661413
179.4,45.997185787811496,-0.08637214051293308,0.003555399851435306
179.5,45.9885485737602,-0.08601660052778957,0.00366917301171568
179.60000000000002,45.97994691370742,-0.08564968322661792,0.003743699394230184
179.70000000000002,45.971381945384756,-0.08527531328719493,0.003725950856151645
179.8,45.96285441405604,-0.08490271820157978,0.003668067257940819
179.9,45.95436414223588,-0.08453591147578572,0.0035471510575372307
180.0,45.9459105510883,-0.08418119637003202,0.003386645714911825
180.10000000000002,45.9374924314513,-0.08384253179854076,0.0033184658058764914
180.20000000000002,45.92910817827144,-0.08351068521795313,0.003179216222545148
180.3,45.92075710974965,-0.08319276359569863,0.0029849266981367725
180.4,45.91243783339008,-0.08289427092588497,0.0028048825510480976
180.5,45.904148406297494,-0.08261378267078018,0.002645364238846546
180.60000000000002,45.895887028030415,-0.08234924624689546,0.002500109446825497
180.70000000000002,45.88765210340572,-0.08209923530221293,0.0023585475756798765
180.8,45.879442179875504,-0.08186338054464495,0.0021548173514568227
180.9,45.87125584182104,-0.08164789880949928,0.0019285200638307896
181.0,45.86309105194009,-0.08145504680311622,0.0017393744357118088
181.10000000000002,45.854945547259774,-0.081281109359545,0.0014803906925491836
181.20000000000002,45.846817436323825,-0.08113307029029009,0.0012689206042940826
181.3,45.83870412929479,-0.08100617822986068,0.0011041243276432094
181.4,45.83060351147181,-0.08089576579709637,0.0009693000757929888
181.5,45.8225139348921,-0.08079883578951708,0.0009143422886937621
181.60000000000002,45.81443405131314,-0.08070740156064768,0.0008988117220221592
181.70000000000002,45.80636331115708,-0.08061752038844547,0.0008730039597650504
181.8,45.79830155911824,-0.08053021999246897,0.0008424156472321622
181.9,45.79024853711899,-0.08044597842774576,0.0008115130388218944
182.0,45.782203939276215,-0.08036482712386357,0.0007807255464256259
182.10000000000002,45.77416745656383,-0.08028675456922099,0.0007913035738422064
182.20000000000002,45.7661387811069,-0.08020762421183678,0.0008535857651329401
182.3,45.75811801868572,-0.08012226563532349,0.0009286674069255125
182.4,45.75010579212219,-0.08002939889463094,0.0009452928139407606
182.5,45.742102852232726,-0.07993486961323687,0.0009579697504421323
182.60000000000002,45.7341093652714,-0.07983907263819263,0.0009581157165374488
182.70000000000002,45.72612545800759,-0.0797432610665389,0.0010064904535719028
182.8,45.71815113190093,-0.07964261202118171,0.0010442681349500421
182.9,45.71018687069881,-0.07953818520768671,0.0011547255555175542
183.0,45.702233052178045,-0.07942271265213496,0.0012504759632066197
183.10000000000002,45.69429078091283,-0.07929766505581427,0.001306927313977848
183.20000000000002,45.68636101440725,-0.0791669723244165,0.00134051159354797
183.3,45.67844431717481,-0.0790329211650617,0.0014126435133848228
183.4,45.6705410250583,-0.07889165681372323,0.0014237038248583165
183.5,45.66265185937693,-0.07874928643123741,0.0014018796907940977
183.60000000000002,45.6547769307338,-0.07860909846215797,0.001400902197131539
183.70000000000002,45.64691602088759,-0.07846900824244482,0.0013849667971960976
183.8,45.63906912006335,-0.07833051156272522,0.001343180258137698
183.9,45.63123606890707,-0.07819619353691146,0.0012809978521313055
184.0,45.62341644955338,-0.07806809375169833,0.001200757837821619
184.10000000000002,45.615609640178214,-0.07794801796791614,0.0011773806910541477
184.20000000000002,45.60781483838142,-0.07783027989881074,0.001142215472601164
184.3,45.60003181039154,-0.07771605835155063,0.0010785455814635917
184.4,45.59226020455638,-0.07760820379340427,0.000983824700732994
184.5,45.58449938417704,-0.07750982132333098,0.0008703247703454562
184.60000000000002,45.57674840204471,-0.07742278884629641,0.000728712403782236
184.70000000000002,45.56900612316008,-0.0773499176059182,0.0005834328298634838
184.8,45.56127113139949,-0.07729157432293185,0.0004371040907061556
184.9,45.55354197396719,-0.07724786391386124,0.0003152855760185826
185.0,45.54581718757581,-0.07721633535625938,0.0002702444956153512
185.10000000000002,45.53809555404018,-0.07718931090669784,0.00031793261186382067
185.20000000000002,45.53037662294951,-0.07715751764551146,0.00036811478502279265
185.3,45.52266087118496,-0.07712070616700918,0.00041256536364486356
185.4,45.51494880056826,-0.0770794496306447,0.0004737474612454265
185.5,45.5072408556052,-0.07703207488452016,0.000488916508037701
185.60000000000002,45.49953764811674,-0.07698318323371638,0.00040784571265317193
185.70000000000002,45.49183932979337,-0.07694239866245106,0.0002940116355347633
185.8,45.484145089927125,-0.07691299749889759,0.00013104479960835604
185.9,45.47645379017724,-0.07689989301893675,-1.4737409728405599e-05
186.0,45.468763800875344,-0.07690136675990959,-9.79020888018433e-05
186.10000000000002,45.461073664199354,-0.07691115696878978,-0.00010984837830630493
186.20000000000002,45.453382548502475,-0.07692214180662041,-0.00017511626950767907
186.3,45.44569033432181,-0.07693965343357118,-0.0002511677381984854
186.4,45.43799636897845,-0.07696477020739102,-0.0002793701792396123
186.5,45.430299891957716,-0.07699270722531498,-0.0004110056722136
186.60000000000002,45.42260062123518,-0.07703380779253635,-0.0005846968644349415
186.70000000000002,45.41489724045593,-0.07709227747897984,-0.0008179240085455973
186.8,45.40718801270803,-0.0771740698798344,-0.0009770376319877816
186.9,45.39947060572005,-0.07727177364303317,-0.0010996815581391164
187.0,45.391743428355745,-0.07738174179884708,-0.0010854542983582435
187.10000000000002,45.38400525417586,-0.07749028722868292,-0.0010501853340582387
187.20000000000002,45.37625622545299,-0.07759530576208874,-0.0009941585753735782
187.3,45.36849669487678,-0.0776947216196261,-0.0008986502855955714
187.4,45.36072722271482,-0.07778458664818565,-0.0007416148317582616
187.5,45.352948764050005,-0.07785874813136147,-0.0005775572670005466
187.60000000000002,45.34516288923687,-0.07791650385806154,-0.0003693257276856031
187.70000000000002,45.33737123885106,-0.0779534364308301,-0.00012889053332022126
187.8,45.32957589520798,-0.07796632548416212,7.042508120211744e-05
187.9,45.32177926265956,-0.0779592829760419,0.00022895643726235284
188.0,45.31398333436196,-0.07793638733231567,0.0003933458837525821
188.10000000000002,45.306189695628724,-0.0778970527439404,0.00048476405744266016
188.20000000000002,45.29839999035433,-0.07784857633819614,0.0005774448164455932
188.3,45.29061513272051,-0.07779083185655158,0.0006326991140755494
188.4,45.28283604953486,-0.07772756194514403,0.0007368552280355852
188.5,45.275063293340345,-0.07765387642234048,0.0008537751053423195
188.60000000000002,45.26729790569811,-0.07756849891180623,0.0009588331610944069
188.70000000000002,45.25954105580693,-0.07747261559569679,0.0011329560118220705
188.8,45.25179379424736,-0.07735931999451459,0.0013796919202898558
188.9,45.24405786224791,-0.07722135080248561,0.0016002023634386707
189.0,45.236335727167656,-0.07706133056614176,0.001823332470106966
189.10000000000002,45.22862959411104,-0.07687899731913102,0.0019907491010709177
189.20000000000002,45.22094169437913,-0.07667992240902394,0.0020920561219053635
189.3,45.21327370213823,-0.07647071679683341,0.0021977277920274957
189.4,45.205626630458546,-0.07625094401763068,0.002348014466132248
189.5,45.198001536056786,-0.07601614257101746,0.0024226708596553114
189.60000000000002,45.19039992179968,-0.07577387548505188,0.002463331945070092
189.70000000000002,45.18282253425117,-0.07552754229054488,0.002559506390073386
189.8,45.17526978002212,-0.07527159165153756,0.0026557354796258436
189.9,45.16774262085697,-0.07500601810357499,0.0027781577618882416
190.0,45.16024201904661,-0.07472820232738618,0.0028865008327744568
190.10000000000002,45.15276919881387,-0.07443955224410867,0.0030213194629781833
190.20000000000002,45.14532524358946,-0.07413742029781087,0.003120180430135799
190.3,45.13791150155968,-0.0738254022547973,0.003212656509722816
190.4,45.1305289613342,-0.07350413660382504,0.0033106189559821914
190.5,45.12317854767382,-0.07317307470822684,0.0034147046301290793
190.60000000000002,45.115861240202996,-0.07283160424521386,0.003592550423151468
190.70000000000002,45.108578079778475,-0.07247234920289873,0.0037461955933507838
190.8,45.10133084485818,-0.07209772964356367,0.003847390439685957
190.9,45.094121071893824,-0.0717129905995951,0.003963260431017138
191.0,45.08694977283387,-0.07131666455649341,0.004014033948960192
191.10000000000002,45.07981810637822,-0.0709152611615973,0.0040541312612640355
191.20000000000002,45.07272658026206,-0.07050984803547092,0.004136174712784337
191.3,45.06567559545851,-0.07009623056419251,0.004200568119513376
191.4,45.05866597240209,-0.0696761737522412,0.0041952848330045365
191.5,45.05169835502687,-0.06925664526894076,0.004111598265304115
191.60000000000002,45.044772690499975,-0.06884548544241026,0.004116904818339774
191.70000000000002,45.03788814195573,-0.0684337949605763,0.00404139070041882
191.8,45.03104476245967,-0.06802965589053445,0.004048695792015452
191.9,45.02424179687062,-0.06762478631133292,0.003985943936941437
192.0,45.01747931823949,-0.0672261919176388,0.003986614508089746
192.10000000000002,45.010756699047725,-0.06682753046682974,0.003956192065536021
192.20000000000002,45.00407394600104,-0.06643191126027616,0.003938151330742186
192.3,44.99743075487501,-0.06603809612720196,0.003989732792610228
192.4,44.99082694526229,-0.06563912284794096,0.0041089515938210865
192.5,44.9842630329775,-0.06522822768855888,0.004211852137047958
192.60000000000002,44.977740210208644,-0.06480704247485398,0.004316156216826429
192.70000000000002,44.97125950596116,-0.06437542685317137,0.004436298117203421
192.8,44.96482196327584,-0.06393179704145105,0.004560392260387329
192.9,44.9584287835717,-0.06347575781541234,0.004724781805924968
193.0,44.95208120779016,-0.06300327963481987,0.004951829391926772
193.10000000000002,44.94578087982667,-0.06250809669562708,0.005205958662878198
193.20000000000002,44.93953007015711,-0.06198750082933929,0.005509513017039996
193.3,44.933331320074174,-0.061436549527635324,0.005872435921203249
193.4,44.927187665121416,-0.06084930593551503,0.006228422998939144
193.5,44.921102734527864,-0.060226463635621154,0.006564073141183366
193.60000000000002,44.915080088164295,-0.05957005632150267,0.006856187215515786
193.70000000000002,44.90912308253215,-0.05888443759995113,0.006976639051314828
193.8,44.903234638772155,-0.058186773694819685,0.0070487018706626
193.9,44.89741596140267,-0.057481903507753465,0.007090627448541804
194.0,44.8916677710519,-0.056772840762899325,0.0071723784858004555
194.10000000000002,44.88599048697561,-0.056055602914319116,0.007245647610802509
194.20000000000002,44.88038492668417,-0.05533103815323891,0.007302840059548315
194.3,44.87485182286885,-0.05460075414728412,0.007411930636736652
194.4,44.869391747454124,-0.053859561083610494,0.007514436700336521
194.5,44.86400579134576,-0.053108117413576884,0.007567066147861498
194.60000000000002,44.8586949796044,-0.05235141079879056,0.007537695924739891
194.70000000000002,44.85345983852452,-0.051597641206316616,0.007478886197193968
194.8,44.848300074403895,-0.05084975258659726,0.007414103911900579
194.9,44.84321509914523,-0.050108342195407246,0.007352404600291728
195.0,44.83820426492569,-0.049373101735378115,0.007319600729533486
195.10000000000002,44.833266954752155,-0.0486411416624246,0.007327439371169753
195.20000000000002,44.82840284058591,-0.047908397725307666,0.0072931438124700775
195.3,44.823612000813384,-0.0471790833440607,0.007197770386758513
195.4,44.81889409247898,-0.04645930630538489,0.0071165552018659945
195.5,44.81424816184844,-0.04574765078519833,0.0070500679395915575
195.60000000000002,44.80967339676992,-0.045042643991239015,0.006950656682088628
195.70000000000002,44.80516913237079,-0.04434757832303019,0.006820603010806141
195.8,44.80073437453849,-0.043665518021949616,0.006627271766984038
195.9,44.79636782273629,-0.04300279084525125,0.00643854838321809
196.0,44.79206754365177,-0.04235893600692948,0.006260806543291786
196.10000000000002,44.787831650051075,-0.04173285535260016,0.006086434159135386
196.20000000000002,44.783658364515816,-0.04112421193668665,0.0059081548302149815
196.3,44.77954594332215,-0.04053339645366519,0.005724866244204547
196.4,44.77549260367678,-0.039960909829244766,0.0055698566078435765
196.5,44.77149651269386,-0.03940392416846044,0.005387463602249908
196.60000000000002,44.767556120277014,-0.03886517780823533,0.005238095284128711
196.70000000000002,44.763669602496186,-0.038341368279822485,0.005128139262549639
196.8,44.7598354656682,-0.03782855435356755,0.004987422896145447
196.9,44.75605261023285,-0.037329812063953034,0.0048692420495566316
197.0,44.75231962902645,-0.0368428878589974,0.00478180466087832
197.10000000000002,44.748635340240554,-0.03636470739290946,0.004720889995850829
197.20000000000002,44.74499886950126,-0.0358926183933244,0.004703890854033794
197.3,44.74140960766193,-0.03542222930792105,0.0047406645235912375
197.4,44.73786738473114,-0.03494816285556195,0.0048001611974845355
197.5,44.73437256844558,-0.034468146735813526,0.004810367239948074
197.60000000000002,44.730925753772,-0.03398711001181861,0.004778532763966761
197.70000000000002,44.72752704277082,-0.03350925673542196,0.0046861924888472765
197.8,44.72417611709728,-0.03304063748653726,0.004599700761207579
197.9,44.72087205334862,-0.03258066741041653,0.004540346964952821
198.0,44.71761398660758,-0.03212663271392127,0.004539134158916417
198.10000000000002,44.71440132333619,-0.03167271929802953,0.004476053483055663
198.20000000000002,44.711234051406386,-0.031225113949723986,0.004436724213394599
198.3,44.708111540011416,-0.03078144152838455,0.00445490092515444
198.4,44.70503339585858,-0.030335951435869132,0.004461374005836672
198.5,44.70199980071499,-0.02988981403528549,0.004437790806075846
198.60000000000002,44.69901081931146,-0.029446034954677805,0.004403990167137919
198.70000000000002,44.69606621581599,-0.029005635937964038,0.004284852079126448
198.8,44.6931656522222,-0.028577150730051418,0.004188712655993731
198.9,44.69030793714919,-0.02815827946445207,0.004015825803226853
199.0,44.68749210920274,-0.027756696884129406,0.0037642699336135526
199.10000000000002,44.68471643951433,-0.027380269890767965,0.0035059396297264147
199.20000000000002,44.681978412525254,-0.027029675927795344,0.0032970193411606882
199.3,44.67927544493248,-0.026699973993679293,0.003147610612921388
199.4,44.676605447533106,-0.026385212932387173,0.002898160793902557
199.5,44.67396692623987,-0.026095396852996933,0.00262812070399624
199.60000000000002,44.67135738655457,-0.02583258478259725,0.0023743311476543505
199.70000000000002,44.66877412807631,-0.025595151667831828,0.002114668362519343
199.8,44.66621461290953,-0.025383684831579906,0.0018710651615501416
199.9,44.66367624442637,-0.025196578315424902,0.0018710651615501416
200.0,44.66115658659483,nan,nan
