t,drumAngleDeg,drumVelDeg_s,drumAccDeg_s2,TN2,dTN2,Tm,dTm,Thp,dThp,Tf,dTf,c[1],c[2],c[3],c[4],c[5],c[6],dc[1],dc[2],dc[3],dc[4],dc[5],dc[6],P_MW,n,dn,rho,rho_dollars,m_dot_steam,Q_to_steam
0.0,45.0,0.0,0.0,878.1500244140625,0.0,1150.1500244140625,0.48124977946281433,1073.1500244140625,0.0,1173.1500244140625,-0.18400000035762787,1.0,1.0,1.0,1.0,1.0,1.0,0.0,0.0,0.0,0.0,0.0,0.0,6.0,1.0,-1.9387063738510613e-15,0.0,0.0,2.947143077850342,6000000.0
0.10000000149011612,45.08351135253906,0.8351187109947205,8.351186752319336,878.1500244140625,0.0007520573562942445,1150.1971435546875,0.4611518085002899,1073.1519775390625,0.03754564747214317,1173.13134765625,-0.1908080279827118,0.9999960064888,0.9999901652336121,0.9999638795852661,0.9999100565910339,0.9997518658638,0.9992155432701111,-9.71802874119021e-05,-0.0002383167011430487,-0.0008761361241340637,-0.0021798310335725546,-0.005981101654469967,-0.018557138741016388,5.9562668800354,0.9927111268043518,-0.10273174941539764,-6.812495848862454e-05,-0.010261221788823605,2.947143316268921,6000000.5
0.20000000298023224,45.166656494140625,0.8314470052719116,-0.0367170087993145,878.1502075195312,0.002796243643388152,1150.2421875,0.4401271343231201,1073.1573486328125,0.06931699812412262,1173.1116943359375,-0.20282582938671112,0.9999793767929077,0.9999494552612305,0.999814510345459,0.9995402693748474,0.9987524747848511,0.9962702989578247,-0.00023549071920569986,-0.0005769787239842117,-0.0021125648636370897,-0.0052123605273664,-0.013953959569334984,-0.039781924337148666,5.893958568572998,0.9823263883590698,-0.10487272590398788,-0.00013595526979770511,-0.020478062331676483,2.9471445083618164,6000003.0
0.30000001192092896,45.249305725097656,0.8264930844306946,-0.049539126455783844,878.150634765625,0.005851575639098883,1150.28515625,0.41952770948410034,1073.16552734375,0.09598071128129959,1173.0908203125,-0.21514616906642914,0.9999488592147827,0.9998746514320374,0.9995413422584534,0.9988695383071899,0.9969823360443115,0.9914548993110657,-0.0003754962526727468,-0.0009191417484544218,-0.003351068589836359,-0.008196440525352955,-0.02139180526137352,-0.05607340857386589,5.830804347991943,0.971800684928894,-0.1057940423488617,-0.00020337699970696121,-0.030633362010121346,2.947147846221924,6000010.0
0.4000000059604645,45.331356048583984,0.8204967975616455,-0.059962935745716095,878.1514282226562,0.009672516025602818,1150.326171875,0.39934271574020386,1073.17626953125,0.1181657612323761,1173.068603515625,-0.22764195501804352,0.9999042749404907,0.9997655749320984,0.9991446137428284,0.9979037642478943,0.9944959878921509,0.9852097630500793,-0.0005162136512808502,-0.0012623891234397888,-0.004582790657877922,-0.01111159659922123,-0.02827851101756096,-0.06847818940877914,5.767245292663574,0.9612075686454773,-0.10625345259904861,-0.00027030293131247163,-0.04071398079395294,2.9471540451049805,6000022.5
0.5,45.41270065307617,0.8134646415710449,-0.07032134383916855,878.152587890625,0.014050900936126709,1150.3651123046875,0.37955352663993835,1073.1890869140625,0.13642281293869019,1173.0452880859375,-0.24023489654064178,0.999845564365387,0.9996222257614136,0.9986252784729004,0.9966503977775574,0.9913482069969177,0.9778795838356018,-0.0006570463883690536,-0.0016052572755143046,-0.0058024488389492035,-0.013946562074124813,-0.03462259843945503,-0.07785216718912125,5.703550338745117,0.9505917429924011,-0.10629084706306458,-0.00033664630609564483,-0.05070685222744942,2.9471633434295654,6000041.5
0.6000000238418579,45.49324417114258,0.8054080605506897,-0.08056607097387314,878.1542358398438,0.018810881301760674,1150.402099609375,0.3601439297199249,1073.2034912109375,0.15123392641544342,1173.0206298828125,-0.2528572678565979,0.999772846698761,0.9994446039199829,0.997984766960144,0.9951180219650269,0.9875925183296204,0.9697336554527283,-0.000797478249296546,-0.0019464819924905896,-0.0070055401884019375,-0.016692185774445534,-0.0404367595911026,-0.08485323190689087,5.639951229095459,0.9399918913841248,-0.10597258061170578,-0.00040232110768556595,-0.06059902533888817,2.947176456451416,6000068.0
0.699999988079071,45.57290267944336,0.796598494052887,-0.08809588104486465,878.1563720703125,0.023804523050785065,1150.4371337890625,0.34109845757484436,1073.21923828125,0.1630212515592575,1172.99462890625,-0.2654549181461334,0.9996861219406128,0.9992330074310303,0.9972249269485474,0.9933158159255981,0.9832811951637268,0.9609829187393188,-0.0009370981715619564,-0.002285059541463852,-0.008188556879758835,-0.019341925159096718,-0.045739032328128815,-0.08999514579772949,5.576633453369141,0.9294388890266418,-0.10538050532341003,-0.00046726351138204336,-0.07038088142871857,2.947193145751953,6000102.0
0.800000011920929,45.6516227722168,0.7871919274330139,-0.09406539797782898,878.1589965820312,0.028907982632517815,1150.4703369140625,0.32240229845046997,1073.2359619140625,0.17215456068515778,1172.967529296875,-0.27798527479171753,0.9995855093002319,0.9989877343177795,0.996347963809967,0.9912536144256592,0.9784642457962036,0.9517927169799805,-0.0010755837429314852,-0.0026202055159956217,-0.009348827414214611,-0.021891409531235695,-0.05055138096213341,-0.0936802551150322,5.513741970062256,0.918956995010376,-0.10457045584917068,-0.0005314223235473037,-0.0800447016954422,2.947214126586914,6000144.5
0.8999999761581421,45.72934341430664,0.7772301435470581,-0.09961780905723572,878.162109375,0.03401818126440048,1150.5015869140625,0.3040419816970825,1073.2535400390625,0.17895784974098206,1172.9390869140625,-0.2904132604598999,0.9994710683822632,0.9987091422080994,0.9953562021255493,0.9889416098594666,0.9731894731521606,0.9422926306724548,-0.001212671515531838,-0.002951280912384391,-0.010484235361218452,-0.02433769218623638,-0.05489750951528549,-0.09622158855199814,5.451396942138672,0.9085661768913269,-0.10357816517353058,-0.0005947497556917369,-0.08958330750465393,2.9472389221191406,6000195.0
1.0,45.806034088134766,0.7668914794921875,-0.10338655859231949,878.165771484375,0.0390499122440815,1150.5311279296875,0.28600478172302246,1073.271728515625,0.1837151199579239,1172.909423828125,-0.3027113676071167,0.9993430376052856,0.9983976483345032,0.9942522048950195,0.986390233039856,0.9675022959709167,0.9325844049453735,-0.0013481553178280592,-0.0032777898013591766,-0.011593209579586983,-0.026679210364818573,-0.05880272760987282,-0.09786505997180939,5.389691352844238,0.8982819318771362,-0.10244912654161453,-0.0006572125712409616,-0.09899167716503143,2.947267770767212,6000254.0
1.100000023841858,45.88166809082031,0.7563389539718628,-0.10552529245615005,878.169921875,0.043933331966400146,1150.558837890625,0.2682786285877228,1073.2901611328125,0.18667536973953247,1172.8785400390625,-0.31485915184020996,0.9992015361785889,0.998053789138794,0.9930386543273926,0.9836099743843079,0.9614454507827759,0.9227479100227356,-0.001481883809901774,-0.0035993705969303846,-0.012674684636294842,-0.028915653005242348,-0.06229357421398163,-0.0988055169582367,5.328694820404053,0.8881157636642456,-0.10122044384479523,-0.0007187911542132497,-0.10826686024665833,2.947300434112549,6000321.0
1.2000000476837158,45.95623016357422,0.7456233501434326,-0.10715612024068832,878.174560546875,0.04861178994178772,1150.5848388671875,0.25085219740867615,1073.3089599609375,0.1880570352077484,1172.846435546875,-0.3268408179283142,0.9990467429161072,0.9976779818534851,0.9917184114456177,0.9806113243103027,0.9550590515136719,0.9128455519676208,-0.0016137418569996953,-0.00391575088724494,-0.013727931305766106,-0.03104752115905285,-0.06539662927389145,-0.0991959497332573,5.268459320068359,0.8780765533447266,-0.09991295635700226,-0.0007794698467478156,-0.11740650236606598,2.9473371505737305,6000395.0
1.2999999523162842,46.02969741821289,0.73465496301651,-0.1096837967634201,878.1796264648438,0.053039927035570145,1150.6090087890625,0.23371562361717224,1073.3277587890625,0.18805181980133057,1172.813232421875,-0.3386423587799072,0.9988788366317749,0.9972708225250244,0.9902942180633545,0.9774046540260315,0.9483805894851685,0.9029263257980347,-0.0017436272464692593,-0.00422669155523181,-0.014752347022294998,-0.03307559713721275,-0.06813708692789078,-0.09915369749069214,5.209033012390137,0.8681721687316895,-0.09853049367666245,-0.0008392258314415812,-0.12640716135501862,2.9473772048950195,6000477.0
1.399999976158142,46.10200500488281,0.7230984568595886,-0.11556525528430939,878.1851806640625,0.05718204379081726,1150.631591796875,0.21686136722564697,1073.3465576171875,0.18682818114757538,1172.77880859375,-0.35024788975715637,0.9986980557441711,0.9968329071998596,0.9887691140174866,0.9740003347396851,0.9414452314376831,0.8930290937423706,-0.0018714206526055932,-0.004531910642981529,-0.015747176483273506,-0.03500024601817131,-0.0705370232462883,-0.09876355528831482,5.15047025680542,0.8584116697311401,-0.09705086797475815,-0.0008980082930065691,-0.1352611780166626,2.947420835494995,6000565.5
1.5,46.17306137084961,0.7105649709701538,-0.1253349781036377,878.1911010742188,0.06101069226861,1150.65234375,0.20028455555438995,1073.3651123046875,0.18453432619571686,1172.7431640625,-0.36163753271102905,0.998504638671875,0.9963647127151489,0.9871460199356079,0.9704087376594543,0.9342861175537109,0.8831856846809387,-0.0019969698041677475,-0.004831047262996435,-0.016711382195353508,-0.03682108223438263,-0.07261470705270767,-0.09808308631181717,5.092840671539307,0.8488067388534546,-0.09544824063777924,-0.0009557342855259776,-0.14395608007907867,2.947467565536499,6000661.0
1.600000023841858,46.242801666259766,0.6974138021469116,-0.13151170313358307,878.1973266601562,0.0645054429769516,1150.671630859375,0.1839805245399475,1073.3834228515625,0.18130093812942505,1172.7064208984375,-0.3727957606315613,0.9982987642288208,0.9958669543266296,0.9854280948638916,0.9666402339935303,0.9269344806671143,0.8734226226806641,-0.0021201560739427805,-0.005123822949826717,-0.017644234001636505,-0.038538482040166855,-0.07438896596431732,-0.09716194123029709,5.03619909286499,0.8393665552139282,-0.09377177804708481,-0.0010123503161594272,-0.1524837762117386,2.947517156600952,6000761.5
1.7000000476837158,46.31120300292969,0.6839916706085205,-0.1342211365699768,878.2039794921875,0.06765185296535492,1150.689208984375,0.16794370114803314,1073.4012451171875,0.1772431582212448,1172.6685791015625,-0.3837142586708069,0.9980807304382324,0.9953402280807495,0.983618438243866,0.962705135345459,0.9194196462631226,0.8637614846229553,-0.002240917645394802,-0.0054100994020700455,-0.018545525148510933,-0.04015408083796501,-0.07588054984807968,-0.0960480198264122,4.980575084686279,0.8300958871841431,-0.09206072241067886,-0.0010678316466510296,-0.16084057092666626,2.9475693702697754,6000868.0
1.7999999523162842,46.378265380859375,0.6706087589263916,-0.133829265832901,878.2108764648438,0.07044050842523575,1150.7052001953125,0.15216776728630066,1073.4188232421875,0.17246253788471222,1172.6297607421875,-0.39439067244529724,0.9978507161140442,0.9947851896286011,0.9817202687263489,0.958613395690918,0.9117688536643982,0.8542194366455078,-0.002359240548685193,-0.005689855199307203,-0.0194154791533947,-0.041670531034469604,-0.07711146771907806,-0.09478618204593658,4.925976276397705,0.8209960460662842,-0.0903487354516983,-0.0011221793247386813,-0.16902659833431244,2.9476239681243896,6000979.0
1.899999976158142,46.44399642944336,0.6573265790939331,-0.13282138109207153,878.218017578125,0.0728662833571434,1150.7196044921875,0.1366463303565979,1073.435791015625,0.16704857349395752,1172.5897216796875,-0.4048255681991577,0.9976089596748352,0.9942024946212769,0.9797365665435791,0.9543749094009399,0.9040070176124573,0.8448091745376587,-0.0024751333985477686,-0.005963124800473452,-0.02025451883673668,-0.043090905994176865,-0.07810324430465698,-0.09341418743133545,4.872400283813477,0.8120667338371277,-0.08864390105009079,-0.0011753995204344392,-0.17704282701015472,2.9476804733276367,6001094.5
2.0,46.50843048095703,0.6443367600440979,-0.12989866733551025,878.2254028320312,0.07492759823799133,1150.7325439453125,0.12137291580438614,1073.4521484375,0.1610802263021469,1172.5487060546875,-0.41502222418785095,0.9973557591438293,0.9935927987098694,0.9776705503463745,0.9499989748001099,0.8961569666862488,0.8355401754379272,-0.0025886264629662037,-0.006229996681213379,-0.021063262596726418,-0.044418685138225555,-0.07887706905603409,-0.09196465462446213,4.8198347091674805,0.8033058047294617,-0.08696725219488144,-0.0012275147018954158,-0.18489259481430054,2.9477388858795166,6001213.5
2.0999999046325684,46.57160568237305,0.6317398548126221,-0.1259690225124359,878.2330322265625,0.07662585377693176,1150.743896484375,0.10634087771177292,1073.468017578125,0.15462714433670044,1172.5067138671875,-0.4249863028526306,0.9970913529396057,0.9929567575454712,0.9755251407623291,0.9454947113990784,0.8882395029067993,0.8264186978340149,-0.0026997695676982403,-0.00649060495197773,-0.021842490881681442,-0.04565766453742981,-0.0794534981250763,-0.0904655009508133,4.768259048461914,0.7947098016738892,-0.08532892167568207,-0.0012785557191818953,-0.19258058071136475,2.94779896736145,6001335.5
2.200000047683716,46.63356018066406,0.6195629239082336,-0.12176930904388428,878.24072265625,0.0779649168252945,1150.7537841796875,0.0915437713265419,1073.4830322265625,0.14775079488754272,1172.4637451171875,-0.4347243905067444,0.9968159198760986,0.99229496717453,0.9733031988143921,0.9408708214759827,0.8802734613418579,0.817448616027832,-0.002808618824928999,-0.006745100952684879,-0.02259303815662861,-0.04681168869137764,-0.07985188812017441,-0.08893906325101852,4.717648506164551,0.7862747311592102,-0.0837322250008583,-0.00132855586707592,-0.2001117765903473,2.9478600025177,6001459.5
2.299999952316284,46.694339752197266,0.607785701751709,-0.11777211725711823,878.2485961914062,0.07895065099000931,1150.76220703125,0.07697552442550659,1073.49755859375,0.14050547778606415,1172.4197998046875,-0.4442431330680847,0.9965296983718872,0.9916079640388489,0.9710076451301575,0.9361356496810913,0.8722756505012512,0.8086317777633667,-0.002915231976658106,-0.006993637420237064,-0.023315737023949623,-0.0478845052421093,-0.08009006083011627,-0.08740224689245224,4.6679792404174805,0.7779965400695801,-0.08217623829841614,-0.001377547043375671,-0.20749099552631378,2.9479219913482666,6001586.0
2.4000000953674316,46.75394058227539,0.5960342288017273,-0.11751445382833481,878.2565307617188,0.0795905813574791,1150.7691650390625,0.06263149529695511,1073.51123046875,0.13293921947479248,1172.3748779296875,-0.45354557037353516,0.9962329268455505,0.990896463394165,0.9686411619186401,0.9312970638275146,0.8642613291740417,0.7999687790870667,-0.003019636729732156,-0.007236295845359564,-0.024011150002479553,-0.048879094421863556,-0.08018258213996887,-0.08586220443248749,4.6192402839660645,0.7698733806610107,-0.08062905818223953,-0.001425529713742435,-0.21471832692623138,2.9479846954345703,6001713.5
2.5,46.81238555908203,0.5844342112541199,-0.1160004511475563,878.2644653320312,0.07989352941513062,1150.7747802734375,0.04850735887885094,1073.5240478515625,0.12509466707706451,1172.3291015625,-0.46263474225997925,0.9959258437156677,0.9901609420776367,0.9662064909934998,0.9263628125190735,0.8562444448471069,0.7914596796035767,-0.003121861256659031,-0.007473155856132507,-0.024679826572537422,-0.04979834705591202,-0.08014283329248428,-0.0843244194984436,4.571419715881348,0.7619032859802246,-0.07910557091236115,-0.0014725152868777514,-0.221795454621315,2.948047637939453,6001841.5
2.5999999046325684,46.86970520019531,0.5731825828552246,-0.11251601576805115,878.2724609375,0.0798693522810936,1150.7789306640625,0.03459833189845085,1073.5361328125,0.11700960993766785,1172.2823486328125,-0.47151637077331543,0.9956086874008179,0.9894020557403564,0.9637062549591064,0.92134028673172,0.8482375741004944,0.783103883266449,-0.003221953986212611,-0.0077043501660227776,-0.025322504341602325,-0.05064554512500763,-0.07998443394899368,-0.08279702067375183,4.524497032165527,0.7540828585624695,-0.07762221246957779,-0.0015185314696282148,-0.2287265658378601,2.948110818862915,6001970.0
2.700000047683716,46.92593002319336,0.5622707605361938,-0.10911815613508224,878.2804565429688,0.07952871173620224,1150.78173828125,0.02089964598417282,1073.5474853515625,0.10871759802103043,1172.23486328125,-0.4801967144012451,0.9952815771102905,0.9886202812194824,0.9611430168151855,0.9162364602088928,0.8402519226074219,0.7749000191688538,-0.0033199700992554426,-0.007930023595690727,-0.025939960032701492,-0.051423992961645126,-0.07972019165754318,-0.08128704875707626,4.47844934463501,0.746408224105835,-0.07617715001106262,-0.0015636056195944548,-0.2355157881975174,2.948173761367798,6002098.5
2.799999952316284,46.98111343383789,0.5518147945404053,-0.10455967485904694,878.2883911132812,0.0788828656077385,1150.7830810546875,0.007406427524983883,1073.5579833984375,0.10024841129779816,1172.1864013671875,-0.48868319392204285,0.9949447512626648,0.9878162741661072,0.9585192203521729,0.9110581278800964,0.8322973847389221,0.7668459415435791,-0.0034159719944000244,-0.008150340057909489,-0.026533035561442375,-0.05213708057999611,-0.07936239242553711,-0.07980135083198547,4.433249473571777,0.7388749122619629,-0.07478021830320358,-0.0016077746404334903,-0.24216869473457336,2.9482362270355225,6002226.0
2.9000000953674316,47.03532791137695,0.5421500205993652,-0.09664782881736755,878.2962036132812,0.07794350385665894,1150.783203125,-0.0058870804496109486,1073.5675048828125,0.09162846207618713,1172.1370849609375,-0.49698659777641296,0.9945984482765198,0.9869904518127441,0.9558373093605042,0.9058115482330322,0.8243827223777771,0.758938729763031,-0.0035100500099360943,-0.008365534245967865,-0.027102816849946976,-0.05278872326016426,-0.0789240300655365,-0.07835039496421814,4.388857364654541,0.7314762473106384,-0.07345765084028244,-0.0016511041903868318,-0.24869515001773834,2.948298215866089,6002352.0
3.0,47.08863830566406,0.5331166386604309,-0.09033410251140594,878.303955078125,0.07672258466482162,1150.781982421875,-0.0189864169806242,1073.5762939453125,0.0828811526298523,1172.0870361328125,-0.5051172375679016,0.994242787361145,0.9861433506011963,0.9530995488166809,0.9005026817321777,0.8165153861045837,0.7511745095252991,-0.0036022912245243788,-0.00857582874596119,-0.027650343254208565,-0.05338263884186745,-0.07841682434082031,-0.07694119960069656,4.345235824584961,0.7242059707641602,-0.0721931979060173,-0.0016936464235186577,-0.2551029920578003,2.948359489440918,6002476.5
3.0999999046325684,47.141109466552734,0.524705708026886,-0.08410925418138504,878.3115234375,0.07523221522569656,1150.7794189453125,-0.031896792352199554,1073.5841064453125,0.07402722537517548,1172.0360107421875,-0.5130845308303833,0.9938780665397644,0.9852754473686218,0.950308084487915,0.8951371908187866,0.808701753616333,0.7435489296913147,-0.0036927752662450075,-0.008781429380178452,-0.028176574036478996,-0.05392227694392204,-0.07785109430551529,-0.07557778805494308,4.302350044250488,0.7170583009719849,-0.07098659873008728,-0.0017354530282318592,-0.261400043964386,2.9484195709228516,6002598.5
3.200000047683716,47.192771911621094,0.5166059732437134,-0.08099744468927383,878.3189697265625,0.07348453998565674,1150.775634765625,-0.04462248086929321,1073.591064453125,0.06508512049913406,1171.984375,-0.5208949446678162,0.9935043454170227,0.984387218952179,0.9474650621414185,0.8897202610969543,0.8009472489356995,0.7360575199127197,-0.003781558247283101,-0.008982482366263866,-0.028682254254817963,-0.05441046506166458,-0.07723488658666611,-0.07425875216722488,4.2601752281188965,0.7100291848182678,-0.06981246173381805,-0.0017765494994819164,-0.26759016513824463,2.9484782218933105,6002718.5
3.299999952316284,47.24362564086914,0.5085674524307251,-0.08038481324911118,878.3262329101562,0.07149168103933334,1150.7705078125,-0.0571666955947876,1073.5970458984375,0.05607131868600845,1171.931884765625,-0.5285516381263733,0.9931218028068542,0.9834791421890259,0.9445724487304688,0.8842570781707764,0.7932566404342651,0.7286959886550903,-0.0038686697371304035,-0.009179070591926575,-0.029167871922254562,-0.05484934151172638,-0.07657397538423538,-0.07297804951667786,4.2186994552612305,0.7031165957450867,-0.0686531513929367,-0.0018169403774663806,-0.273673951625824,2.948535442352295,6002835.0
3.4000000953674316,47.29366683959961,0.5003957748413086,-0.08171720057725906,878.333251953125,0.06926562637090683,1150.76416015625,-0.06953179836273193,1073.602294921875,0.04700062423944473,1171.878662109375,-0.536055326461792,0.9927306771278381,0.982551634311676,0.9416322708129883,0.8787523508071899,0.7856341600418091,0.7214609980583191,-0.003954119514673948,-0.009371225722134113,-0.029633736237883568,-0.05524054169654846,-0.07587244361639023,-0.07172751426696777,4.177919387817383,0.6963198781013489,-0.06749530881643295,-0.0018566137878224254,-0.2796497046947479,2.9485912322998047,6002948.0
3.5,47.342857360839844,0.4919126629829407,-0.08483096212148666,878.340087890625,0.06681821495294571,1150.756591796875,-0.08171940594911575,1073.6064453125,0.03788641467690468,1171.82470703125,-0.5434046387672424,0.9923310279846191,0.981605052947998,0.9386464953422546,0.8732108473777771,0.7780837416648865,0.7143499851226807,-0.004037900362163782,-0.00955894123762846,-0.030080001801252365,-0.055585287511348724,-0.0751330628991127,-0.07049790769815445,4.137839317321777,0.6896398663520813,-0.06632698327302933,-0.0018955428386107087,-0.28551334142684937,2.9486448764801025,6003057.5
3.5999999046325684,47.39119338989258,0.4833621084690094,-0.08550554513931274,878.3466186523438,0.06416108459234238,1150.747802734375,-0.09373146295547485,1073.60986328125,0.028740812093019485,1171.77001953125,-0.5505999326705933,0.9919231534004211,0.9806399941444397,0.9356170296669006,0.8676370978355408,0.7706089615821838,0.7073610424995422,-0.004120019264519215,-0.00974224042147398,-0.03050694242119789,-0.05588505417108536,-0.07435915619134903,-0.06928486377000809,4.098456859588623,0.6830761432647705,-0.06516798585653305,-0.0019337211269885302,-0.2912639081478119,2.9486966133117676,6003163.0
3.700000047683716,47.43867111206055,0.47476112842559814,-0.08600986003875732,878.3529052734375,0.06130563095211983,1150.73779296875,-0.10557010769844055,1073.6123046875,0.019574787467718124,1171.714599609375,-0.5576426386833191,0.9915071129798889,0.9796568155288696,0.9325459003448486,0.8620355725288391,0.7632132172584534,0.7004927396774292,-0.004200489725917578,-0.00992116890847683,-0.030914900824427605,-0.05614146217703819,-0.07355428487062454,-0.06808652728796005,4.05976676940918,0.6766278147697449,-0.06401807069778442,-0.001971143763512373,-0.2969006299972534,2.9487462043762207,6003264.0
3.799999952316284,47.48527526855469,0.4660338759422302,-0.08727239072322845,878.35888671875,0.05826297029852867,1150.7266845703125,-0.11723720282316208,1073.61376953125,0.010398288257420063,1171.658447265625,-0.5645333528518677,0.9910830855369568,0.9786559343338013,0.9294348359107971,0.8564105033874512,0.7558993101119995,0.6937435865402222,-0.004279321990907192,-0.010095757432281971,-0.031304165720939636,-0.05635596066713333,-0.07272141426801682,-0.06690056622028351,4.021766185760498,0.6702943444252014,-0.0628720074892044,-0.0020077996887266636,-0.3024218678474426,2.948793411254883,6003360.0
3.9000000953674316,47.530982971191406,0.45710423588752747,-0.08929629623889923,878.3645629882812,0.055043939501047134,1150.71435546875,-0.1287342756986618,1073.6143798828125,0.001220368198119104,1171.6016845703125,-0.5712721347808838,0.9906513094902039,0.9776378273963928,0.9262858033180237,0.8507660031318665,0.7486700415611267,0.6871125102043152,-0.004356518387794495,-0.010266023688018322,-0.03167497366666794,-0.05652981624007225,-0.07186286896467209,-0.06572403758764267,3.984454393386841,0.6640757322311401,-0.061725132167339325,-0.002043670741841197,-0.30782490968704224,2.948838233947754,6003451.5
4.0,47.57579803466797,0.4481499195098877,-0.08954331278800964,878.369873046875,0.051659077405929565,1150.700927734375,-0.14006313681602478,1073.614013671875,-0.007950722239911556,1171.544189453125,-0.5778601169586182,0.9902119040489197,0.9766029119491577,0.9231005907058716,0.8451061248779297,0.7415277361869812,0.6805986762046814,-0.004432092886418104,-0.010432007722556591,-0.03202764689922333,-0.056664496660232544,-0.07098142802715302,-0.06455673277378082,3.9478261470794678,0.6579710245132446,-0.06059085205197334,-0.0020787545945495367,-0.3131093382835388,2.948880434036255,6003537.0
4.099999904632568,47.61973190307617,0.4393295645713806,-0.08820361644029617,878.3748779296875,0.04811858758330345,1150.6864013671875,-0.15122605860233307,1073.61279296875,-0.017107484862208366,1171.486083984375,-0.5843005180358887,0.9897649884223938,0.9755516052246094,0.9198809862136841,0.8394346237182617,0.7344745993614197,0.6742010116577148,-0.004506072960793972,-0.010593787766993046,-0.03236263245344162,-0.05676175281405449,-0.07008055597543716,-0.0634012296795845,3.911870241165161,0.6519783735275269,-0.05947919189929962,-0.0021130614914000034,-0.3182767927646637,2.9489197731018066,6003617.5
4.199999809265137,47.66279983520508,0.43069544434547424,-0.08634106069803238,878.3795166015625,0.04443236440420151,1150.6707763671875,-0.16222555935382843,1073.610595703125,-0.02624313160777092,1171.4273681640625,-0.5905971527099609,0.9893107414245605,0.9744843244552612,0.9166287183761597,0.8337551951408386,0.7275123596191406,0.6679181456565857,-0.0045784940011799335,-0.010751456953585148,-0.032680440694093704,-0.05682342126965523,-0.06916381418704987,-0.06226067245006561,3.8765716552734375,0.6460952758789062,-0.058392755687236786,-0.0021466072648763657,-0.3233295679092407,2.9489564895629883,6003692.0
4.300000190734863,47.70500183105469,0.4219900667667389,-0.08705367147922516,878.3837890625,0.04060995951294899,1150.6539306640625,-0.1730635166168213,1073.6075439453125,-0.035351499915122986,1171.3680419921875,-0.5967519879341125,0.9888493418693542,0.9734014868736267,0.9133455753326416,0.8280712962150574,0.7206424474716187,0.6617485880851746,-0.004649374634027481,-0.010905071161687374,-0.03298142924904823,-0.05685095116496086,-0.06823352724313736,-0.0611344538629055,3.8419229984283447,0.6403204798698425,-0.057313524186611176,-0.0021793851628899574,-0.3282666802406311,2.9489898681640625,6003760.0
4.400000095367432,47.7463264465332,0.41324275732040405,-0.08747313171625137,878.3876342773438,0.03666058927774429,1150.6361083984375,-0.18374162912368774,1073.603515625,-0.04442695528268814,1171.3079833984375,-0.6027664542198181,0.9883809089660645,0.9723034501075745,0.910033106803894,0.8223863244056702,0.7138661742210388,0.6556910276412964,-0.004718730226159096,-0.011054675094783306,-0.033265914767980576,-0.05684564262628555,-0.06729159504175186,-0.06002143770456314,3.807918071746826,0.6346530318260193,-0.05624518170952797,-0.0022113907616585493,-0.3330875039100647,2.9490206241607666,6003822.5
4.5,47.78676223754883,0.40437552332878113,-0.08867254853248596,878.39111328125,0.03259314224123955,1150.6171875,-0.19426140189170837,1073.5986328125,-0.05346433445811272,1171.2474365234375,-0.6086415648460388,0.9879056215286255,0.9711906909942627,0.9066930413246155,0.8167034387588501,0.7071846127510071,0.6497441530227661,-0.004786571487784386,-0.011200305074453354,-0.033534180372953415,-0.05680869519710541,-0.06633953750133514,-0.058920081704854965,3.774553060531616,0.6290922164916992,-0.05518219247460365,-0.002242614049464464,-0.33779042959213257,2.949047803878784,6003878.0
4.599999904632568,47.8263053894043,0.3954240679740906,-0.08951455354690552,878.3941650390625,0.028416160494089127,1150.5972900390625,-0.20462432503700256,1073.5927734375,-0.06245889142155647,1171.186279296875,-0.6143784523010254,0.9874236583709717,0.9700635671615601,0.9033269286155701,0.8110257983207703,0.7005987167358398,0.6439068913459778,-0.004852910991758108,-0.011341997422277927,-0.03378651291131973,-0.05674126371741295,-0.06537878513336182,-0.057829324156045914,3.741823434829712,0.6236372590065002,-0.05412749573588371,-0.0022730466444045305,-0.3423742949962616,2.9490718841552734,6003927.0
4.699999809265137,47.864925384521484,0.3862195312976837,-0.0920453742146492,878.3967895507812,0.024137871339917183,1150.5762939453125,-0.21483148634433746,1073.5860595703125,-0.07140625268220901,1171.1246337890625,-0.6199769973754883,0.9869351387023926,0.9689224362373352,0.8999363780021667,0.8053563833236694,0.6941092610359192,0.638178288936615,-0.0049177510663867,-0.011479767970740795,-0.03402310609817505,-0.05664427578449249,-0.06441007554531097,-0.05674661695957184,3.709728717803955,0.6182880997657776,-0.0530698299407959,-0.0023026668932288885,-0.34683582186698914,2.9490928649902344,6003969.5
4.800000190734863,47.902584075927734,0.3765649199485779,-0.09654608368873596,878.3989868164062,0.019766170531511307,1150.5543212890625,-0.22488336265087128,1073.5784912109375,-0.08030233532190323,1171.062255859375,-0.6254352927207947,0.9864401817321777,0.9677677750587463,0.8965229392051697,0.7996981739997864,0.6877171397209167,0.63255774974823,-0.004981078673154116,-0.011613592505455017,-0.03424401953816414,-0.05651828646659851,-0.06343317031860352,-0.055667195469141006,3.6782755851745605,0.6130459308624268,-0.05199771374464035,-0.002331435913220048,-0.3511691093444824,2.9491100311279297,6004005.0
4.900000095367432,47.939247131347656,0.366657555103302,-0.09907359629869461,878.4006958007812,0.01530864555388689,1150.5313720703125,-0.2347806841135025,1073.570068359375,-0.089143306016922,1170.99951171875,-0.6307523846626282,0.9859389662742615,0.9665998816490173,0.893088161945343,0.7940539121627808,0.6814230680465698,0.6270450949668884,-0.005042890552431345,-0.01174346823245287,-0.03444938361644745,-0.056364018470048904,-0.062448348850011826,-0.05458912253379822,3.6474671363830566,0.6079111695289612,-0.05092516541481018,-0.0023593315854668617,-0.3553708493709564,2.9491238594055176,6004033.0
5.0,47.974910736083984,0.35663050413131714,-0.1002705991268158,878.4020385742188,0.010772577486932278,1150.50732421875,-0.2445245236158371,1073.5606689453125,-0.09792560338973999,1170.9361572265625,-0.6359289884567261,0.9854316711425781,0.9654192328453064,0.8896336555480957,0.7884264588356018,0.6752278208732605,0.621640145778656,-0.005103194620460272,-0.01186942495405674,-0.03463944047689438,-0.05618245527148247,-0.06145663931965828,-0.05351322889328003,3.617300033569336,0.6028833389282227,-0.049859460443258286,-0.0023863431997597218,-0.3594394624233246,2.949134349822998,6004054.0
5.099999904632568,48.00959014892578,0.34676384925842285,-0.09866629540920258,878.4028930664062,0.00616495031863451,1150.482421875,-0.25411665439605713,1073.550537109375,-0.10664595663547516,1170.872314453125,-0.6409680247306824,0.9849183559417725,0.9642261862754822,0.8861609101295471,0.7828184962272644,0.6691319942474365,0.6163425445556641,-0.0051620169542729855,-0.011991534382104874,-0.03481459617614746,-0.055974964052438736,-0.06046012416481972,-0.052443649619817734,3.587763547897339,0.5979605913162231,-0.048817481845617294,-0.0024124840274453163,-0.3633768856525421,2.949141025543213,6004067.5
5.199999809265137,48.04328536987305,0.3369876444339752,-0.09776212275028229,878.4032592773438,0.001492456067353487,1150.45654296875,-0.26355883479118347,1073.5394287109375,-0.11530136317014694,1170.8079833984375,-0.6458726525306702,0.9843993186950684,0.9630210995674133,0.8826713562011719,0.7772324681282043,0.6631360054016113,0.6111513376235962,-0.005219385959208012,-0.012109874747693539,-0.03497526794672012,-0.05574290454387665,-0.059460777789354324,-0.05138363689184189,3.5588457584381104,0.5931409597396851,-0.047793105244636536,-0.0024377615191042423,-0.36718422174453735,2.949143886566162,6004074.0
5.300000190734863,48.07601547241211,0.3272685408592224,-0.09719107300043106,878.4031372070312,-0.003238497767597437,1150.4296875,-0.27285274863243103,1073.5274658203125,-0.12388911843299866,1170.7431640625,-0.6506454944610596,0.9838745594024658,0.9618043303489685,0.8791664242744446,0.7716708183288574,0.6572400331497192,0.6060656309127808,-0.00527532584965229,-0.012224509380757809,-0.035121820867061615,-0.0554874911904335,-0.058460164815187454,-0.05033488944172859,3.5305371284484863,0.5884228348731995,-0.0467846617102623,-0.002462179632857442,-0.3708621859550476,2.949143409729004,6004072.5
5.400000095367432,48.10779571533203,0.3178245425224304,-0.09443997591733932,878.402587890625,-0.008021781221032143,1150.4019775390625,-0.28200045228004456,1073.5146484375,-0.13240674138069153,1170.6778564453125,-0.655290424823761,0.983344316482544,0.9605762958526611,0.8756475448608398,0.7661358714103699,0.6514440178871155,0.6010841131210327,-0.00532987155020237,-0.012335535138845444,-0.03525473177433014,-0.0552101768553257,-0.057460442185401917,-0.0493009053170681,3.5028223991394043,0.5838037133216858,-0.04580530896782875,-0.0024857621174305677,-0.37441426515579224,2.949138879776001,6004063.5
5.5,48.13868713378906,0.30890747904777527,-0.08917074650526047,878.4015502929688,-0.012851537205278873,1150.373291015625,-0.2910046875476837,1073.5009765625,-0.14085203409194946,1170.612060546875,-0.6598138213157654,0.9828086495399475,0.9593373537063599,0.872115969657898,0.7606296539306641,0.6457478404045105,0.596204936504364,-0.005383076146245003,-0.012443087995052338,-0.03537462279200554,-0.054912760853767395,-0.056464679539203644,-0.04828762263059616,3.4756782054901123,0.5792797207832336,-0.044868551194667816,-0.0025085534434765577,-0.37784716486930847,2.9491305351257324,6004046.5
5.599999904632568,48.168766021728516,0.30079466104507446,-0.08112796396017075,878.4000244140625,-0.017722172662615776,1150.34375,-0.2998689115047455,1073.4864501953125,-0.14922311902046204,1170.5458984375,-0.6642241477966309,0.9822677373886108,0.9580878615379333,0.8685730695724487,0.7551540732383728,0.6401508450508118,0.5914256572723389,-0.0054350122809410095,-0.012547353282570839,-0.03548228740692139,-0.05459741875529289,-0.05547686293721199,-0.047303084284067154,3.449073314666748,0.574845552444458,-0.043989043682813644,-0.0025306222960352898,-0.3811712861061096,2.9491186141967773,6004022.0
5.699999809265137,48.19813537597656,0.2936720848083496,-0.07122582197189331,878.3980102539062,-0.022628363221883774,1150.3133544921875,-0.3085971772670746,1073.4710693359375,-0.1575184464454651,1170.479248046875,-0.6685317158699036,0.9817216992378235,0.9568279981613159,0.8650199770927429,0.7497107982635498,0.6346520185470581,0.5867429971694946,-0.005485765635967255,-0.012648547068238258,-0.03557863458991051,-0.05426657944917679,-0.05450150743126869,-0.04635593667626381,3.422969341278076,0.5704948902130127,-0.0431755930185318,-0.0025520536582916975,-0.38439932465553284,2.9491026401519775,6003989.5
5.800000190734863,48.22688674926758,0.28752753138542175,-0.06144549325108528,878.3955078125,-0.027565041556954384,1150.2821044921875,-0.31719374656677246,1073.4549560546875,-0.1657368242740631,1170.4122314453125,-0.6727468371391296,0.9811705946922302,0.9555582404136658,0.8614577651023865,0.7443012595176697,0.6292499303817749,0.5821529030799866,-0.005535424221307039,-0.012746891938149929,-0.03566456958651543,-0.0539226196706295,-0.0535428412258625,-0.045452870428562164,3.3973276615142822,0.566221296787262,-0.042425736784935,-0.0025729306507855654,-0.3875439167022705,2.949082851409912,6003949.0
5.900000095367432,48.25510787963867,0.28220874071121216,-0.05318811908364296,878.3925170898438,-0.03252740204334259,1150.2498779296875,-0.3256625533103943,1073.43798828125,-0.17387732863426208,1170.3447265625,-0.6768786907196045,0.9806146621704102,0.9542787671089172,0.8578874468803406,0.7389267086982727,0.6239427328109741,0.5776507258415222,-0.005584064871072769,-0.012842581607401371,-0.03574090078473091,-0.05356763303279877,-0.05260413512587547,-0.04459705203771591,3.372114419937134,0.5620190501213074,-0.04172990471124649,-0.002593324752524495,-0.39061570167541504,2.949059009552002,6003901.0
6.0,48.282840728759766,0.277342289686203,-0.0486643947660923,878.3889770507812,-0.037510890513658524,1150.2169189453125,-0.3340066969394684,1073.420166015625,-0.18193933367729187,1170.27685546875,-0.6809332370758057,0.9800538420677185,0.9529898166656494,0.8543099761009216,0.7335881590843201,0.6187282800674438,0.5732318162918091,-0.005631741136312485,-0.012935753911733627,-0.03580821678042412,-0.05320310965180397,-0.05168694257736206,-0.04378638043999672,3.3473060131073,0.5578843355178833,-0.041066642850637436,-0.0026132743805646896,-0.3936206102371216,2.949031352996826,6003844.5
6.099999904632568,48.310123443603516,0.27283555269241333,-0.04506748914718628,878.385009765625,-0.04251120239496231,1150.18310546875,-0.3422289788722992,1073.401611328125,-0.1899223029613495,1170.20849609375,-0.6849151253700256,0.9794883131980896,0.9516916871070862,0.8507261872291565,0.7282864451408386,0.6136044859886169,0.5688919425010681,-0.005678494460880756,-0.013026513159275055,-0.03586697578430176,-0.05283022299408913,-0.050791941583156586,-0.043017033487558365,3.3228845596313477,0.5538141131401062,-0.04043193534016609,-0.002632810501381755,-0.39656323194503784,2.9489996433258057,6003780.0
6.199999809265137,48.33698654174805,0.26861223578453064,-0.042233143001794815,878.3804931640625,-0.04752426967024803,1150.1485595703125,-0.3503318428993225,1073.3822021484375,-0.19782590866088867,1170.139892578125,-0.68882817029953,0.978918194770813,0.9503846168518066,0.847136914730072,0.7230224013328552,0.6085690855979919,0.5646270513534546,-0.005724359303712845,-0.013114950619637966,-0.03591759502887726,-0.05244998261332512,-0.049919381737709045,-0.04228503257036209,3.298834800720215,0.5498058199882507,-0.03982114791870117,-0.002651957795023918,-0.3994472622871399,2.9489641189575195,6003707.5
6.300000190734863,48.36344909667969,0.26464155316352844,-0.039706889539957047,878.37548828125,-0.05254624783992767,1150.113037109375,-0.3583177328109741,1073.362060546875,-0.20564986765384674,1170.07080078125,-0.6926756501197815,0.9783434867858887,0.9490687847137451,0.8435429334640503,0.7177966833114624,0.6036197543144226,0.5604336857795715,-0.005769367329776287,-0.013201147317886353,-0.03596043959259987,-0.05206327885389328,-0.04906928911805153,-0.04158671200275421,3.2751431465148926,0.5458571910858154,-0.039232365787029266,-0.002670738147571683,-0.4022759795188904,2.9489245414733887,6003627.0
6.400000095367432,48.3895378112793,0.2608806788921356,-0.03760857880115509,878.3699951171875,-0.05757352337241173,1150.076904296875,-0.3661889135837555,1073.341064453125,-0.21339403092861176,1170.0013427734375,-0.6964605450630188,0.977764368057251,0.9477444887161255,0.8399450778961182,0.7126099467277527,0.598754346370697,0.5563086271286011,-0.005813546013087034,-0.013285177759826183,-0.03599584102630615,-0.05167090892791748,-0.04824146628379822,-0.04091868922114372,3.251797676086426,0.5419662594795227,-0.03866282105445862,-0.002689169254153967,-0.40505215525627136,2.948881149291992,6003538.5
6.5,48.415260314941406,0.2572074234485626,-0.03673270717263222,878.3639526367188,-0.0626026839017868,1150.039794921875,-0.3739473819732666,1073.3193359375,-0.22105833888053894,1169.9315185546875,-0.7001847624778748,0.9771808385848999,0.9464118480682373,0.8363440632820129,0.707462728023529,0.5939706563949585,0.552249014377594,-0.0058569167740643024,-0.013367095030844212,-0.0360240675508976,-0.051273468881845474,-0.04743526875972748,-0.04027699679136276,3.2287895679473877,0.538131594657898,-0.03810553625226021,-0.0027072590310126543,-0.40777692198753357,2.948833703994751,6003442.0
6.599999904632568,48.44062042236328,0.25359928607940674,-0.036081138998270035,878.3574829101562,-0.06763050705194473,1150.0020751953125,-0.3815949857234955,1073.296875,-0.2286427617073059,1169.861328125,-0.7038498520851135,0.976593017578125,0.9450711607933044,0.8327405452728271,0.7023554444313049,0.5892664790153503,0.5482524037361145,-0.005899494979530573,-0.013446944765746593,-0.036045342683792114,-0.050871457904577255,-0.04664988815784454,-0.039657969027757645,3.2061119079589844,0.5343520045280457,-0.03755953162908554,-0.00272501353174448,-0.41045114398002625,2.948782205581665,6003337.0
6.699999809265137,48.46563720703125,0.25018587708473206,-0.03413404896855354,878.3504638671875,-0.07265398651361465,1149.9635009765625,-0.3891337811946869,1073.2735595703125,-0.23614731431007385,1169.7906494140625,-0.7074580192565918,0.976000964641571,0.9437225461006165,0.8291352987289429,0.6972886323928833,0.5846399068832397,0.5443167090415955,-0.005941303912550211,-0.01352478563785553,-0.03605993837118149,-0.05046548694372177,-0.045884937047958374,-0.03905998170375824,3.1837549209594727,0.5306258201599121,-0.03703151270747185,-0.0027424490544945,-0.41307735443115234,2.9487268924713135,6003224.5
6.800000190734863,48.490333557128906,0.2469627559185028,-0.032231397926807404,878.3429565429688,-0.07767027616500854,1149.9241943359375,-0.39656582474708557,1073.2496337890625,-0.24357213079929352,1169.7197265625,-0.7110117673873901,0.9754047393798828,0.9423662424087524,0.8255288600921631,0.6922625303268433,0.58008873462677,0.5404397249221802,-0.005982367321848869,-0.013600680977106094,-0.0360681489109993,-0.05005619302392006,-0.045140139758586884,-0.03848205879330635,3.1617085933685303,0.5269514322280884,-0.03652021288871765,-0.002759582595899701,-0.4156580865383148,2.948667287826538,6003103.5
6.900000095367432,48.514739990234375,0.24405913054943085,-0.029036248102784157,878.3348999023438,-0.0826767086982727,1149.8841552734375,-0.40389344096183777,1073.224853515625,-0.25091737508773804,1169.6485595703125,-0.7145141959190369,0.9748045206069946,0.9410024881362915,0.8219218850135803,0.6872774958610535,0.5756110548973083,0.5366195440292358,-0.006022714544087648,-0.013674706220626831,-0.03607030212879181,-0.04964430630207062,-0.044415608048439026,-0.03792455047369003,3.1399600505828857,0.5233266949653625,-0.03603226691484451,-0.002776441629976034,-0.4181974530220032,2.948604106903076,6002974.5
7.0,48.53887176513672,0.2413312792778015,-0.02727850154042244,878.326416015625,-0.08767078071832657,1149.843505859375,-0.4111187160015106,1073.199462890625,-0.2581833302974701,1169.576904296875,-0.7179676294326782,0.9742002487182617,0.9396314024925232,0.8183150291442871,0.682333767414093,0.5712048411369324,0.5328540802001953,-0.006062369327992201,-0.013746923767030239,-0.036066681146621704,-0.0492304265499115,-0.0437110960483551,-0.03738667443394661,3.1184985637664795,0.5197497606277466,-0.035559073090553284,-0.002793041756376624,-0.42069777846336365,2.9485368728637695,6002837.5
7.099999904632568,48.56275177001953,0.2387949824333191,-0.025362975895404816,878.3173828125,-0.0926501527428627,1149.802001953125,-0.4182436764240265,1073.1732177734375,-0.26537027955055237,1169.5048828125,-0.7213743925094604,0.9735920429229736,0.9382531642913818,0.8147087693214417,0.6774314641952515,0.5668681263923645,0.5291415452957153,-0.0061013540253043175,-0.01381739228963852,-0.03605754300951958,-0.048815079033374786,-0.04302625730633736,-0.036867450922727585,3.0973150730133057,0.5162191987037659,-0.03510194644331932,-0.002809399040415883,-0.4231615960597992,2.948465585708618,6002692.5
7.199999809265137,48.5864143371582,0.23663076758384705,-0.021642114967107773,878.307861328125,-0.0976126417517662,1149.759765625,-0.4252706468105316,1073.1463623046875,-0.2724786102771759,1169.4326171875,-0.7247377038002014,0.9729800224304199,0.9368679523468018,0.8111037015914917,0.6725707650184631,0.5625988245010376,0.5254799127578735,-0.006139699369668961,-0.01388619001954794,-0.03604321926832199,-0.048398975282907486,-0.0423613078892231,-0.03636782988905907,3.0763959884643555,0.5127326846122742,-0.03466978669166565,-0.0028255463112145662,-0.425593763589859,2.948390245437622,6002539.5
7.300000190734863,48.60990524291992,0.23490479588508606,-0.01725972443819046,878.2978515625,-0.10255619138479233,1149.7169189453125,-0.43220216035842896,1073.1187744140625,-0.2795087993144989,1169.3599853515625,-0.7280614972114563,0.9723641276359558,0.9354760050773621,0.8075003027915955,0.667751669883728,0.5583950281143188,0.5218671560287476,-0.006177441217005253,-0.013953408226370811,-0.036024097353219986,-0.04798292741179466,-0.041716791689395905,-0.03588953986763954,3.055725574493408,0.5092875957489014,-0.03426477313041687,-0.002841521520167589,-0.42800000309944153,2.9483113288879395,6002378.5
7.400000095367432,48.63322830200195,0.2332240641117096,-0.01680726185441017,878.287353515625,-0.10747890919446945,1149.67333984375,-0.43904009461402893,1073.0904541015625,-0.28646138310432434,1169.2869873046875,-0.7313474416732788,0.9717445373535156,0.9340773820877075,0.8038990497589111,0.6629741787910461,0.5542547106742859,0.518301248550415,-0.006214597728103399,-0.014019094407558441,-0.03600038215517998,-0.04756731167435646,-0.04109206795692444,-0.03543035313487053,3.0352959632873535,0.5058826208114624,-0.033866237848997116,-0.0028573283925652504,-0.4303808808326721,2.948228359222412,6002209.5
7.5,48.65635299682617,0.2312552034854889,-0.019688593223690987,878.2763671875,-0.11237902194261551,1149.629150390625,-0.4457855224609375,1073.0615234375,-0.2933368980884552,1169.2137451171875,-0.7345943450927734,0.9711212515830994,0.9326722025871277,0.8003004193305969,0.6582382321357727,0.5501759648323059,0.5147806406021118,-0.006251163315027952,-0.014083240181207657,-0.03597208112478256,-0.04715199023485184,-0.04048517718911171,-0.03498443216085434,3.0151097774505615,0.5025182962417603,-0.033458977937698364,-0.00287294271402061,-0.4327327609062195,2.94814133644104,6002032.5
7.599999904632568,48.67924880981445,0.22896088659763336,-0.022943278774619102,878.264892578125,-0.11725487560033798,1149.584228515625,-0.45243918895721436,1073.0318603515625,-0.3001357913017273,1169.14013671875,-0.7378003597259521,0.9704943299293518,0.9312607645988464,0.7967048287391663,0.6535437703132629,0.5461570620536804,0.5113041400909424,-0.006287127733230591,-0.01414581947028637,-0.035939138382673264,-0.04673668369650841,-0.03989393264055252,-0.034546226263046265,2.9951725006103516,0.4991954267024994,-0.033042386174201965,-0.0028883363120257854,-0.43505141139030457,2.9480507373809814,6001848.0
7.699999809265137,48.70191955566406,0.22667817771434784,-0.02282699942588806,878.2529296875,-0.1221049502491951,1149.5386962890625,-0.4590023458003998,1073.00146484375,-0.3068585693836212,1169.066162109375,-0.7409654855728149,0.9698638319969177,0.9298431277275085,0.7931127548217773,0.6488908529281616,0.5421965718269348,0.5078712105751038,-0.006322493776679039,-0.014206847175955772,-0.035901639610528946,-0.04632146656513214,-0.039317261427640915,-0.03411448001861572,2.975482702255249,0.4959137737751007,-0.03263319656252861,-0.002903510583564639,-0.4373370110988617,2.947956085205078,6001655.5
7.800000190734863,48.724342346191406,0.2242385447025299,-0.024396363645792007,878.240478515625,-0.12692782282829285,1149.492431640625,-0.4654761254787445,1072.970458984375,-0.3135056793689728,1168.991943359375,-0.7440893650054932,0.9692298769950867,0.9284194707870483,0.7895246744155884,0.6442794799804688,0.5382931232452393,0.5044811367988586,-0.006357263773679733,-0.01426632795482874,-0.035859644412994385,-0.045906342566013336,-0.03875400125980377,-0.03368763625621796,2.9560399055480957,0.4926733374595642,-0.03222128748893738,-0.002918452024459839,-0.4395875334739685,2.9478578567504883,6001455.0
7.900000095367432,48.746498107910156,0.22156308591365814,-0.026754548773169518,878.2275390625,-0.13172216713428497,1149.445556640625,-0.471861332654953,1072.938720703125,-0.3200775682926178,1168.9173583984375,-0.7471708655357361,0.9685924053192139,0.9269899129867554,0.7859410047531128,0.6397095918655396,0.5344453454017639,0.5011336207389832,-0.006391432136297226,-0.014324252493679523,-0.03581314533948898,-0.04549116641283035,-0.038202669471502304,-0.03326326981186867,2.936847448348999,0.4894745945930481,-0.0318036749958992,-0.002933140378445387,-0.44179993867874146,2.9477555751800537,6001247.0
8.0,48.76837158203125,0.21873970329761505,-0.028233883902430534,878.214111328125,-0.13648676872253418,1149.3980712890625,-0.4781589210033417,1072.9063720703125,-0.3265746533870697,1168.8424072265625,-0.7502091526985168,0.9679515957832336,0.9255546927452087,0.7823622226715088,0.6351812481880188,0.5306521654129028,0.49782851338386536,-0.006424995604902506,-0.014380617067217827,-0.03576217219233513,-0.04507587105035782,-0.037662092596292496,-0.03284016251564026,2.9179065227508545,0.4863177537918091,-0.031384870409965515,-0.002947562839835882,-0.44397231936454773,2.9476497173309326,6001031.5
8.100000381469727,48.789939880371094,0.21569190919399261,-0.030477913096547127,878.2002563476562,-0.14122046530246735,1149.3499755859375,-0.484369695186615,1072.8734130859375,-0.33299732208251953,1168.767333984375,-0.7532032132148743,0.967307448387146,0.9241138696670532,0.7787887454032898,0.6306944489479065,0.5269125699996948,0.4945656955242157,-0.0064579495228827,-0.014435412362217903,-0.03570672869682312,-0.044660329818725586,-0.03713105991482735,-0.03241696208715439,2.899219512939453,0.483203262090683,-0.0309606846421957,-0.0029617007821798325,-0.4461018145084381,2.947539806365967,6000808.0
8.199999809265137,48.81124496459961,0.2130308449268341,-0.02661062777042389,878.1858520507812,-0.1459222435951233,1149.3011474609375,-0.49049532413482666,1072.83984375,-0.3393460512161255,1168.6917724609375,-0.7561553120613098,0.9666600227355957,0.9226676225662231,0.775221049785614,0.6262491941452026,0.5232256054878235,0.49134501814842224,-0.006490316241979599,-0.014488697052001953,-0.03564705327153206,-0.044245023280382156,-0.03661006689071655,-0.031997665762901306,2.880777359008789,0.48012956976890564,-0.03056085668504238,-0.002975587034597993,-0.44819343090057373,2.9474265575408936,6000577.0
8.300000190734863,48.832340240478516,0.2109408676624298,-0.02089974284172058,878.1710815429688,-0.15059109032154083,1149.2518310546875,-0.4965381622314453,1072.8055419921875,-0.34562134742736816,1168.6160888671875,-0.7590698003768921,0.9660093784332275,0.9212161898612976,0.7716594934463501,0.6218454241752625,0.5195901393890381,0.48816579580307007,-0.006522133946418762,-0.014540566131472588,-0.03558353707194328,-0.043830785900354385,-0.03610062226653099,-0.03158838674426079,2.862562894821167,0.47709381580352783,-0.03019118122756481,-0.002989271655678749,-0.4502546489238739,2.9473092555999756,6000338.5
8.399999618530273,48.85329055786133,0.20953430235385895,-0.014065646566450596,878.15576171875,-0.15522614121437073,1149.201904296875,-0.5025008916854858,1072.770751953125,-0.3518237769603729,1168.5400390625,-0.7619518041610718,0.965355634689331,0.9197595715522766,0.7681044936180115,0.6174829602241516,0.5160049200057983,0.4850267469882965,-0.0065534478053450584,-0.014591135084629059,-0.03551663085818291,-0.04341858625411987,-0.03560449555516243,-0.031194942072033882,2.8445558547973633,0.47409266233444214,-0.029856253415346146,-0.003002813784405589,-0.45229440927505493,2.94718861579895,6000092.5
8.5,48.874168395996094,0.20876027643680573,-0.007740373723208904,878.1400146484375,-0.15982656180858612,1149.1513671875,-0.5083861351013184,1072.7352294921875,-0.35795414447784424,1168.463623046875,-0.76480633020401,0.9646987318992615,0.9182980060577393,0.7645562887191772,0.613161563873291,0.5124686360359192,0.4819260239601135,-0.006584302522242069,-0.014640514738857746,-0.035446763038635254,-0.043009329587221146,-0.03512325510382652,-0.030821481719613075,2.82673716545105,0.4711228311061859,-0.02955300360918045,-0.0030162683688104153,-0.4543209969997406,2.947064161300659,5999839.5
8.600000381469727,48.8950080871582,0.2084127515554428,-0.003475145436823368,878.123779296875,-0.1643916368484497,1149.1002197265625,-0.5141960978507996,1072.6990966796875,-0.3640132248401642,1168.3870849609375,-0.7676371335983276,0.9640387892723083,0.9168315529823303,0.7610152363777161,0.6088809370994568,0.5089796781539917,0.47886160016059875,-0.006614730693399906,-0.014688788913190365,-0.035374268889427185,-0.04260367527604103,-0.034657713025808334,-0.030469201505184174,2.809091329574585,0.46818190813064575,-0.029271835461258888,-0.003029672661796212,-0.4563400149345398,2.9469358921051025,5999578.5
8.699999809265137,48.915863037109375,0.20854470133781433,0.001319392933510244,878.1071166992188,-0.16892068088054657,1149.0484619140625,-0.5199331641197205,1072.6624755859375,-0.37000197172164917,1168.3101806640625,-0.7704477310180664,0.9633758068084717,0.9153602719306946,0.757481575012207,0.6046406626701355,0.5055364370346069,0.4758313000202179,-0.006644766312092543,-0.01473604142665863,-0.03529947251081467,-0.04220223426818848,-0.034208569675683975,-0.030138876289129257,2.7916042804718018,0.4652673900127411,-0.029015827924013138,-0.0030430685728788376,-0.45835772156715393,2.9468042850494385,5999310.5
8.800000190734863,48.9367790222168,0.2091342955827713,0.005896053742617369,878.0900268554688,-0.17341314256191254,1148.9962158203125,-0.5255995392799377,1072.6251220703125,-0.3759212791919708,1168.23291015625,-0.7732417583465576,0.9627098441123962,0.9138843417167664,0.7539554238319397,0.6004403233528137,0.502137303352356,0.47283291816711426,-0.006674441508948803,-0.014782354235649109,-0.03522268682718277,-0.04180560261011124,-0.03377644345164299,-0.029831014573574066,2.774261474609375,0.4623768925666809,-0.028783340007066727,-0.0030564956832677126,-0.4603801667690277,2.946669101715088,5999035.0
8.899999618530273,48.957794189453125,0.21018388867378235,0.010495894588530064,878.0724487304688,-0.17786848545074463,1148.943359375,-0.5311975479125977,1072.5872802734375,-0.3817721903324127,1168.155517578125,-0.7760226726531982,0.962040901184082,0.9124038219451904,0.7504370808601379,0.5962793231010437,0.4987804591655731,0.469864159822464,-0.006703787948936224,-0.014827806502580643,-0.035144221037626266,-0.04141433164477348,-0.03336186334490776,-0.029545867815613747,2.7570486068725586,0.45950809121131897,-0.02857428789138794,-0.0030699942726641893,-0.46241340041160583,2.946530342102051,5998752.5
9.0,48.97898483276367,0.21187575161457062,0.016918648034334183,878.054443359375,-0.18228627741336823,1148.8900146484375,-0.5367298126220703,1072.548828125,-0.3875558078289032,1168.0777587890625,-0.7787947654724121,0.9613690972328186,0.9109188318252563,0.7469266057014465,0.5921571850776672,0.49546417593955994,0.46692273020744324,-0.00673284474760294,-0.014872496947646141,-0.035064440220594406,-0.04102913290262222,-0.0329657644033432,-0.02928503416478634,2.7399485111236572,0.45665809512138367,-0.028396576642990112,-0.003083620686084032,-0.46446582674980164,2.946388006210327,5998463.0
9.100000381469727,49.000389099121094,0.21406206488609314,0.02186303585767746,878.0360107421875,-0.18666614592075348,1148.8360595703125,-0.5421985983848572,1072.509765625,-0.393273264169693,1167.999755859375,-0.7815618515014648,0.9606943726539612,0.9094293713569641,0.7434242367744446,0.5880732536315918,0.4921865165233612,0.46400612592697144,-0.006761647295206785,-0.014916511252522469,-0.03498367592692375,-0.04065059497952461,-0.03258874639868736,-0.029048863798379898,2.7229456901550293,0.4538242518901825,-0.02824237570166588,-0.0030974175315350294,-0.466543972492218,2.946242332458496,5998166.0
9.199999809265137,49.022056579589844,0.21666665375232697,0.026045899838209152,878.01708984375,-0.19100777804851532,1148.781494140625,-0.5476062893867493,1072.4700927734375,-0.3989257514476776,1167.92138671875,-0.7843270897865295,0.9600167870521545,0.9079355597496033,0.7399299144744873,0.5840268135070801,0.4889456331729889,0.4611119329929352,-0.006790223531424999,-0.014959922060370445,-0.034902192652225494,-0.04027915000915527,-0.03223099187016487,-0.028836531564593315,2.706027030944824,0.4510045051574707,-0.028108637779951096,-0.0031114218290895224,-0.4686533510684967,2.9460930824279785,5997862.5
9.300000190734863,49.04402542114258,0.21970093250274658,0.030342774465680122,877.997802734375,-0.19531096518039703,1148.7265625,-0.5529550909996033,1072.429931640625,-0.40451449155807495,1167.8428955078125,-0.7870933413505554,0.9593363404273987,0.9064373970031738,0.736443817615509,0.58001708984375,0.485739529132843,0.45823782682418823,-0.006818602327257395,-0.015002800151705742,-0.03482024744153023,-0.039915215224027634,-0.031892623752355576,-0.028647275641560555,2.689180374145508,0.44819673895835876,-0.027995746582746506,-0.003125671297311783,-0.47079962491989136,2.9459404945373535,5997551.5
9.399999618530273,49.066349029541016,0.22322691977024078,0.0352599173784256,877.97802734375,-0.1995755136013031,1148.6710205078125,-0.5582472681999207,1072.38916015625,-0.4100407660007477,1167.7640380859375,-0.7898639440536499,0.9586530327796936,0.9049350023269653,0.732965886592865,0.576043426990509,0.48256629705429077,0.45538148283958435,-0.0068468134850263596,-0.015045219101011753,-0.03473811596632004,-0.03955923020839691,-0.03157389536499977,-0.028480954468250275,2.6723921298980713,0.4453986883163452,-0.027905959635972977,-0.003140208777040243,-0.4729893207550049,2.945784330368042,5997234.0
9.5,49.08908462524414,0.22735555469989777,0.04128635302186012,877.9578857421875,-0.20380128920078278,1148.6148681640625,-0.5634853839874268,1072.347900390625,-0.41550588607788086,1167.6849365234375,-0.7926425933837891,0.9579669833183289,0.9034283757209778,0.7294961810112,0.5721049308776855,0.4794239401817322,0.4525406062602997,-0.006874891929328442,-0.015087267383933067,-0.03465611860156059,-0.03921173885464668,-0.03127533942461014,-0.028338367119431496,2.655646562576294,0.4426077604293823,-0.027843454852700233,-0.0031550871208310127,-0.4752303659915924,2.945625066757202,5996909.5
9.600000381469727,49.11228942871094,0.23205091059207916,0.046953558921813965,877.9373168945312,-0.20798827707767487,1148.5582275390625,-0.5686718225479126,1072.30615234375,-0.4209112524986267,1167.60546875,-0.7954331636428833,0.9572780728340149,0.901917576789856,0.7260346412658691,0.5682007074356079,0.4763104021549225,0.44971275329589844,-0.006902872119098902,-0.015129027888178825,-0.03457455709576607,-0.038873255252838135,-0.03099738620221615,-0.02821996435523033,2.6389284133911133,0.43982142210006714,-0.02780577912926674,-0.0031703561544418335,-0.47753024101257324,2.945462465286255,5996578.5
9.699999809265137,49.136024475097656,0.23733586072921753,0.05284958332777023,877.916259765625,-0.2121364325284958,1148.5010986328125,-0.5738092064857483,1072.2637939453125,-0.4262582063674927,1167.5257568359375,-0.7982392311096191,0.9565864205360413,0.9004026055335999,0.7225812077522278,0.5643298625946045,0.47322359681129456,0.4468955099582672,-0.006930787581950426,-0.015170586295425892,-0.03449372947216034,-0.03854425996541977,-0.03074043057858944,-0.02812604419887066,2.622222423553467,0.43703708052635193,-0.02779364585876465,-0.003186067333444953,-0.4798967242240906,2.945296287536621,5996240.5
9.800000190734863,49.16033172607422,0.24309362471103668,0.05757761746644974,877.8948364257812,-0.2162458449602127,1148.4434814453125,-0.5788998603820801,1072.2208251953125,-0.43154826760292053,1167.44580078125,-0.8010639548301697,0.9558919072151184,0.8988834619522095,0.7191358208656311,0.5604914426803589,0.47016143798828125,0.4440864622592926,-0.006958668120205402,-0.015212012454867363,-0.034413892775774,-0.038225118070840836,-0.030504519119858742,-0.02805587649345398,2.605515718460083,0.43425264954566956,-0.027801452204585075,-0.003202262567356229,-0.4823361039161682,2.945127248764038,5995896.0
9.899999618530273,49.185272216796875,0.24939465522766113,0.06301026791334152,877.873046875,-0.22031661868095398,1148.3853759765625,-0.5839461088180542,1072.177490234375,-0.4367828667163849,1167.3656005859375,-0.8039104342460632,0.9551946520805359,0.8973602056503296,0.7156983613967896,0.5566844344139099,0.46712180972099304,0.441283255815506,-0.006986542604863644,-0.015253380872309208,-0.034335292875766754,-0.03791619464755058,-0.03028974123299122,-0.028009062632918358,2.5887949466705322,0.43146583437919617,-0.02783218026161194,-0.00321898958645761,-0.484855592250824,2.9449546337127686,5995545.0
10.0,49.210880279541016,0.2561015486717224,0.06706888973712921,877.850830078125,-0.22434890270233154,1148.3267822265625,-0.5889501571655273,1072.133544921875,-0.4419635534286499,1167.2850341796875,-0.8067811131477356,0.9544945955276489,0.8958327770233154,0.7122687101364136,0.5529077649116516,0.4641025960445404,0.4384835958480835,-0.00701443525031209,-0.015294749289751053,-0.03425813466310501,-0.03761772811412811,-0.030095858499407768,-0.027984313666820526,2.572049140930176,0.4286748766899109,-0.027879171073436737,-0.0032362844794988632,-0.48746058344841003,2.9447789192199707,5995187.0
10.100000381469727,49.237205505371094,0.2632371187210083,0.07135568559169769,877.8281860351562,-0.2283429205417633,1148.267578125,-0.5939141511917114,1072.089111328125,-0.4470917880535126,1167.2042236328125,-0.809678316116333,0.9537917971611023,0.8943012356758118,0.7088466882705688,0.5491604804992676,0.461101770401001,0.435685396194458,-0.007042369339615107,-0.015336175449192524,-0.03418261185288429,-0.037329915910959244,-0.02992256172001362,-0.027980387210845947,2.5552682876586914,0.42587804794311523,-0.027943454682826996,-0.0032541847322136164,-0.49015679955482483,2.9446001052856445,5994823.0
10.199999809265137,49.264286041259766,0.27080366015434265,0.07566531002521515,877.8051147460938,-0.23229892551898956,1148.2078857421875,-0.5988402962684631,1072.0440673828125,-0.45216912031173706,1167.1231689453125,-0.8126043081283569,0.9530861377716064,0.8927655220031738,0.705432116985321,0.5454413890838623,0.4581172466278076,0.4328865706920624,-0.007070366758853197,-0.015377712436020374,-0.034108906984329224,-0.037052951753139496,-0.029769549146294594,-0.027996312826871872,2.5384416580200195,0.4230736196041107,-0.028024425730109215,-0.0032727292273193598,-0.4929500222206116,2.94441819190979,5994452.5
10.300000190734863,49.29216003417969,0.2787468433380127,0.07943200320005417,877.78173828125,-0.2362172156572342,1148.1478271484375,-0.6037304401397705,1071.9986572265625,-0.45719707012176514,1167.041748046875,-0.815561056137085,0.9523776769638062,0.8912256956100464,0.7020248174667358,0.5417494177818298,0.45514702796936035,0.4300852119922638,-0.007098447531461716,-0.015419410541653633,-0.03403716906905174,-0.036786943674087524,-0.029636375606060028,-0.028030825778841972,2.5215611457824707,0.42026016116142273,-0.02811931073665619,-0.0032919510267674923,-0.4958452582359314,2.9442331790924072,5994076.0
10.399999618530273,49.32085418701172,0.2869292199611664,0.08182378113269806,877.7578735351562,-0.24009813368320465,1148.087158203125,-0.6085865497589111,1071.95263671875,-0.4621771574020386,1166.9599609375,-0.8185495734214783,0.9516664147377014,0.8896816372871399,0.6986246109008789,0.538083553314209,0.4521891474723816,0.4272795617580414,-0.007126624695956707,-0.015461299568414688,-0.03396749868988991,-0.03653185814619064,-0.02952221781015396,-0.028081711381673813,2.50462007522583,0.4174366891384125,-0.028222182765603065,-0.0033118717838078737,-0.49884581565856934,2.944044828414917,5993692.5
10.5,49.35039520263672,0.29542937874794006,0.08500164747238159,877.7337036132812,-0.2439420521259308,1148.026123046875,-0.6134102940559387,1071.90625,-0.46711090207099915,1166.8780517578125,-0.8215711116790771,0.9509523510932922,0.8881334066390991,0.6952311992645264,0.5344426035881042,0.4492417871952057,0.42446810007095337,-0.007154911756515503,-0.015503413043916225,-0.03389999270439148,-0.03628768399357796,-0.029426369816064835,-0.028147481381893158,2.4876129627227783,0.4146021604537964,-0.028336232528090477,-0.003332520602270961,-0.5019559860229492,2.9438536167144775,5993303.5
10.600000381469727,49.38081359863281,0.3041536211967468,0.0872422382235527,877.7091064453125,-0.24774940311908722,1147.9644775390625,-0.618203341960907,1071.8592529296875,-0.47199973464012146,1166.795654296875,-0.8246263861656189,0.9502354264259338,0.8865809440612793,0.6918445229530334,0.5308255553245544,0.446303129196167,0.42164936661720276,-0.007183318957686424,-0.01554577611386776,-0.03383471816778183,-0.036054324358701706,-0.029347985982894897,-0.028226394206285477,2.470534563064575,0.41175577044487,-0.028456808999180794,-0.003353917272761464,-0.5051788687705994,2.943659543991089,5992908.0
10.699999809265137,49.41211700439453,0.3130551278591156,0.08901510387659073,877.6841430664062,-0.25152063369750977,1147.9024658203125,-0.6229671835899353,1071.811767578125,-0.4768452048301697,1166.7130126953125,-0.8277158141136169,0.949515700340271,0.8850242495536804,0.6884641647338867,0.5272312760353088,0.4433714747428894,0.41882216930389404,-0.007211853284388781,-0.015588405542075634,-0.03377171605825424,-0.035831619054079056,-0.02928606979548931,-0.028316473588347435,2.4533820152282715,0.4088970124721527,-0.028581969439983368,-0.0033760787919163704,-0.5085169076919556,2.9434621334075928,5992506.5
10.800000190734863,49.44431686401367,0.3220096826553345,0.08954548835754395,877.6587524414062,-0.25525200366973877,1147.83984375,-0.6276988983154297,1071.7637939453125,-0.48164376616477966,1166.630126953125,-0.8308394551277161,0.9487927556037903,0.8834627270698547,0.6850907802581787,0.5236613154411316,0.44044581055641174,0.415984570980072,-0.007240502163767815,-0.015631264075636864,-0.03371097147464752,-0.0356198288500309,-0.029239248484373093,-0.028410550206899643,2.4361586570739746,0.4060264527797699,-0.02869928441941738,-0.0033990072552114725,-0.5119704604148865,2.9432616233825684,5992098.0
10.899999618530273,49.477420806884766,0.33101415634155273,0.09004495292901993,877.6329956054688,-0.25894835591316223,1147.77685546875,-0.6324039697647095,1071.71533203125,-0.4864019453525543,1166.546875,-0.833996057510376,0.9480668902397156,0.8818969130516052,0.6817232966423035,0.5201118588447571,0.4375239610671997,0.41313716769218445,-0.007269276771694422,-0.01567438431084156,-0.03365243226289749,-0.035417988896369934,-0.029206130653619766,-0.028511639684438705,2.4188616275787354,0.40314358472824097,-0.02882397174835205,-0.0034227115102112293,-0.5155408978462219,2.9430582523345947,5991684.0
11.0,49.51141357421875,0.33994221687316895,0.0892803817987442,877.6068725585938,-0.26261022686958313,1147.7132568359375,-0.6370835304260254,1071.6663818359375,-0.4911210536956787,1166.4632568359375,-0.8371846675872803,0.9473381638526917,0.8803268074989319,0.6783615946769714,0.5165820121765137,0.434604674577713,0.4102793335914612,-0.0072981733828783035,-0.015717756003141403,-0.03359603136777878,-0.03522571548819542,-0.029185371473431587,-0.028617307543754578,2.4014923572540283,0.4002487361431122,-0.028943141922354698,-0.003447185503318906,-0.5192272663116455,2.9428517818450928,5991263.5
11.100000381469727,49.546302795410156,0.34888553619384766,0.0894334465265274,877.5803833007812,-0.26623815298080444,1147.6492919921875,-0.6417383551597595,1071.6170654296875,-0.4958023428916931,1166.3792724609375,-0.8404042720794678,0.9466065764427185,0.8787523508071899,0.675005316734314,0.513070821762085,0.43168672919273376,0.40741074085235596,-0.007327187340706587,-0.015761369839310646,-0.033541712909936905,-0.03504263237118721,-0.02917572297155857,-0.028725696727633476,2.3840529918670654,0.39734214544296265,-0.02905968390405178,-0.003472432028502226,-0.5230299830436707,2.9426424503326416,5990837.5
11.199999809265137,49.58207702636719,0.35775312781333923,0.08867580443620682,877.5535278320312,-0.26983270049095154,1147.5848388671875,-0.6463693976402283,1071.567138671875,-0.5004470348358154,1166.2950439453125,-0.8436535596847534,0.9458720684051514,0.8771734833717346,0.6716544032096863,0.5095773935317993,0.42876917123794556,0.4045313000679016,-0.007356311194598675,-0.015805203467607498,-0.03348938375711441,-0.034868307411670685,-0.029175853356719017,-0.02883484587073326,2.366546630859375,0.3944244384765625,-0.029170138761401176,-0.0034984454978257418,-0.5269482135772705,2.942430257797241,5990405.5
11.300000190734863,49.618682861328125,0.36603835225105286,0.08285227417945862,877.5263671875,-0.2733944356441498,1147.5198974609375,-0.6509765982627869,1071.516845703125,-0.5050562620162964,1166.21044921875,-0.8469287753105164,0.9451345801353455,0.8755902051925659,0.6683086156845093,0.5061008930206299,0.42585110664367676,0.4016411602497101,-0.0073855179361999035,-0.015849193558096886,-0.033438775688409805,-0.0347018837928772,-0.029183341190218925,-0.02893964946269989,2.348985433578491,0.39149758219718933,-0.029256906360387802,-0.003525175852701068,-0.5309744477272034,2.9422154426574707,5989968.0
11.399999618530273,49.655982971191406,0.3730124235153198,0.0697406604886055,877.498779296875,-0.2769239544868469,1147.4544677734375,-0.6555587649345398,1071.466064453125,-0.5096309185028076,1166.1256103515625,-0.8502223491668701,0.9443942308425903,0.8740025758743286,0.6649678349494934,0.5026406049728394,0.42293211817741394,0.39874136447906494,-0.007414749823510647,-0.015893196687102318,-0.03338934853672981,-0.03454182296991348,-0.029194075614213943,-0.029030587524175644,2.331395387649536,0.38856592774391174,-0.02929527498781681,-0.0035525094717741013,-0.5350915193557739,2.941997766494751,5989525.0
11.5,49.693817138671875,0.37834155559539795,0.05329124629497528,877.470947265625,-0.2804255485534668,1147.388671875,-0.6601173877716064,1071.414794921875,-0.5141757726669312,1166.0404052734375,-0.8535247445106506,0.9436513185501099,0.8724110722541809,0.6616313457489014,0.49919426441192627,0.4200121760368347,0.3958345949649811,-0.0074439458549022675,-0.015937069430947304,-0.03334042802453041,-0.03438593074679375,-0.029203929007053375,-0.02910117246210575,2.3138062953948975,0.3856343924999237,-0.029263002797961235,-0.003580306423828006,-0.5392783880233765,2.941777467727661,5989076.5
11.600000381469727,49.73202133178711,0.3820469081401825,0.03705364093184471,877.4426879882812,-0.28389593958854675,1147.322509765625,-0.6646466851234436,1071.3631591796875,-0.5186872482299805,1165.9549560546875,-0.8568257093429565,0.9429054856300354,0.8708151578903198,0.6582997441291809,0.4957633316516876,0.4170915484428406,0.39292246103286743,-0.007473011966794729,-0.01598057523369789,-0.0332912802696228,-0.03423265367746353,-0.029207419604063034,-0.029137112200260162,2.296257972717285,0.38270965218544006,-0.02918000891804695,-0.0036084214225411415,-0.5435131788253784,2.941554546356201,5988622.5
11.699999809265137,49.770469665527344,0.3844929337501526,0.02446010150015354,877.4141235351562,-0.28733566403388977,1147.255859375,-0.6691449284553528,1071.3111572265625,-0.5231656432151794,1165.8690185546875,-0.8601176142692566,0.9421567320823669,0.8692149519920349,0.6549730896949768,0.49234768748283386,0.4141710698604584,0.3900085985660553,-0.007501887157559395,-0.01602356694638729,-0.03324135020375252,-0.03408054634928703,-0.0292013231664896,-0.02913561649620533,2.278778076171875,0.3797963261604309,-0.029053010046482086,-0.0036367452703416348,-0.547779381275177,2.941328763961792,5988163.0
11.800000190734863,49.80906677246094,0.3859526216983795,0.014596939086914062,877.38525390625,-0.2907452881336212,1147.188720703125,-0.6736106872558594,1071.258544921875,-0.5276111364364624,1165.7828369140625,-0.863394021987915,0.9414051175117493,0.867610514163971,0.6516515016555786,0.48894721269607544,0.4112517535686493,0.3870967924594879,-0.007530522998422384,-0.016065923497080803,-0.03319020941853523,-0.03392847254872322,-0.02918342314660549,-0.02909686230123043,2.2613885402679443,0.3768981099128723,-0.02889208309352398,-0.0036651911213994026,-0.552064061164856,2.941100597381592,5987698.0
11.899999618530273,49.84772491455078,0.3865758776664734,0.0062326001934707165,877.3560180664062,-0.2941252887248993,1147.12109375,-0.6780428886413574,1071.20556640625,-0.5320238471031189,1165.6964111328125,-0.8666499853134155,0.9406506419181824,0.8660018444061279,0.6483350992202759,0.4855620265007019,0.4083349108695984,0.3841906487941742,-0.007558879442512989,-0.016107551753520966,-0.03313750773668289,-0.033775534480810165,-0.029152218252420425,-0.02902260236442089,2.244107961654663,0.37401798367500305,-0.02870243415236473,-0.0036936865653842688,-0.5563560724258423,2.9408693313598633,5987228.0
12.0,49.88637924194336,0.38655027747154236,-0.00025610343436710536,877.326416015625,-0.2974761426448822,1147.0531005859375,-0.6824405789375305,1071.1522216796875,-0.5364037752151489,1165.6094970703125,-0.8698813319206238,0.9398933053016663,0.8643890023231506,0.6450240612030029,0.48219218850135803,0.4054218828678131,0.38129356503486633,-0.007586924359202385,-0.016148371621966362,-0.033082976937294006,-0.03362103924155235,-0.029106851667165756,-0.028915759176015854,2.226950168609619,0.3711583614349365,-0.028490975499153137,-0.0037221743259578943,-0.5606470108032227,2.9406356811523438,5986752.0
12.100000381469727,49.924983978271484,0.38603776693344116,-0.00512490700930357,877.2965087890625,-0.30079829692840576,1146.984619140625,-0.6868031620979309,1071.0982666015625,-0.5407509207725525,1165.5224609375,-0.873085081577301,0.9391332268714905,0.8627721667289734,0.6417185664176941,0.47883787751197815,0.40251410007476807,0.37840864062309265,-0.007614634931087494,-0.016188330948352814,-0.033026427030563354,-0.03346450999379158,-0.029047029092907906,-0.028780028223991394,2.209926128387451,0.3683210015296936,-0.028263399377465248,-0.0037506117951124907,-0.5649303793907166,2.940399408340454,5986271.0
12.199999809265137,49.96348571777344,0.38502395153045654,-0.010138364508748055,877.2662353515625,-0.3040921986103058,1146.9156494140625,-0.6911299228668213,1071.0440673828125,-0.5450651049613953,1165.4349365234375,-0.8762584328651428,0.938370406627655,0.861151397228241,0.6384188532829285,0.47549939155578613,0.39961305260658264,0.3755386173725128,-0.0076419897377491,-0.016227377578616142,-0.03296768292784691,-0.03330551087856293,-0.028972582891583443,-0.02861849218606949,2.1930456161499023,0.3655076026916504,-0.028019292280077934,-0.003778954967856407,-0.5691995620727539,2.9401602745056152,5985784.5
12.300000190734863,50.00185775756836,0.38373780250549316,-0.01286136545240879,877.2356567382812,-0.3073582351207733,1146.8463134765625,-0.695420503616333,1070.9892578125,-0.5493462681770325,1165.34716796875,-0.8793996572494507,0.9376048445701599,0.8595267534255981,0.6351251602172852,0.4721769094467163,0.39672017097473145,0.37268584966659546,-0.0076689752750098705,-0.01626547984778881,-0.03290664404630661,-0.03314380347728729,-0.028883852064609528,-0.028434978798031807,2.1763148307800293,0.3627191483974457,-0.027767132967710495,-0.003807180095463991,-0.5734509229660034,2.9399187564849854,5985292.5
12.399999618530273,50.040077209472656,0.38216567039489746,-0.01572134904563427,877.2047729492188,-0.3105967342853546,1146.776611328125,-0.6996745467185974,1070.9342041015625,-0.5535944104194641,1165.259033203125,-0.8825072646141052,0.9368366599082947,0.8578983545303345,0.6318376660346985,0.46887072920799255,0.3938368260860443,0.3698523938655853,-0.007695579901337624,-0.01630261354148388,-0.03284323588013649,-0.03297920897603035,-0.028781289234757423,-0.028232788667082787,2.1597394943237305,0.3599565625190735,-0.027506094425916672,-0.003835262032225728,-0.5776807069778442,2.9396746158599854,5984795.5
12.5,50.07809066772461,0.38013723492622375,-0.020284397527575493,877.173583984375,-0.31380805373191833,1146.7064208984375,-0.7038915753364563,1070.8785400390625,-0.5578092932701111,1165.170654296875,-0.8855791687965393,0.9360657334327698,0.8562662601470947,0.6285566091537476,0.46558117866516113,0.39096444845199585,0.3670400083065033,-0.0077217877842485905,-0.016338739544153214,-0.0327773317694664,-0.03281143680214882,-0.02866499125957489,-0.028013406321406364,2.1433265209198,0.3572210967540741,-0.027231035754084587,-0.003863160265609622,-0.5818828344345093,2.9394280910491943,5984293.5
12.600000381469727,50.115882873535156,0.37792298197746277,-0.022142570465803146,877.1420288085938,-0.31699252128601074,1146.6358642578125,-0.7080712914466858,1070.8226318359375,-0.5619908571243286,1165.0819091796875,-0.8886141180992126,0.9352923035621643,0.8546306490898132,0.6252822875976562,0.4623085856437683,0.3881043791770935,0.3642503321170807,-0.007747590076178312,-0.016373837366700172,-0.03270887956023216,-0.032640375196933746,-0.028535518795251846,-0.02777942456305027,2.1270804405212402,0.35451340675354004,-0.026951931416988373,-0.0038908582646399736,-0.586054801940918,2.939178705215454,5983786.0
12.699999809265137,50.15346145629883,0.37578725814819336,-0.021357083693146706,877.1101684570312,-0.3201504349708557,1146.5648193359375,-0.7122137546539307,1070.7662353515625,-0.5661389827728271,1164.992919921875,-0.8916125297546387,0.9345162510871887,0.85299152135849,0.6220149397850037,0.45905324816703796,0.3852578401565552,0.3614845871925354,-0.007772989571094513,-0.01640791818499565,-0.032637931406497955,-0.03246617689728737,-0.028394082561135292,-0.02753491699695587,2.1110002994537354,0.35183337330818176,-0.02667679451406002,-0.003918363247066736,-0.590197741985321,2.938927173614502,5983273.5
12.800000190734863,50.19082260131836,0.373611718416214,-0.021755551919341087,877.0780029296875,-0.32328203320503235,1146.493408203125,-0.7163190841674805,1070.7093505859375,-0.5702535510063171,1164.903564453125,-0.8945744037628174,0.9337376952171326,0.8513490557670593,0.6187548041343689,0.45581546425819397,0.382425993680954,0.35874369740486145,-0.007797987665981054,-0.01644098572432995,-0.03256452828645706,-0.03228894993662834,-0.0282417144626379,-0.02728266455233097,2.095085382461548,0.3491809070110321,-0.026401182636618614,-0.003945671487599611,-0.594310998916626,2.9386727809906006,5982756.0
12.899999618530273,50.22794723510742,0.3712625801563263,-0.023491227999329567,877.0455322265625,-0.3263876140117645,1146.4215087890625,-0.7203871607780457,1070.652099609375,-0.5743345618247986,1164.81396484375,-0.8974992632865906,0.9329566955566406,0.8497033715248108,0.615502119064331,0.4525955617427826,0.3796099126338959,0.35602837800979614,-0.007822580635547638,-0.016473034396767616,-0.03248865529894829,-0.032108694314956665,-0.028079049661755562,-0.027023807168006897,2.0793378353118896,0.34655630588531494,-0.026121467351913452,-0.003972767852246761,-0.5983923077583313,2.9384162425994873,5982233.5
13.0,50.26478958129883,0.368425190448761,-0.028373874723911285,877.0126953125,-0.3294673562049866,1146.349365234375,-0.7244173884391785,1070.594482421875,-0.5783819556236267,1164.72412109375,-0.900385320186615,0.9321731925010681,0.8480545282363892,0.612257182598114,0.4493938684463501,0.37681061029434204,0.3533393144607544,-0.007846754975616932,-0.016504032537341118,-0.032410215586423874,-0.03192517161369324,-0.027906032279133797,-0.026757240295410156,2.0637640953063965,0.3439606726169586,-0.025828242301940918,-0.003999608568847179,-0.6024351119995117,2.938157081604004,5981706.0
13.100000381469727,50.30128860473633,0.3649684190750122,-0.03456779569387436,876.9796142578125,-0.3325215280056,1146.2767333984375,-0.7284091711044312,1070.5364990234375,-0.5823955535888672,1164.6339111328125,-0.9032299518585205,0.9313873648643494,0.8464025855064392,0.6090201735496521,0.44621068239212036,0.37402915954589844,0.35067737102508545,-0.007870490662753582,-0.016533931717276573,-0.03232905641198158,-0.03173802047967911,-0.02772223949432373,-0.02648100070655346,2.0483734607696533,0.3413955569267273,-0.025518691167235374,-0.004026138689368963,-0.6064311861991882,2.9378955364227295,5981173.5
13.199999809265137,50.337371826171875,0.3608372211456299,-0.041311949491500854,876.9462280273438,-0.33555030822753906,1146.20361328125,-0.7323614954948425,1070.47802734375,-0.5863752365112305,1164.54345703125,-0.9060304760932922,0.9305991530418396,0.84474778175354,0.605791449546814,0.4430464208126068,0.371266633272171,0.34804365038871765,-0.007893764413893223,-0.016562677919864655,-0.03224499523639679,-0.031546834856271744,-0.027527153491973877,-0.026193242520093918,2.0331761837005615,0.33886268734931946,-0.02519180439412594,-0.004052298609167337,-0.6103715300559998,2.937631607055664,5980636.0
13.300000190734863,50.37299346923828,0.3562172055244446,-0.04620030149817467,876.9125366210938,-0.33855384588241577,1146.1302490234375,-0.7362737059593201,1070.419189453125,-0.5903208255767822,1164.4527587890625,-0.9087846875190735,0.9298086166381836,0.8430901169776917,0.6025713086128235,0.4399015009403229,0.3685241937637329,0.34543928503990173,-0.007916559465229511,-0.016590235754847527,-0.03215792402625084,-0.03135135769844055,-0.027320655062794685,-0.025893663987517357,2.0181801319122314,0.3363633453845978,-0.024853883311152458,-0.004078044556081295,-0.6142494678497314,2.9373652935028076,5980094.0
13.399999618530273,50.408145904541016,0.35154929757118225,-0.046678803861141205,876.8784790039062,-0.3415323495864868,1146.056396484375,-0.7401456236839294,1070.3599853515625,-0.5942320823669434,1164.3616943359375,-0.9114924073219299,0.9290158152580261,0.8414297699928284,0.5993599891662598,0.436776340007782,0.36580294370651245,0.34286534786224365,-0.007938876748085022,-0.01661660149693489,-0.03206785395741463,-0.0311516672372818,-0.02710355818271637,-0.025584876537322998,2.0033857822418213,0.3338976502418518,-0.024518204852938652,-0.00410337233915925,-0.6180644035339355,2.93709659576416,5979547.0
13.5,50.44285202026367,0.3470422029495239,-0.0450710766017437,876.8441772460938,-0.34448596835136414,1145.982177734375,-0.7439775466918945,1070.30029296875,-0.5981088876724243,1164.2703857421875,-0.9141547679901123,0.9282208681106567,0.8397668600082397,0.5961578488349915,0.43367132544517517,0.3631038963794708,0.3403226137161255,-0.007960722781717777,-0.016641801223158836,-0.03197489678859711,-0.03094807267189026,-0.026877213269472122,-0.025270674377679825,1.9887901544570923,0.3314650356769562,-0.024189969524741173,-0.004128295462578535,-0.6218184232711792,2.936825752258301,5978995.5
13.600000381469727,50.477108001708984,0.34256869554519653,-0.04473496600985527,876.8096313476562,-0.3474147915840149,1145.9075927734375,-0.7477694749832153,1070.2403564453125,-0.601951003074646,1164.178955078125,-0.9167724251747131,0.9274237155914307,0.8381014466285706,0.5929651260375977,0.43058687448501587,0.3604278564453125,0.3378114104270935,-0.007982105016708374,-0.016665853559970856,-0.031879134476184845,-0.03074081614613533,-0.026642724871635437,-0.024953464046120644,1.9743901491165161,0.3290650248527527,-0.02386491373181343,-0.004152816720306873,-0.6255119442939758,2.9365522861480713,5978439.0
13.699999809265137,50.51091003417969,0.33801427483558655,-0.045544374734163284,876.7747192382812,-0.35031893849372864,1145.8326416015625,-0.7515215277671814,1070.179931640625,-0.6057584285736084,1164.0870361328125,-0.9193456172943115,0.9266244769096375,0.8364337086677551,0.5897821187973022,0.42752331495285034,0.35777565836906433,0.33533206582069397,-0.008003024384379387,-0.016688762232661247,-0.03178061917424202,-0.030530039221048355,-0.026400841772556305,-0.02463425323367119,1.9601854085922241,0.32669755816459656,-0.023540161550045013,-0.004176928661763668,-0.6291437745094299,2.93627667427063,5977877.5
13.800000190734863,50.54426574707031,0.33355721831321716,-0.04457050934433937,876.7395629882812,-0.3531985580921173,1145.75732421875,-0.7552337646484375,1070.119140625,-0.609531044960022,1163.9949951171875,-0.9218751788139343,0.9258231520652771,0.834763765335083,0.5866091251373291,0.42448100447654724,0.35514795780181885,0.33288466930389404,-0.008023489266633987,-0.016710547730326653,-0.0316794328391552,-0.030315980315208435,-0.026152528822422028,-0.024314653128385544,1.946173071861267,0.324362188577652,-0.02322140522301197,-0.004200639668852091,-0.6327151656150818,2.9359986782073975,5977312.0
13.899999618530273,50.57722091674805,0.3295528292655945,-0.04004379361867905,876.7041015625,-0.35605373978614807,1145.681640625,-0.7589067816734314,1070.05810546875,-0.6132687330245972,1163.9027099609375,-0.9243631958961487,0.9250198006629944,0.833091676235199,0.5834463834762573,0.42146024107933044,0.3525453507900238,0.3304690718650818,-0.008043515495955944,-0.016731256619095802,-0.0315757654607296,-0.030099129304289818,-0.025899382308125496,-0.023998059332370758,1.9323453903198242,0.3220575749874115,-0.02291852980852127,-0.004223989322781563,-0.6362321972846985,2.935718536376953,5976741.5
14.0,50.609832763671875,0.3261125385761261,-0.034403108060359955,876.6683349609375,-0.3588845431804657,1145.60546875,-0.7625414729118347,1069.99658203125,-0.6169716119766235,1163.8101806640625,-0.9268126487731934,0.9242144227027893,0.8314175605773926,0.5802940726280212,0.41846126317977905,0.34996822476387024,0.3280848562717438,-0.008063129149377346,-0.016750948503613472,-0.031469859182834625,-0.029880089685320854,-0.02564321458339691,-0.02368806302547455,1.918691873550415,0.31978198885917664,-0.02263367921113968,-0.004247027914971113,-0.6397023797035217,2.9354360103607178,5976166.5
14.100000381469727,50.64213562011719,0.32304468750953674,-0.030678460374474525,876.63232421875,-0.36169108748435974,1145.529052734375,-0.76613849401474,1069.9346923828125,-0.6206397414207458,1163.7174072265625,-0.9292258024215698,0.9234071373939514,0.8297415375709534,0.5771524906158447,0.41548430919647217,0.34741678833961487,0.32573118805885315,-0.008082346990704536,-0.01676967181265354,-0.0313619039952755,-0.0296593327075243,-0.025385389104485512,-0.02338641881942749,1.9052042961120605,0.31753405928611755,-0.022360943257808685,-0.004269788507372141,-0.6431306004524231,2.9351513385772705,5975587.0
14.199999809265137,50.674163818359375,0.32026803493499756,-0.027766408398747444,876.5960083007812,-0.36447346210479736,1145.4522705078125,-0.769698441028595,1069.8724365234375,-0.6242731809616089,1163.624267578125,-0.9316043853759766,0.9225980043411255,0.8280636668205261,0.5740217566490173,0.41252946853637695,0.34489119052886963,0.32340726256370544,-0.008101185783743858,-0.016787465661764145,-0.03125205263495445,-0.02943723276257515,-0.02512691542506218,-0.02309372089803219,1.891876220703125,0.3153127133846283,-0.022098468616604805,-0.0042922962456941605,-0.6465207934379578,2.9348645210266113,5975002.5
14.300000190734863,50.7059440612793,0.3177925944328308,-0.024754470214247704,876.5593872070312,-0.36723169684410095,1145.3751220703125,-0.7732219099998474,1069.809814453125,-0.627872109413147,1163.531005859375,-0.9339501261711121,0.9217869639396667,0.8263840675354004,0.5709021091461182,0.40959689021110535,0.3423914313316345,0.32111212611198425,-0.008119658567011356,-0.016804367303848267,-0.031140455976128578,-0.029214143753051758,-0.02486870437860489,-0.022810358554124832,1.8787013292312622,0.3131169080734253,-0.021846594288945198,-0.0043145776726305485,-0.6498769521713257,2.9345755577087402,5974414.0
14.399999618530273,50.73753356933594,0.3159013092517853,-0.01891293376684189,876.5225830078125,-0.36996597051620483,1145.297607421875,-0.7767097353935242,1069.746826171875,-0.631436824798584,1163.4375,-0.9362656474113464,0.92097407579422,0.824702799320221,0.5677937269210815,0.4066866636276245,0.33991739153862,0.3188447654247284,-0.008137787692248821,-0.016820430755615234,-0.031027330085635185,-0.028990577906370163,-0.02461206167936325,-0.0225380789488554,1.8656699657440186,0.31094497442245483,-0.021613098680973053,-0.004336685873568058,-0.6532068848609924,2.934284210205078,5973821.5
14.5,50.768978118896484,0.3144572675228119,-0.014440234750509262,876.4854125976562,-0.3726763129234314,1145.2198486328125,-0.7801628112792969,1069.6834716796875,-0.6349674463272095,1163.34375,-0.9385534524917603,0.9201593995094299,0.8230199813842773,0.564696729183197,0.40379878878593445,0.3374688923358917,0.31660404801368713,-0.00815559457987547,-0.016835710033774376,-0.030912868678569794,-0.028766997158527374,-0.02435806766152382,-0.02227780595421791,1.8527729511260986,0.3087954819202423,-0.02139313519001007,-0.004358659498393536,-0.6565166711807251,2.933990955352783,5973224.0
14.600000381469727,50.80030059814453,0.31323006749153137,-0.012272167950868607,876.447998046875,-0.3753628432750702,1145.1416015625,-0.7835816740989685,1069.619873046875,-0.6384643316268921,1163.249755859375,-0.9408149123191833,0.9193429350852966,0.8213356733322144,0.5616112351417542,0.40093326568603516,0.3350456655025482,0.31438878178596497,-0.008173090405762196,-0.016850236803293228,-0.0307972002774477,-0.028543667867779732,-0.024107245728373528,-0.02202880010008812,1.8400050401687622,0.3066675066947937,-0.021180614829063416,-0.0043805185705423355,-0.6598091125488281,2.9336953163146973,5972622.5
14.699999809265137,50.831504821777344,0.3120463490486145,-0.011837118305265903,876.4103393554688,-0.3780256509780884,1145.0631103515625,-0.7869668006896973,1069.5557861328125,-0.6419277787208557,1163.1556396484375,-0.9430506825447083,0.9185248017311096,0.8196499943733215,0.5585373044013977,0.39809003472328186,0.33264732360839844,0.3121979236602783,-0.008190282620489597,-0.016864025965332985,-0.03068039007484913,-0.028320716693997383,-0.023859690874814987,-0.021789325401186943,1.8273634910583496,0.3045606017112732,-0.020971249788999557,-0.004402266349643469,-0.663084864616394,2.9333977699279785,5972016.5
14.800000190734863,50.86257553100586,0.3106764554977417,-0.013699060305953026,876.3724365234375,-0.3806648552417755,1144.9842529296875,-0.7903182506561279,1069.491455078125,-0.6453580856323242,1163.0611572265625,-0.9452605247497559,0.9177049398422241,0.8179629445075989,0.5554751753807068,0.39526909589767456,0.3302736282348633,0.31003066897392273,-0.008207169361412525,-0.016877079382538795,-0.03056243807077408,-0.02809809520840645,-0.023615041747689247,-0.021556712687015533,1.8148491382598877,0.30247485637664795,-0.02075912617146969,-0.004423887003213167,-0.6663414239883423,2.933098077774048,5971406.0
14.899999618530273,50.89345932006836,0.30886584520339966,-0.018105871975421906,876.334228515625,-0.38328057527542114,1144.905029296875,-0.7936357855796814,1069.4267578125,-0.6487554907798767,1162.966552734375,-0.9474432468414307,0.9168833494186401,0.8162745833396912,0.5524249076843262,0.39247041940689087,0.3279242515563965,0.3078864812850952,-0.008223740383982658,-0.01688937284052372,-0.03044327162206173,-0.027875574305653572,-0.0233724657446146,-0.021327417343854904,1.8024662733078003,0.30041104555130005,-0.020537955686450005,-0.004445340484380722,-0.6695728898048401,2.9327962398529053,5970792.0
15.0,50.92411422729492,0.3065350353717804,-0.023308344185352325,876.2957763671875,-0.3858729302883148,1144.825439453125,-0.7969191670417786,1069.3616943359375,-0.6521201133728027,1162.8717041015625,-0.9495970010757446,0.916060209274292,0.8145850896835327,0.5493865609169006,0.3896940052509308,0.3255991041660309,0.3057652413845062,-0.008239984512329102,-0.01690087653696537,-0.030322782695293427,-0.027652854099869728,-0.02313097193837166,-0.021098105236887932,1.7902209758758545,0.2983701825141907,-0.020306315273046494,-0.004466581158339977,-0.672772228717804,2.932492256164551,5970173.0
15.100000381469727,50.95450973510742,0.30395734310150146,-0.025776630267500877,876.2570190429688,-0.3884420096874237,1144.74560546875,-0.8001681566238403,1069.29638671875,-0.655452311038971,1162.776611328125,-0.9517209529876709,0.9152354001998901,0.8128944635391235,0.5463603734970093,0.3869398534297943,0.32329803705215454,0.30366694927215576,-0.008255895227193832,-0.016911577433347702,-0.030200928449630737,-0.027429791167378426,-0.02289006859064102,-0.02086756005883217,1.778116226196289,0.29635271430015564,-0.020071709528565407,-0.004487586673349142,-0.6759361028671265,2.9321863651275635,5969550.5
15.199999809265137,50.984615325927734,0.3010717034339905,-0.028856512159109116,876.2180786132812,-0.39098796248435974,1144.6654052734375,-0.8033826947212219,1069.2305908203125,-0.6587520837783813,1162.681396484375,-0.9538143873214722,0.9144090414047241,0.8112028241157532,0.5433464646339417,0.3842080533504486,0.32102108001708984,0.3015918433666229,-0.008271465077996254,-0.01692146062850952,-0.03007766790688038,-0.02720625512301922,-0.022649329155683517,-0.020634930580854416,1.7661547660827637,0.29435914754867554,-0.019831832498311996,-0.004508329089730978,-0.6790603995323181,2.9318785667419434,5968923.5
15.300000190734863,51.014404296875,0.2978678345680237,-0.032038766890764236,876.1788330078125,-0.3935108780860901,1144.5849609375,-0.806562602519989,1069.16455078125,-0.6620195508003235,1162.5859375,-0.955876350402832,0.913581132888794,0.8095101714134216,0.5403448939323425,0.38149863481521606,0.3187682032585144,0.29954013228416443,-0.008286689408123493,-0.016930516809225082,-0.02995295636355877,-0.026982104405760765,-0.022408314049243927,-0.0203994307667017,1.7543398141860962,0.29238998889923096,-0.019586745649576187,-0.004528780002146959,-0.6821407675743103,2.9315686225891113,5968292.5
15.399999618530273,51.043827056884766,0.2942405343055725,-0.036273036152124405,876.139404296875,-0.3960108757019043,1144.504150390625,-0.8097076416015625,1069.0982666015625,-0.6652548909187317,1162.490234375,-0.957905650138855,0.9127516746520996,0.807816743850708,0.537355899810791,0.37881168723106384,0.316539466381073,0.2975121736526489,-0.008301558904349804,-0.016938719898462296,-0.029826726764440536,-0.026757147163152695,-0.02216646447777748,-0.020159998908638954,1.7426756620407104,0.2904459238052368,-0.01933382637798786,-0.004548901226371527,-0.6851715445518494,2.9312567710876465,5967657.5
15.5,51.07282638549805,0.28996965289115906,-0.04270860552787781,876.0996704101562,-0.39848804473876953,1144.4229736328125,-0.8128172159194946,1069.031494140625,-0.668458104133606,1162.394287109375,-0.9599003195762634,0.9119207859039307,0.8061224818229675,0.5343796610832214,0.3761472702026367,0.31433501839637756,0.2955084443092346,-0.008316057734191418,-0.016946038231253624,-0.02969885617494583,-0.026531057432293892,-0.021922897547483444,-0.019914694130420685,1.7311691045761108,0.288528174161911,-0.01906782202422619,-0.004568635486066341,-0.6881440281867981,2.9309427738189697,5967018.5
15.600000381469727,51.101287841796875,0.28462889790534973,-0.0534076951444149,876.0596923828125,-0.40094253420829773,1144.341552734375,-0.8158904314041138,1068.9644775390625,-0.6716291904449463,1162.2982177734375,-0.9618569612503052,0.9110884666442871,0.8044275641441345,0.5314162373542786,0.37350553274154663,0.3121550679206848,0.2935297191143036,-0.00833015888929367,-0.016952404752373695,-0.029569117352366447,-0.026303257793188095,-0.021676080301404,-0.019659852609038353,1.7198326587677002,0.2866387665271759,-0.018778597936034203,-0.004587886389344931,-0.6910436749458313,2.93062686920166,5966375.5
15.699999809265137,51.12910079956055,0.27814972400665283,-0.06479174643754959,876.0194702148438,-0.4033743739128113,1144.2598876953125,-0.8189260959625244,1068.897216796875,-0.6747680306434631,1162.201904296875,-0.9637717604637146,0.9102547764778137,0.8027320504188538,0.5284659266471863,0.3708867132663727,0.3100000321865082,0.2915771007537842,-0.00834383349865675,-0.01695774868130684,-0.029437251389026642,-0.026073100045323372,-0.021424364298582077,-0.019391998648643494,1.708680272102356,0.2847800552845001,-0.01846574805676937,-0.004606552422046661,-0.6938551664352417,2.930309295654297,5965728.5
15.800000190734863,51.15614700317383,0.27044960856437683,-0.07700107246637344,875.97900390625,-0.4057837128639221,1144.1778564453125,-0.8219228982925415,1068.82958984375,-0.6778745055198669,1162.10546875,-0.9656406044960022,0.9094197750091553,0.8010360598564148,0.5255289077758789,0.36829105019569397,0.307870477437973,0.2896520793437958,-0.00835704617202282,-0.016961989924311638,-0.029302984476089478,-0.02583990804851055,-0.0211661197245121,-0.019108176231384277,1.697727084159851,0.28295451402664185,-0.018127553164958954,-0.004624523222446442,-0.6965619921684265,2.9299895763397217,5965078.0
15.899999618530273,51.18229675292969,0.26149803400039673,-0.08951594680547714,875.9382934570312,-0.40817055106163025,1144.095458984375,-0.8248795866966248,1068.7615966796875,-0.6809483766555786,1162.0087890625,-0.9674593806266785,0.908583402633667,0.7993397116661072,0.5226054191589355,0.36571890115737915,0.30576714873313904,0.2877563536167145,-0.008369765244424343,-0.016965050250291824,-0.02916604094207287,-0.02560301683843136,-0.020899802446365356,-0.018806010484695435,1.686988115310669,0.28116467595100403,-0.017763763666152954,-0.004641686100512743,-0.69914710521698,2.9296679496765137,5964423.0
16.0,51.207435607910156,0.25139206647872925,-0.10105962306261063,875.8973999023438,-0.4105350077152252,1144.0128173828125,-0.8277947306632996,1068.693359375,-0.6839892268180847,1161.9119873046875,-0.969224214553833,0.9077458381652832,0.7976431250572205,0.5196958184242249,0.36317065358161926,0.30369094014167786,0.2858918309211731,-0.008381959982216358,-0.01696685515344143,-0.02902616746723652,-0.02536182850599289,-0.020624149590730667,-0.01848421059548855,1.6764776706695557,0.2794129550457001,-0.01737714558839798,-0.004657937213778496,-0.7015949487686157,2.929344654083252,5963764.5
16.100000381469727,51.23147201538086,0.24035276472568512,-0.11039300262928009,875.856201171875,-0.41287708282470703,1143.929931640625,-0.8306671977043152,1068.6248779296875,-0.6869967579841614,1161.81494140625,-0.970932126045227,0.9069070219993591,0.7959463596343994,0.5168003439903259,0.3606467545032501,0.3016427755355835,0.28406044840812683,-0.008393606171011925,-0.016967346891760826,-0.028883174061775208,-0.02511591464281082,-0.0203383881598711,-0.01814298704266548,1.6662070751190186,0.277701199054718,-0.016973145306110382,-0.004673192743211985,-0.7038927674293518,2.9290192127227783,5963102.5
16.200000762939453,51.25434494018555,0.22871428728103638,-0.11638469994068146,875.8148193359375,-0.41519680619239807,1143.8466796875,-0.8334962725639343,1068.5560302734375,-0.6899704337120056,1161.7177734375,-0.9725812673568726,0.9060671329498291,0.7942496538162231,0.5139192938804626,0.35814768075942993,0.2996237277984619,0.2822640836238861,-0.008404687978327274,-0.01696649380028248,-0.028736960142850876,-0.02486506476998329,-0.02004239521920681,-0.017784297466278076,1.6561833620071411,0.2760305404663086,-0.016559600830078125,-0.004687397740781307,-0.706032395362854,2.928692102432251,5962436.5
16.299999237060547,51.276004791259766,0.21661606431007385,-0.12098217010498047,875.7731323242188,-0.41749417781829834,1143.76318359375,-0.8362812399864197,1068.48681640625,-0.6929099559783936,1161.6204833984375,-0.9741705656051636,0.9052261114120483,0.7925531268119812,0.5110530853271484,0.3556739389896393,0.2976347506046295,0.28050437569618225,-0.00841519609093666,-0.016964275389909744,-0.028587471693754196,-0.02460920438170433,-0.019736390560865402,-0.01741061918437481,1.6464108228683472,0.27440181374549866,-0.01613926701247692,-0.004700510762631893,-0.7080075144767761,2.928363084793091,5961766.5
16.399999618530273,51.296417236328125,0.20412133634090424,-0.12494733929634094,875.7313232421875,-0.41976916790008545,1143.679443359375,-0.839021623134613,1068.4173583984375,-0.6958147883415222,1161.52294921875,-0.9756991863250732,0.9043840765953064,0.7908568978309631,0.5082019567489624,0.35322606563568115,0.2956768870353699,0.2787826657295227,-0.008425124920904636,-0.01696067489683628,-0.02843467891216278,-0.02434830740094185,-0.019420718774199486,-0.017024243250489235,1.6368931531906128,0.2728155255317688,-0.015713509172201157,-0.004712495021522045,-0.7098126411437988,2.928032398223877,5961093.5
16.5,51.31559371948242,0.19178543984889984,-0.12335902452468872,875.689208984375,-0.4220217764377594,1143.595458984375,-0.8417172431945801,1068.34765625,-0.6986845135688782,1161.42529296875,-0.9771679043769836,0.9035411477088928,0.7891610860824585,0.5053662657737732,0.35080450773239136,0.2937510013580322,0.2771000266075134,-0.008434479124844074,-0.01695571094751358,-0.028278673067688942,-0.02408265322446823,-0.01909651793539524,-0.016629422083497047,1.6276277303695679,0.271271288394928,-0.0152955437079072,-0.00472336495295167,-0.7114498615264893,2.9276998043060303,5960416.0
16.600000381469727,51.333614349365234,0.1801912486553192,-0.11594178527593613,875.6469116210938,-0.424251914024353,1143.5111083984375,-0.8443688154220581,1068.2777099609375,-0.7015188336372375,1161.3275146484375,-0.9785796999931335,0.9026972055435181,0.7874658107757568,0.5025463104248047,0.3484097123146057,0.29185786843299866,0.2754570245742798,-0.008443283848464489,-0.016949445009231567,-0.02811969444155693,-0.02381289005279541,-0.01876586303114891,-0.016232503578066826,1.6186044216156006,0.2697674036026001,-0.01489788293838501,-0.00473318574950099,-0.7129291892051697,2.92736554145813,5959735.5
16.700000762939453,51.35054016113281,0.16924108564853668,-0.10950171947479248,875.6043701171875,-0.42645958065986633,1143.426513671875,-0.8469769358634949,1068.2073974609375,-0.7043174505233765,1161.2296142578125,-0.9799375534057617,0.9018524885177612,0.7857711911201477,0.49974244832992554,0.34604206681251526,0.28999805450439453,0.2738535702228546,-0.008451562374830246,-0.016941938549280167,-0.027957992628216743,-0.02353966236114502,-0.018430713564157486,-0.0158383809030056,1.609812617301941,0.2683021128177643,-0.014516900293529034,-0.004742015618830919,-0.714259147644043,2.9270293712615967,5959051.5
16.799999237060547,51.36640167236328,0.15861459076404572,-0.1062648743391037,875.5615844726562,-0.42864468693733215,1143.3416748046875,-0.849541962146759,1068.1368408203125,-0.7070802450180054,1161.131591796875,-0.9812434315681458,0.9010069370269775,0.7840774655342102,0.4969548285007477,0.34370189905166626,0.2881719172000885,0.27228930592536926,-0.008459329605102539,-0.01693323254585266,-0.02779373526573181,-0.023263415321707726,-0.018092362210154533,-0.015449163503944874,1.6012455224990845,0.2668742537498474,-0.014145378954708576,-0.0047498829662799835,-0.7154441475868225,2.9266915321350098,5958363.5
16.899999618530273,51.3812255859375,0.14824047684669495,-0.10374125093221664,875.5186157226562,-0.4308071732521057,1143.256591796875,-0.8520641922950745,1068.06591796875,-0.7098070383071899,1161.0333251953125,-0.982498824596405,0.9001606106758118,0.7823846340179443,0.4941837787628174,0.3413895070552826,0.28637972474098206,0.27076366543769836,-0.008466599509119987,-0.016923360526561737,-0.02762705832719803,-0.022984495386481285,-0.017751775681972504,-0.015065797604620457,1.592897891998291,0.26548299193382263,-0.013782298192381859,-0.0047568101435899734,-0.7164875268936157,2.926352024078369,5957672.5
17.0,51.395015716552734,0.13792958855628967,-0.10310882329940796,875.4754638671875,-0.43294697999954224,1143.1712646484375,-0.8545438051223755,1067.994873046875,-0.7124976515769958,1160.93505859375,-0.983704686164856,0.8993136286735535,0.7806928157806396,0.49142953753471375,0.33910512924194336,0.2846216559410095,0.26927608251571655,-0.008473379537463188,-0.016912339255213737,-0.027458053082227707,-0.0227031409740448,-0.017409563064575195,-0.014688112773001194,1.5847666263580322,0.2641277611255646,-0.013423255644738674,-0.0047628022730350494,-0.7173901200294495,2.926010847091675,5956977.5
17.100000381469727,51.40774154663086,0.1272454410791397,-0.10684147477149963,875.4320678710938,-0.43506404757499695,1143.085693359375,-0.856980562210083,1067.9234619140625,-0.7151520848274231,1160.836669921875,-0.9848605394363403,0.8984659910202026,0.7790021896362305,0.4886922836303711,0.33684900403022766,0.2828979194164276,0.2678260803222656,-0.008479665033519268,-0.016900166869163513,-0.02728670835494995,-0.022419331595301628,-0.01706560142338276,-0.014313898980617523,1.5768535137176514,0.2628089189529419,-0.013058489188551903,-0.004767826292663813,-0.718146800994873,2.9256680011749268,5956279.5
17.200000762939453,51.41936111450195,0.1161835640668869,-0.11061879247426987,875.388427734375,-0.4371582865715027,1142.9998779296875,-0.8593740463256836,1067.851806640625,-0.7177700996398926,1160.738037109375,-0.9859655499458313,0.8976176977157593,0.7773128747940063,0.4859722852706909,0.3346213698387146,0.28120866417884827,0.2664133906364441,-0.00848545040935278,-0.01688683032989502,-0.027112994343042374,-0.022132987156510353,-0.01671961322426796,-0.013941018842160702,1.5691617727279663,0.2615269720554352,-0.012688746675848961,-0.004771847277879715,-0.7187525033950806,2.925323247909546,5955578.0
17.299999237060547,51.42985534667969,0.10493283718824387,-0.11250722408294678,875.3446044921875,-0.43922966718673706,1142.913818359375,-0.8617240786552429,1067.7799072265625,-0.7203516960144043,1160.639404296875,-0.9870195388793945,0.8967689275741577,0.7756248712539673,0.4832697808742523,0.33242252469062805,0.2795541286468506,0.26503801345825195,-0.008490734733641148,-0.01687232404947281,-0.026936914771795273,-0.021844124421477318,-0.016371609643101692,-0.013568668626248837,1.561692476272583,0.26028206944465637,-0.012318122200667858,-0.004774848464876413,-0.7192045450210571,2.9249770641326904,5954873.0
17.399999618530273,51.439178466796875,0.09325683116912842,-0.11676011234521866,875.3005981445312,-0.4412781000137329,1142.8275146484375,-0.8640303015708923,1067.707763671875,-0.7228966355323792,1160.5406494140625,-0.9880216717720032,0.8959196209907532,0.7739384174346924,0.4805850088596344,0.33025267720222473,0.2779344916343689,0.26369988918304443,-0.008495509624481201,-0.016856634989380836,-0.026758436113595963,-0.021552665159106255,-0.016021326184272766,-0.013195406645536423,1.5544487237930298,0.25907477736473083,-0.011940675787627697,-0.0047767916694283485,-0.7194972634315491,2.9246292114257812,5954165.0
17.5,51.44729995727539,0.08121136575937271,-0.12045460939407349,875.25634765625,-0.44330352544784546,1142.7410888671875,-0.8662922978401184,1067.6353759765625,-0.7254047989845276,1160.4417724609375,-0.9889711141586304,0.8950698375701904,0.7722536325454712,0.47791820764541626,0.32811209559440613,0.2763500213623047,0.26239916682243347,-0.008499770425260067,-0.016839751973748207,-0.02657751739025116,-0.02125851996243,-0.015668503940105438,-0.012820089235901833,1.5474337339401245,0.25790563225746155,-0.011558122001588345,-0.004777643829584122,-0.7196255326271057,2.9242796897888184,5953453.5
17.600000381469727,51.454158782958984,0.06860046833753586,-0.12610895931720734,875.2119140625,-0.44530585408210754,1142.654296875,-0.8685094714164734,1067.5626220703125,-0.7278759479522705,1160.3428955078125,-0.9898664951324463,0.8942196369171143,0.7705705165863037,0.475269615650177,0.3260011076927185,0.27480095624923706,0.26113617420196533,-0.008503505028784275,-0.01682164892554283,-0.026394089683890343,-0.020961515605449677,-0.015312646515667439,-0.012441087514162064,1.540652871131897,0.25677549839019775,-0.011165697127580643,-0.004777353256940842,-0.7195817828178406,2.923928737640381,5952739.0
17.700000762939453,51.45969772338867,0.055380601435899734,-0.13219869136810303,875.1672973632812,-0.4472850561141968,1142.5673828125,-0.8706812858581543,1067.48974609375,-0.7303099632263184,1160.243896484375,-0.990706205368042,0.8933691382408142,0.768889307975769,0.4726395010948181,0.32391995191574097,0.27328768372535706,0.25991135835647583,-0.008506701327860355,-0.01680229790508747,-0.0262080579996109,-0.020661428570747375,-0.01495316345244646,-0.012056748382747173,1.5341122150421143,0.25568535923957825,-0.010762709192931652,-0.004775865934789181,-0.7193577289581299,2.9235761165618896,5952021.0
17.799999237060547,51.46388244628906,0.0418582446873188,-0.13522358238697052,875.1224975585938,-0.4492409825325012,1142.480224609375,-0.8728072643280029,1067.4166259765625,-0.732706606388092,1160.144775390625,-0.9914893507957458,0.8925183415412903,0.7672101259231567,0.4700281023979187,0.3218689560890198,0.27181053161621094,0.25872525572776794,-0.008509352803230286,-0.016781682148575783,-0.02601938508450985,-0.020358184352517128,-0.01458989642560482,-0.011667028069496155,1.5278151035308838,0.25463584065437317,-0.010355876758694649,-0.0047731539234519005,-0.7189493179321289,2.9232218265533447,5951300.0
17.899999618530273,51.46672058105469,0.02837132103741169,-0.13486923277378082,875.0774536132812,-0.4511736333370209,1142.392822265625,-0.874887228012085,1067.34326171875,-0.7350655198097229,1160.0455322265625,-0.9922162890434265,0.8916673064231873,0.7655330300331116,0.46743571758270264,0.3198484480381012,0.27036988735198975,0.2575782835483551,-0.00851146038621664,-0.016759809106588364,-0.02582811564207077,-0.02005190961062908,-0.014223243109881878,-0.011273553594946861,1.5217609405517578,0.25362682342529297,-0.009951873682439327,-0.004769221879541874,-0.7183569669723511,2.922866106033325,5950575.5
18.0,51.46820831298828,0.014887250028550625,-0.1348407119512558,875.0322265625,-0.4530828595161438,1142.30517578125,-0.8769211769104004,1067.2696533203125,-0.7373865842819214,1159.9462890625,-0.9928873181343079,0.8908160924911499,0.7638581991195679,0.464862585067749,0.3178586959838867,0.26896607875823975,0.25647082924842834,-0.008513027802109718,-0.016736691817641258,-0.02563430368900299,-0.019742745906114578,-0.013853618875145912,-0.010877680033445358,1.5159485340118408,0.25265809893608093,-0.009549164213240147,-0.0047640688717365265,-0.7175808548927307,2.922508955001831,5949848.5
18.100000381469727,51.46834182739258,0.0013344378676265478,-0.13552811741828918,874.98681640625,-0.45496857166290283,1142.2174072265625,-0.8789089322090149,1067.19580078125,-0.7396696209907532,1159.8470458984375,-0.9935025572776794,0.8899646997451782,0.7621857523918152,0.46230897307395935,0.3159000277519226,0.26759934425354004,0.2554030120372772,-0.008514055982232094,-0.016712332144379616,-0.0254379790276289,-0.01943078450858593,-0.013481277041137218,-0.010480040684342384,1.5103780031204224,0.25172966718673706,-0.00914616510272026,-0.004757689777761698,-0.7166200280189514,2.922150135040283,5949118.0
18.200000762939453,51.467140197753906,-0.012034527957439423,-0.13368965685367584,874.9412231445312,-0.4568307101726532,1142.12939453125,-0.8808504939079285,1067.1217041015625,-0.7419143915176392,1159.74755859375,-0.9940626621246338,0.8891133069992065,0.7605158090591431,0.45977509021759033,0.31397268176078796,0.2662699520587921,0.25437501072883606,-0.008514550514519215,-0.01668674685060978,-0.02523921988904476,-0.019116220995783806,-0.0131067531183362,-0.01008203811943531,1.5050469636917114,0.2508411705493927,-0.008748441003262997,-0.004750101827085018,-0.7154770493507385,2.9217898845672607,5948384.5
18.299999237060547,51.46464920043945,-0.024897513911128044,-0.1286298632621765,874.8954467773438,-0.45866918563842773,1142.041259765625,-0.8827462792396545,1067.04736328125,-0.744120717048645,1159.648193359375,-0.9945694804191589,0.8882618546485901,0.7588484287261963,0.45726123452186584,0.3120768964290619,0.2649780809879303,0.2533867061138153,-0.0085145253688097,-0.016659975051879883,-0.02503817342221737,-0.0187994334846735,-0.012731037102639675,-0.009686259552836418,1.4999494552612305,0.24999158084392548,-0.00836239568889141,-0.004741349723190069,-0.714158833026886,2.9214284420013428,5947648.5
18.399999618530273,51.46094512939453,-0.03704158589243889,-0.12144073843955994,874.8494873046875,-0.4604838490486145,1141.952880859375,-0.8845968842506409,1066.972900390625,-0.746288537979126,1159.5487060546875,-0.9950253367424011,0.8874104022979736,0.757183849811554,0.4547675549983978,0.3102128803730011,0.26372379064559937,0.2524377107620239,-0.008514001034200191,-0.016632063314318657,-0.024835042655467987,-0.018480921164155006,-0.012355415150523186,-0.009295789524912834,1.4950766563415527,0.24917945265769958,-0.007992008700966835,-0.004731500055640936,-0.7126752138137817,2.921065092086792,5946909.0
18.5,51.45611572265625,-0.04830094054341316,-0.11259354650974274,874.8033447265625,-0.4622746706008911,1141.8642578125,-0.8864030838012695,1066.8980712890625,-0.7484177947044373,1159.44921875,-0.9954333305358887,0.8865590691566467,0.7555220723152161,0.4522942900657654,0.30838078260421753,0.26250699162483215,0.251527339220047,-0.008513001725077629,-0.016603078693151474,-0.024630069732666016,-0.018161272630095482,-0.01198134571313858,-0.008913792669773102,1.4904179573059082,0.24840298295021057,-0.00764052476733923,-0.004720631521195173,-0.7110381722450256,2.9207005500793457,5946167.0
18.600000381469727,51.45027542114258,-0.058417994529008865,-0.10117053985595703,874.757080078125,-0.464041531085968,1141.775634765625,-0.8881660103797913,1066.8231201171875,-0.7505085468292236,1159.349609375,-0.9957972168922424,0.8857077956199646,0.7538632750511169,0.44984161853790283,0.30658066272735596,0.2613274157047272,0.2506546080112457,-0.00851155910640955,-0.016573097556829453,-0.024423550814390182,-0.017841201275587082,-0.011610560119152069,-0.00854384433478117,1.4859594106674194,0.24765990674495697,-0.007313317619264126,-0.004708847962319851,-0.7092633247375488,2.920334815979004,5945422.0
18.700000762939453,51.443511962890625,-0.06762468069791794,-0.09206684678792953,874.7105712890625,-0.46578437089920044,1141.6866455078125,-0.8898866772651672,1066.748046875,-0.7525609135627747,1159.25,-0.9961203932762146,0.8848567605018616,0.7522075176239014,0.44740962982177734,0.3048125207424164,0.26018473505973816,0.2498181313276291,-0.008509700186550617,-0.016542190685868263,-0.02421574294567108,-0.017521323636174202,-0.011244434863328934,-0.008187958039343357,1.4816890954971313,0.24694818258285522,-0.007004905957728624,-0.00469623226672411,-0.7073630690574646,2.9199674129486084,5944674.0
18.799999237060547,51.43589782714844,-0.07613008469343185,-0.08505405485630035,874.6638793945312,-0.4675031006336212,1141.59765625,-0.8915657997131348,1066.672607421875,-0.7545750737190247,1159.150390625,-0.9964053630828857,0.8840059041976929,0.7505548596382141,0.44499850273132324,0.3030763864517212,0.25907835364341736,0.24901653826236725,-0.008507447317242622,-0.016510410234332085,-0.024006856605410576,-0.01720210537314415,-0.010883884504437447,-0.007846576161682606,1.4775974750518799,0.24626624584197998,-0.006711352150887251,-0.004682846833020449,-0.705346941947937,2.9195985794067383,5943923.5
18.899999618530273,51.42747497558594,-0.08423767238855362,-0.08107589930295944,874.6170654296875,-0.46919769048690796,1141.5084228515625,-0.8932041525840759,1066.5970458984375,-0.756551206111908,1159.05078125,-0.9966539144515991,0.8831552863121033,0.7489054799079895,0.4426083266735077,0.30137208104133606,0.2580077350139618,0.2482483983039856,-0.00850481353700161,-0.0164777934551239,-0.02379702776670456,-0.016883835196495056,-0.010529289953410625,-0.007518635597079992,1.4736783504486084,0.24561305344104767,-0.006426436360925436,-0.004668728914111853,-0.7032204270362854,2.9192285537719727,5943170.0
19.0,51.418277740478516,-0.09196878224611282,-0.07731103152036667,874.570068359375,-0.4708680808544159,1141.4189453125,-0.8948021531105042,1066.5213623046875,-0.7584894895553589,1158.9510498046875,-0.9968673586845398,0.8823049664497375,0.7472593188285828,0.4402391314506531,0.2996995747089386,0.2569722831249237,0.24751242995262146,-0.008501811884343624,-0.01644437201321125,-0.023586370050907135,-0.016566745936870575,-0.010180876590311527,-0.007202955894172192,1.469926357269287,0.24498772621154785,-0.006150227040052414,-0.004653912037611008,-0.7009886503219604,2.9188573360443115,5942414.0
19.100000381469727,51.40835952758789,-0.09916793555021286,-0.07199160009622574,874.5228881835938,-0.472514271736145,1141.3294677734375,-0.896360456943512,1066.4454345703125,-0.7603903412818909,1158.851318359375,-0.9970476031303406,0.8814549446105957,0.745616614818573,0.43789106607437134,0.2980586886405945,0.25597134232521057,0.24680742621421814,-0.00849845726042986,-0.016410186886787415,-0.023375028744339943,-0.016251130029559135,-0.009839044883847237,-0.006899259518831968,1.4663350582122803,0.24438917636871338,-0.005886005703359842,-0.004638445097953081,-0.6986590027809143,2.9184844493865967,5941655.0
19.200000762939453,51.39776611328125,-0.1059657484292984,-0.06797810643911362,874.4755859375,-0.4741361737251282,1141.23974609375,-0.8978797793388367,1066.3692626953125,-0.7622538805007935,1158.751708984375,-0.9971960783004761,0.8806052803993225,0.7439773082733154,0.43556416034698486,0.2964492738246918,0.25500422716140747,0.24613220989704132,-0.008494763635098934,-0.016375267878174782,-0.023163126781582832,-0.015937233343720436,-0.009504045359790325,-0.0066069564782083035,1.4628984928131104,0.24381642043590546,-0.0056305816397070885,-0.004622364416718483,-0.6962368488311768,2.9181106090545654,5940893.5
19.299999237060547,51.38650894165039,-0.11255057156085968,-0.06584825366735458,874.4280395507812,-0.47573384642601013,1141.1497802734375,-0.8993605375289917,1066.29296875,-0.7640804648399353,1158.6519775390625,-0.9973137378692627,0.879755973815918,0.7423415780067444,0.4332584738731384,0.29487118124961853,0.2540702819824219,0.24548572301864624,-0.008490738458931446,-0.01633964106440544,-0.02295074425637722,-0.015625182539224625,-0.009175809100270271,-0.0063246977515518665,1.4596132040023804,0.24326886236667633,-0.00538013456389308,-0.0046056900173425674,-0.6937252879142761,2.9177353382110596,5940130.0
19.399999618530273,51.374603271484375,-0.11906569451093674,-0.06515117734670639,874.3804321289062,-0.4773072600364685,1141.059814453125,-0.9008030295372009,1066.2164306640625,-0.7658703923225403,1158.55224609375,-0.9974010586738586,0.8789071440696716,0.7407094240188599,0.4309740364551544,0.29332417249679565,0.25316885113716125,0.24486702680587769,-0.008486386388540268,-0.01630331575870514,-0.02273792214691639,-0.015315011143684387,-0.008854024112224579,-0.006050705444067717,1.4564772844314575,0.24274620413780212,-0.005131823476403952,-0.0045884279534220695,-0.691125214099884,2.917358875274658,5939363.0
19.5,51.362064361572266,-0.1253776252269745,-0.06311933696269989,874.3325805664062,-0.4788564443588257,1140.9697265625,-0.902207612991333,1066.1397705078125,-0.7676238417625427,1158.452392578125,-0.9974586367607117,0.8780587315559387,0.7390809655189514,0.4287109076976776,0.2918080985546112,0.2522992491722107,0.24427537620067596,-0.008481714874505997,-0.016266310587525368,-0.022524716332554817,-0.015006793662905693,-0.008538519963622093,-0.005784016568213701,1.4534881114959717,0.2422480285167694,-0.004888664931058884,-0.004570597782731056,-0.6884395480155945,2.9169809818267822,5938594.0
19.600000381469727,51.34890365600586,-0.1316199153661728,-0.06242295354604721,874.28466796875,-0.48038142919540405,1140.87939453125,-0.9035747051239014,1066.06298828125,-0.769341230392456,1158.3526611328125,-0.99748694896698,0.877210795879364,0.737456202507019,0.4264691174030304,0.29032275080680847,0.2514609098434448,0.24371007084846497,-0.008476726710796356,-0.016228634864091873,-0.022311164066195488,-0.014700552448630333,-0.008229009807109833,-0.0055234916508197784,1.4506442546844482,0.2417740374803543,-0.004647357854992151,-0.0045522055588662624,-0.6856692433357239,2.91660213470459,5937822.5
19.700000762939453,51.33513259887695,-0.1377023309469223,-0.060824159532785416,874.2365112304688,-0.481882244348526,1140.7889404296875,-0.9049045443534851,1065.9859619140625,-0.7710227966308594,1158.2529296875,-0.997486412525177,0.8763633966445923,0.7358352541923523,0.42424869537353516,0.28886792063713074,0.2506532371044159,0.24317052960395813,-0.00847142655402422,-0.0161903016269207,-0.022097313776612282,-0.014396333135664463,-0.007925285957753658,-0.005268460605293512,1.4479433298110962,0.24132390320301056,-0.004410053137689829,-0.004533266648650169,-0.6828165650367737,2.916221857070923,5937048.5
19.799999237060547,51.32075500488281,-0.14379604160785675,-0.06093704700469971,874.1882934570312,-0.4833589196205139,1140.6983642578125,-0.9061974287033081,1065.90869140625,-0.772668719291687,1158.1531982421875,-0.9974571466445923,0.8755165338516235,0.734218180179596,0.4220496714115143,0.2874434292316437,0.24987567961215973,0.24265627562999725,-0.008465818129479885,-0.016151318326592445,-0.021883182227611542,-0.014094105921685696,-0.007626964244991541,-0.0050178151577711105,1.4453849792480469,0.24089749157428741,-0.004172727931290865,-0.004513780120760202,-0.6798814535140991,2.9158406257629395,5936272.5
19.899999618530273,51.30574417114258,-0.15010668337345123,-0.06310641765594482,874.1398315429688,-0.4848114848136902,1140.6077880859375,-0.9074533581733704,1065.8314208984375,-0.7742793560028076,1158.053466796875,-0.9973986148834229,0.8746702671051025,0.7326050400733948,0.41987207531929016,0.2860490381717682,0.24912770092487335,0.24216695129871368,-0.008459895849227905,-0.016111677512526512,-0.021668732166290283,-0.013793721795082092,-0.00733335642144084,-0.004769694991409779,1.442970871925354,0.24049514532089233,-0.003931169398128986,-0.004493727348744869,-0.676861047744751,2.9154582023620605,5935493.5
20.0,51.29008102416992,-0.1566072702407837,-0.06500585377216339,874.09130859375,-0.48624005913734436,1140.5169677734375,-0.9086723327636719,1065.75390625,-0.7758548855781555,1157.9537353515625,-0.997310221195221,0.8738245964050293,0.7309958338737488,0.4177159368991852,0.2846846282482147,0.24840886890888214,0.2417023926973343,-0.008453655987977982,-0.016071368008852005,-0.02145392820239067,-0.013495017774403095,-0.007043781690299511,-0.004522570408880711,1.4407031536102295,0.24011719226837158,-0.0036861305125057697,-0.004473092034459114,-0.6737529039382935,2.915074586868286,5934712.5
20.100000381469727,51.27378463745117,-0.16299110651016235,-0.06383831799030304,874.0426025390625,-0.48764467239379883,1140.426025390625,-0.9098545908927917,1065.6761474609375,-0.777395486831665,1157.85400390625,-0.9971919655799866,0.8729795217514038,0.7293907999992371,0.41558128595352173,0.28334999084472656,0.24771881103515625,0.24126248061656952,-0.008447101339697838,-0.01603039540350437,-0.0212387852370739,-0.013197976164519787,-0.00675800908356905,-0.004276500549167395,1.4385812282562256,0.2397635281085968,-0.0034439421724528074,-0.004451884888112545,-0.6705586314201355,2.914689779281616,5933929.5
20.200000762939453,51.256866455078125,-0.16917744278907776,-0.061863336712121964,873.9937744140625,-0.489025354385376,1140.3349609375,-0.9110004305839539,1065.598388671875,-0.7789014577865601,1157.7542724609375,-0.9970444440841675,0.8721351623535156,0.7277898192405701,0.4134681820869446,0.2820449769496918,0.24705713987350464,0.24084709584712982,-0.008440235629677773,-0.015988774597644806,-0.021023353561758995,-0.012902657501399517,-0.006476021837443113,-0.004032122902572155,1.4366028308868408,0.23943381011486053,-0.003205636516213417,-0.004430124536156654,-0.6672809720039368,2.91430401802063,5933144.0
20.299999237060547,51.23937225341797,-0.174944669008255,-0.057672303169965744,873.94482421875,-0.49038222432136536,1140.2437744140625,-0.9121103286743164,1065.5203857421875,-0.7803729176521301,1157.654541015625,-0.9968688488006592,0.8712915182113647,0.7261930704116821,0.41137662529945374,0.28076937794685364,0.24642346799373627,0.2404560148715973,-0.008433070965111256,-0.015946533530950546,-0.020807720720767975,-0.012609227560460567,-0.006198106333613396,-0.0037908402737230062,1.434763789176941,0.2391272932291031,-0.0029758939053863287,-0.004407848697155714,-0.6639257669448853,2.913917064666748,5932356.0
20.399999618530273,51.22134780883789,-0.18023467063903809,-0.0529000461101532,873.8956909179688,-0.49171537160873413,1140.152587890625,-0.9131850004196167,1065.4422607421875,-0.7818102240562439,1157.554931640625,-0.9966666102409363,0.8704485893249512,0.7246005535125732,0.4093066453933716,0.2795230448246002,0.2458173632621765,0.2400888204574585,-0.008425617590546608,-0.01590370014309883,-0.02059200219810009,-0.012317901477217674,-0.005924678407609463,-0.003554167225956917,1.433058261871338,0.23884305357933044,-0.002755598397925496,-0.004385101608932018,-0.6604994535446167,2.9135289192199707,5931566.5
20.5,51.20282745361328,-0.18520456552505493,-0.04969893768429756,873.8464965820312,-0.4930248260498047,1140.0611572265625,-0.9142249226570129,1065.364013671875,-0.7832135558128357,1157.4552001953125,-0.99643874168396,0.8696063756942749,0.7230123281478882,0.4072582423686981,0.27830570936203003,0.24523836374282837,0.23974503576755524,-0.008417886681854725,-0.01586030051112175,-0.020376281812787056,-0.012028826400637627,-0.005655939225107431,-0.0033226816449314356,1.4314824342727661,0.23858040571212769,-0.0025413776747882366,-0.004361911676824093,-0.6570065021514893,2.913140058517456,5930774.5
20.600000381469727,51.183841705322266,-0.1898566335439682,-0.04652063176035881,873.797119140625,-0.4943106770515442,1139.9697265625,-0.9152306318283081,1065.28564453125,-0.7845832109451294,1157.3555908203125,-0.9961863160133362,0.8687649965286255,0.7214285135269165,0.40523138642311096,0.27711719274520874,0.24468600749969482,0.23942412436008453,-0.008409886620938778,-0.015816358849406242,-0.02016063593327999,-0.01174212247133255,-0.00539202056825161,-0.0030966633930802345,1.4300322532653809,0.23833872377872467,-0.002333567012101412,-0.004338308237493038,-0.6534512639045715,2.912750005722046,5929980.0
20.700000762939453,51.16441345214844,-0.1942671835422516,-0.04410548880696297,873.7476196289062,-0.4955730736255646,1139.878173828125,-0.9162025451660156,1065.2071533203125,-0.7859194874763489,1157.2559814453125,-0.9959100484848022,0.8679243922233582,0.7198490500450134,0.4032261073589325,0.2759571969509125,0.2441597878932953,0.23912553489208221,-0.008401624858379364,-0.01577189192175865,-0.01994512416422367,-0.01145787350833416,-0.00513295317068696,-0.0028760412242263556,1.4287047386169434,0.23811747133731842,-0.0021305105183273554,-0.004314313177019358,-0.649837076663971,2.9123587608337402,5929184.0
20.799999237060547,51.144561767578125,-0.19853658974170685,-0.04269411787390709,873.697998046875,-0.4968120753765106,1139.7864990234375,-0.9171410202980042,1065.1285400390625,-0.7872227430343628,1157.156494140625,-0.9956104755401611,0.8670846819877625,0.7182741165161133,0.40124237537384033,0.2748255133628845,0.24365924298763275,0.23884877562522888,-0.008393106050789356,-0.015726914629340172,-0.01972978562116623,-0.011176105588674545,-0.00487860944122076,-0.002660285448655486,1.4274979829788208,0.23791632056236267,-0.001930187689140439,-0.004289939999580383,-0.6461659073829651,2.9119668006896973,5928386.0
20.899999618530273,51.12424087524414,-0.20319007337093353,-0.04653489217162132,873.6482543945312,-0.4980277717113495,1139.6947021484375,-0.9180460572242737,1065.0496826171875,-0.7884931564331055,1157.056884765625,-0.9952865242958069,0.8662458062171936,0.7167037129402161,0.3992801606655121,0.2737219035625458,0.2431839257478714,0.2385934591293335,-0.008384322747588158,-0.01568140834569931,-0.019514553248882294,-0.010896582156419754,-0.004628158174455166,-0.00244680093601346,1.426414966583252,0.2377358376979828,-0.0017212810926139355,-0.004265154711902142,-0.6424326300621033,2.911573886871338,5927585.5
21.0,51.10340881347656,-0.20832191407680511,-0.05131841450929642,873.598388671875,-0.4992202818393707,1139.602783203125,-0.9189173579216003,1064.9708251953125,-0.7897310256958008,1156.9573974609375,-0.9949365854263306,0.8654078245162964,0.7151378989219666,0.39733946323394775,0.27264612913131714,0.24273352324962616,0.2383595108985901,-0.008375263772904873,-0.01563534513115883,-0.019299311563372612,-0.010618953965604305,-0.004380513913929462,-0.0022326726466417313,1.4254616498947144,0.2375769466161728,-0.0015025001484900713,-0.0042399149388074875,-0.6386309266090393,2.911179780960083,5926783.5
21.100000381469727,51.08205032348633,-0.21359306573867798,-0.052711449563503265,873.5484008789062,-0.5003897547721863,1139.5108642578125,-0.9197548627853394,1064.8917236328125,-0.7909365296363831,1156.85791015625,-0.9945598840713501,0.8645707368850708,0.7135766744613647,0.39542028307914734,0.27159804105758667,0.24230776727199554,0.2381470650434494,-0.00836592260748148,-0.015588711015880108,-0.019084006547927856,-0.01034302543848753,-0.00413507129997015,-0.0020169236231595278,1.4246406555175781,0.2374401092529297,-0.001280960044823587,-0.004214209038764238,-0.6347590088844299,2.910784959793091,5925979.5
21.200000762939453,51.06016159057617,-0.21887758374214172,-0.052845194935798645,873.498291015625,-0.5015362501144409,1139.4189453125,-0.9205586314201355,1064.8126220703125,-0.7921098470687866,1156.7584228515625,-0.9941561222076416,0.8637346625328064,0.7120201587677002,0.3935226798057556,0.27057749032974243,0.24190644919872284,0.23795625567436218,-0.008356298319995403,-0.015541503205895424,-0.018868619576096535,-0.01006870623677969,-0.0038915369659662247,-0.001799612888135016,1.4239528179168701,0.23732547461986542,-0.0010584904812276363,-0.0041880360804498196,-0.6308167576789856,2.9103891849517822,5925174.0
21.299999237060547,51.03774642944336,-0.22416730225086212,-0.05289726331830025,873.4481201171875,-0.5026599168777466,1139.3267822265625,-0.9213287830352783,1064.7333984375,-0.7932511568069458,1156.6590576171875,-0.993725061416626,0.8628995418548584,0.7104684114456177,0.3916465938091278,0.2695842683315277,0.2415294051170349,0.23778726160526276,-0.008346389047801495,-0.015493721701204777,-0.01865314319729805,-0.009795916266739368,-0.003649673657491803,-0.0015808797907084227,1.4233988523483276,0.23723314702510834,-0.0008349683484993875,-0.004161396529525518,-0.6268042325973511,2.9099924564361572,5924366.0
21.399999618530273,51.014801025390625,-0.2294507771730423,-0.05283460393548012,873.3977661132812,-0.503760814666748,1139.234619140625,-0.9220654368400574,1064.6539306640625,-0.7943606376647949,1156.5596923828125,-0.9932664632797241,0.8620653748512268,0.7089214324951172,0.3897920548915863,0.26861825585365295,0.24117648601531982,0.23764020204544067,-0.008336194790899754,-0.015445363707840443,-0.018437562510371208,-0.009524584747850895,-0.0034092706628143787,-0.0013608491281047463,1.4229792356491089,0.2371632158756256,-0.0006105460925027728,-0.004134291782975197,-0.6227216124534607,2.909594774246216,5923556.5
21.5,50.991336822509766,-0.234653502702713,-0.052027370780706406,873.3473510742188,-0.5048391222953796,1139.142333984375,-0.9227686524391174,1064.574462890625,-0.7954384088516235,1156.46044921875,-0.9927803874015808,0.8612322807312012,0.7073793411254883,0.3879590630531311,0.2676793038845062,0.24084752798080444,0.23751519620418549,-0.00832571554929018,-0.01539643295109272,-0.018221884965896606,-0.00925467163324356,-0.0031702264677733183,-0.001139900996349752,1.4226938486099243,0.23711565136909485,-0.00038674232200719416,-0.004106729291379452,-0.61857008934021,2.909196376800537,5922745.5
21.600000381469727,50.967376708984375,-0.23959743976593018,-0.04943927004933357,873.2968139648438,-0.5058948993682861,1139.050048828125,-0.9234388470649719,1064.494873046875,-0.7964847087860107,1156.3612060546875,-0.9922673106193542,0.8604002594947815,0.7058421969413757,0.386147677898407,0.2667672634124756,0.24054239690303802,0.23741227388381958,-0.008314956910908222,-0.015346941538155079,-0.018006151542067528,-0.008986236527562141,-0.0029327007941901684,-0.0009190969285555184,1.4225407838821411,0.2370901256799698,-0.0001672816724749282,-0.004078733269125223,-0.6143531799316406,2.908797025680542,5921932.5
21.700000762939453,50.94294738769531,-0.24428720772266388,-0.04689778387546539,873.2461547851562,-0.5069282650947571,1138.9576416015625,-0.9240762591362,1064.4151611328125,-0.7974996566772461,1156.261962890625,-0.9917278289794922,0.8595693111419678,0.7043099999427795,0.38435783982276917,0.2658819854259491,0.24026092886924744,0.23733139038085938,-0.008303924463689327,-0.015296905301511288,-0.017790408805012703,-0.008719353005290031,-0.0026968983002007008,-0.0006994022987782955,1.4225174188613892,0.2370862364768982,4.8246714868582785e-05,-0.004050326533615589,-0.6100744605064392,2.9083969593048096,5921118.0
21.799999237060547,50.9180908203125,-0.24854488670825958,-0.042576707899570465,873.1954345703125,-0.507939338684082,1138.865234375,-0.9246814250946045,1064.3353271484375,-0.7984834313392639,1156.162841796875,-0.9911630153656006,0.8587394952774048,0.7027828097343445,0.38258957862854004,0.2650233209133148,0.24000294506549835,0.23727235198020935,-0.008292626589536667,-0.015246346592903137,-0.017574742436408997,-0.00845418032258749,-0.002463236451148987,-0.0004822535556741059,1.4226199388504028,0.23710331320762634,0.0002557824191171676,-0.004021548666059971,-0.6057398319244385,2.9079959392547607,5920301.5
21.899999618530273,50.892860412597656,-0.25231707096099854,-0.03772184997797012,873.1445922851562,-0.5089282393455505,1138.772705078125,-0.9252548813819885,1064.2554931640625,-0.7994362711906433,1156.063720703125,-0.990574300289154,0.8579108119010925,0.7012607455253601,0.3808428943157196,0.2641910910606384,0.23976819217205048,0.23723481595516205,-0.008281076326966286,-0.015195297077298164,-0.017359251156449318,-0.008190925233066082,-0.0022322458680719137,-0.0002691724512260407,1.4228428602218628,0.2371404767036438,0.00045434958883561194,-0.003992443438619375,-0.6013559103012085,2.9075942039489746,5919484.0
22.0,50.86728286743164,-0.2557709217071533,-0.03453841432929039,873.0936279296875,-0.5098950862884521,1138.68017578125,-0.9257971048355103,1064.175537109375,-0.8003584146499634,1155.9647216796875,-0.9899625778198242,0.857083261013031,0.6997437477111816,0.3791177272796631,0.2633850574493408,0.23955638706684113,0.23721837997436523,-0.008269282057881355,-0.015143778175115585,-0.017144013196229935,-0.007929719053208828,-0.0020042250398546457,-6.071553798392415e-05,1.4231826066970825,0.23719708621501923,0.0006475361878983676,-0.003963039722293615,-0.5969269871711731,2.907191753387451,5918664.5
22.100000381469727,50.841400146484375,-0.2588467001914978,-0.030758004635572433,873.0426025390625,-0.5108399987220764,1138.587646484375,-0.9263086318969727,1064.095458984375,-0.8012501001358032,1155.86572265625,-0.9893289804458618,0.8562569618225098,0.6982319951057434,0.3774140775203705,0.26260507106781006,0.23936723172664642,0.23722250759601593,-0.008257252164185047,-0.01509181410074234,-0.016929103061556816,-0.007670700084418058,-0.001779475249350071,0.00014260507305152714,1.4236350059509277,0.2372725009918213,0.0008335307938978076,-0.003933371510356665,-0.5924583077430725,2.9067883491516113,5917843.5
22.200000762939453,50.815242767333984,-0.26155227422714233,-0.027055727317929268,872.991455078125,-0.5117630958557129,1138.4949951171875,-0.9267899394035339,1064.0152587890625,-0.8021116256713867,1155.766845703125,-0.988674521446228,0.855431854724884,0.6967254281044006,0.375731885433197,0.26185083389282227,0.23920036852359772,0.23724670708179474,-0.008244998753070831,-0.015039428137242794,-0.01671460084617138,-0.007414012681692839,-0.001558301504701376,0.0003403217997401953,1.4241958856582642,0.2373659908771515,0.0010125316912308335,-0.0039034730289131403,-0.5879548788070679,2.9063844680786133,5917021.0
22.299999237060547,50.78887176513672,-0.2637215852737427,-0.02169295772910118,872.9402465820312,-0.5126644372940063,1138.4022216796875,-0.9272417426109314,1063.9349365234375,-0.802943229675293,1155.66796875,-0.9880008101463318,0.8546079397201538,0.6952241063117981,0.3740711510181427,0.2611221671104431,0.23905541002750397,0.23729033768177032,-0.008232532069087029,-0.014986653812229633,-0.016500622034072876,-0.00715987803414464,-0.001341209514066577,0.0005313865840435028,1.4248595237731934,0.23747658729553223,0.001180619583465159,-0.0038733917754143476,-0.5834239721298218,2.905979871749878,5916197.0
22.399999618530273,50.76237869262695,-0.264912873506546,-0.011912822723388672,872.888916015625,-0.5135442614555359,1138.3094482421875,-0.927665114402771,1063.8546142578125,-0.8037453293800354,1155.5692138671875,-0.9873106479644775,0.8537853360176086,0.6937280893325806,0.37243175506591797,0.26041874289512634,0.23893192410469055,0.23735260963439941,-0.008219879120588303,-0.014933551661670208,-0.016287371516227722,-0.006908755283802748,-0.001129330019466579,0.0007129659061320126,1.4256150722503662,0.23760251700878143,0.0013279119739308953,-0.0038432155270129442,-0.5788787007331848,2.905574321746826,5915371.5
22.5,50.73583984375,-0.2654033601284027,-0.0049048615619540215,872.8375244140625,-0.5144025683403015,1138.2166748046875,-0.9280610680580139,1063.7742919921875,-0.8045182228088379,1155.4705810546875,-0.9866066575050354,0.8529639840126038,0.6922374367713928,0.37081363797187805,0.25974026322364807,0.23882931470870972,0.23743249475955963,-0.00820705946534872,-0.014880174770951271,-0.01607503369450569,-0.006661029998213053,-0.0009235352044925094,0.0008834722684696317,1.4264529943466187,0.23774215579032898,0.0014610091457143426,-0.003813006915152073,-0.5743285417556763,2.905168294906616,5914545.0
22.600000381469727,50.709293365478516,-0.26547911763191223,-0.0007575664785690606,872.7860717773438,-0.5152396559715271,1138.1239013671875,-0.928430438041687,1063.6937255859375,-0.8052623271942139,1155.3719482421875,-0.9858903884887695,0.8521439433097839,0.6907520890235901,0.3692167103290558,0.25908640027046204,0.23874695599079132,0.23752887547016144,-0.008194087073206902,-0.014826557599008083,-0.015863722190260887,-0.0064169070683419704,-0.0007241645362228155,0.0010431203991174698,1.4273669719696045,0.23789450526237488,0.0015852961223572493,-0.003782802727073431,-0.569779098033905,2.904761552810669,5913716.5
22.700000762939453,50.682743072509766,-0.26550206542015076,-0.00022962370712775737,872.7344970703125,-0.5160555839538574,1138.031005859375,-0.9287735819816589,1063.6131591796875,-0.8059781193733215,1155.2734375,-0.9851622581481934,0.8513251543045044,0.6892721056938171,0.3676408529281616,0.2584567666053772,0.23868423700332642,0.23764076828956604,-0.008180968463420868,-0.01477271132171154,-0.015653463080525398,-0.006176380906254053,-0.0005309711559675634,0.0011937824310734868,1.4283552169799805,0.23805919289588928,0.0017082763370126486,-0.003752608085051179,-0.5652310848236084,2.9043540954589844,5912887.5
22.799999237060547,50.656219482421875,-0.2652132213115692,0.002888327930122614,872.682861328125,-0.5168505311012268,1137.9381103515625,-0.9290911555290222,1063.5325927734375,-0.8066660165786743,1155.1749267578125,-0.9844231605529785,0.8505077362060547,0.6877975463867188,0.3660859763622284,0.2578509747982025,0.23864051699638367,0.237767294049263,-0.008167710155248642,-0.014718656428158283,-0.015444318763911724,-0.005939524155110121,-0.00034394479007460177,0.0013361750170588493,1.4294137954711914,0.23823563754558563,0.0018233702285215259,-0.0037224506959319115,-0.5606886744499207,2.9039459228515625,5912056.5
22.899999618530273,50.62979507446289,-0.26423871517181396,0.009745283983647823,872.631103515625,-0.5176246166229248,1137.84521484375,-0.9293841123580933,1063.451904296875,-0.8073264360427856,1155.0765380859375,-0.9836753010749817,0.84969162940979,0.6863284111022949,0.36455193161964417,0.2572686970233917,0.23861517012119293,0.23790760338306427,-0.008154330775141716,-0.014664439484477043,-0.015236438252031803,-0.005706632975488901,-0.0001636933593545109,0.0014689485542476177,1.430534839630127,0.2384224832057953,0.00192252267152071,-0.003692391561344266,-0.5561610460281372,2.9035372734069824,5911224.5
23.0,50.60352325439453,-0.26275259256362915,0.014861208386719227,872.579345703125,-0.5183780789375305,1137.7523193359375,-0.9296533465385437,1063.37109375,-0.8079599142074585,1154.9781494140625,-0.9829205870628357,0.8488768935203552,0.6848646402359009,0.3630386292934418,0.256709486246109,0.2386074811220169,0.23806065320968628,-0.008140848018229008,-0.014610101468861103,-0.015029958449304104,-0.005477970000356436,9.296953066950664e-06,0.001591334119439125,1.4317106008529663,0.23861843347549438,0.0020100679248571396,-0.0036624763160943985,-0.551655113697052,2.903128147125244,5910391.5
23.100000381469727,50.577392578125,-0.26129886507987976,0.014537157490849495,872.5274658203125,-0.5191110968589783,1137.6593017578125,-0.9298993349075317,1063.290283203125,-0.8085668683052063,1154.8798828125,-0.9821593761444092,0.8480634689331055,0.6834063529968262,0.3615458905696869,0.25617292523384094,0.23861674964427948,0.23822550475597382,-0.008127265609800816,-0.014555653557181358,-0.014824901707470417,-0.005253502633422613,0.0001753640826791525,0.0017051654867827892,1.432939052581787,0.23882319033145905,0.002097797580063343,-0.003632701700553298,-0.5471703410148621,2.9027180671691895,5909557.0
23.200000762939453,50.55138397216797,-0.26007869839668274,0.012201790697872639,872.4755249023438,-0.5198237895965576,1137.5662841796875,-0.9301223158836365,1063.2093505859375,-0.8091477155685425,1154.78173828125,-0.981391191482544,0.8472514152526855,0.6819535493850708,0.36007359623908997,0.2556586265563965,0.23864232003688812,0.23840144276618958,-0.008113580755889416,-0.014501087367534637,-0.014621217735111713,-0.005033024121075869,0.0003352951316628605,0.0018132596742361784,1.4342221021652222,0.23903700709342957,0.002189335646107793,-0.003603047225624323,-0.5427036881446838,2.9023077487945557,5908721.0
23.299999237060547,50.525489807128906,-0.25893428921699524,0.011443971656262875,872.4234619140625,-0.5205164551734924,1137.4732666015625,-0.930322527885437,1063.12841796875,-0.8097030520439148,1154.68359375,-0.9806156158447266,0.8464407324790955,0.68050616979599,0.35862159729003906,0.2551661729812622,0.2386835813522339,0.23858799040317535,-0.008099790662527084,-0.014446399174630642,-0.014418876729905605,-0.00481638265773654,0.000489679048769176,0.0019173085456714034,1.4355601072311401,0.2392600178718567,0.002280968939885497,-0.0035735059063881636,-0.5382540822029114,2.9018967151641846,5907884.5
23.399999618530273,50.49970245361328,-0.25788331031799316,0.01050992775708437,872.3713989257812,-0.5211892127990723,1137.3802490234375,-0.9305002689361572,1063.0474853515625,-0.8102331161499023,1154.5855712890625,-0.9798325300216675,0.84563148021698,0.6790642738342285,0.35718974471092224,0.25469520688056946,0.23874004185199738,0.2387847900390625,-0.00808589719235897,-0.014391586184501648,-0.014217854477465153,-0.004603441804647446,0.0006390281487256289,0.002018505008891225,1.4369536638259888,0.2394922822713852,0.0023736367002129555,-0.003544069593772292,-0.5338202714920044,2.9014852046966553,5907046.5
23.5,50.47400665283203,-0.2569526433944702,0.009306578896939754,872.3192749023438,-0.5218423008918762,1137.287109375,-0.9306556582450867,1062.9664306640625,-0.8107384443283081,1154.4876708984375,-0.9790414571762085,0.8448235988616943,0.6776278614997864,0.35577794909477234,0.2542453408241272,0.2388112097978592,0.2389916032552719,-0.008071895688772202,-0.014336645603179932,-0.01401811558753252,-0.004394046496599913,0.0007838747114874423,0.002117933239787817,1.4384037256240845,0.2397339642047882,0.002468029735609889,-0.003514727344736457,-0.529400646686554,2.9010732173919678,5906207.5
23.600000381469727,50.44841766357422,-0.2558883726596832,0.010642544366419315,872.2670288085938,-0.5224759578704834,1137.194091796875,-0.9307892322540283,1062.88525390625,-0.811219334602356,1154.3897705078125,-0.9782426953315735,0.8440170884132385,0.6761969327926636,0.3543860912322998,0.25381624698638916,0.23889663815498352,0.23920828104019165,-0.00805779080837965,-0.014281585812568665,-0.013819674961268902,-0.0041881646029651165,0.0009243826498277485,0.002215401502326131,1.439908742904663,0.23998479545116425,0.002558283042162657,-0.0034854914993047714,-0.5249969959259033,2.900660514831543,5905368.0
23.700000762939453,50.4229621887207,-0.2545566260814667,0.01331767626106739,872.2147827148438,-0.5230903029441833,1137.1009521484375,-0.9309014678001404,1062.80419921875,-0.8116761445999146,1154.2919921875,-0.9774371981620789,0.8432120084762573,0.6747715473175049,0.3530139625072479,0.2534075677394867,0.23899590969085693,0.23943455517292023,-0.008043590933084488,-0.014226425439119339,-0.013622590340673923,-0.0039858706295490265,0.0010604159906506538,0.0023098974488675594,1.441465139389038,0.24024419486522675,0.002641750266775489,-0.003456385340541601,-0.5206129550933838,2.900247573852539,5904527.0
23.799999237060547,50.39763641357422,-0.25327154994010925,0.01285069901496172,872.1624145507812,-0.5236856937408447,1137.0079345703125,-0.9309927225112915,1062.722900390625,-0.8121093511581421,1154.1943359375,-0.9766250252723694,0.8424083590507507,0.6733516454696655,0.3516615033149719,0.25301894545555115,0.23910856246948242,0.23967014253139496,-0.008029297925531864,-0.014171170070767403,-0.01342686079442501,-0.003787099849432707,0.0011922242119908333,0.002401824574917555,1.443071961402893,0.24051199853420258,0.002725923201069236,-0.0034274046774953604,-0.5162478089332581,2.899833917617798,5903685.0
23.899999618530273,50.37239456176758,-0.2523956298828125,0.008759254589676857,872.1100463867188,-0.5242621898651123,1136.914794921875,-0.9310629963874817,1062.6417236328125,-0.8125192523002625,1154.0966796875,-0.9758050441741943,0.8416061997413635,0.6719372868537903,0.35032856464385986,0.25265002250671387,0.23923420906066895,0.2399148941040039,-0.008014903403818607,-0.014115800149738789,-0.013232395052909851,-0.0035915591288357973,0.0013206683797761798,0.0024934164248406887,1.4447331428527832,0.24078886210918427,0.0028187527786940336,-0.0033985134214162827,-0.5118960738182068,2.8994200229644775,5902842.0
24.0,50.34722137451172,-0.2517341375350952,0.006614989135414362,872.0575561523438,-0.52482008934021,1136.8216552734375,-0.9311122894287109,1062.5604248046875,-0.8129062056541443,1153.9991455078125,-0.9749763607978821,0.8408054113388062,0.6705285310745239,0.3490149974822998,0.252300500869751,0.23937258124351501,0.24016885459423065,-0.00800039991736412,-0.014060298912227154,-0.0130391176789999,-0.003399001434445381,0.0014464313862845302,0.0025859952438622713,1.4464516639709473,0.24107526242733002,0.002915246644988656,-0.0033696924801915884,-0.5075550079345703,2.89900541305542,5901998.5
24.100000381469727,50.32215118408203,-0.25072726607322693,0.010068481788039207,872.0050659179688,-0.525359570980072,1136.7286376953125,-0.9311411380767822,1062.4791259765625,-0.8132705092430115,1153.9017333984375,-0.9741396903991699,0.8400061130523682,0.6691252589225769,0.3477206826210022,0.2519700825214386,0.23952338099479675,0.24043205380439758,-0.007985795848071575,-0.014004684053361416,-0.012847078032791615,-0.0032094973139464855,0.0015692943707108498,0.0026779547333717346,1.4482241868972778,0.24137069284915924,0.0030027558095753193,-0.00334097258746624,-0.5032290816307068,2.898590564727783,5901153.5
24.200000762939453,50.29721450805664,-0.24936002492904663,0.01367248222231865,871.9525146484375,-0.5258808732032776,1136.635498046875,-0.9311501383781433,1062.3978271484375,-0.8136125206947327,1153.8043212890625,-0.9732963442802429,0.8392082452774048,0.6677275896072388,0.3464455008506775,0.25165846943855286,0.2396862953901291,0.24070432782173157,-0.007971103303134441,-0.013948984444141388,-0.012656362727284431,-0.0030232092831283808,0.0016888008685782552,0.0027673335280269384,1.4500458240509033,0.2416743040084839,0.0030818618834018707,-0.003312385408207774,-0.4989231824874878,2.8981752395629883,5900308.0
24.299999237060547,50.272438049316406,-0.24774840474128723,0.016116229817271233,871.89990234375,-0.5263842344284058,1136.5423583984375,-0.9311398863792419,1062.31640625,-0.8139325976371765,1153.70703125,-0.9724473357200623,0.8384118676185608,0.6663354635238647,0.3451893627643585,0.2513653337955475,0.23986099660396576,0.24098534882068634,-0.007956329733133316,-0.013893220573663712,-0.012467036955058575,-0.0028402397874742746,0.0018046832410618663,0.00285312719643116,1.4519124031066895,0.24198539555072784,0.0031549730338156223,-0.003283952595666051,-0.4946405291557312,2.8977596759796143,5899462.0
24.399999618530273,50.247867584228516,-0.24570795893669128,0.020404398441314697,871.8472290039062,-0.5268698334693909,1136.44921875,-0.9311111569404602,1062.2349853515625,-0.8142310380935669,1153.60986328125,-0.9715941548347473,0.8376169800758362,0.6649489402770996,0.3439520597457886,0.25109028816223145,0.24004706740379333,0.24127471446990967,-0.007941488176584244,-0.013837425038218498,-0.012279197573661804,-0.002660771133378148,0.0019164676778018475,0.002933868207037449,1.453818440437317,0.2423030585050583,0.0032171860802918673,-0.003255711868405342,-0.49038681387901306,2.897343397140503,5898614.5
24.5,50.22353744506836,-0.24329587817192078,0.024120831862092018,871.7944946289062,-0.527337908744812,1136.3560791015625,-0.9310647249221802,1062.153564453125,-0.814508318901062,1153.5126953125,-0.9707382321357727,0.836823582649231,0.6635679602622986,0.3427334427833557,0.25083300471305847,0.2402440905570984,0.241571843624115,-0.00792659167200327,-0.013781629502773285,-0.012092942371964455,-0.002484990283846855,0.002023691777139902,0.0030083851888775826,1.4557578563690186,0.24262630939483643,0.003269991371780634,-0.0032276962883770466,-0.48616698384284973,2.8969271183013916,5897767.0
24.600000381469727,50.1994743347168,-0.24065040051937103,0.02645481750369072,871.7417602539062,-0.5277886986732483,1136.2630615234375,-0.9310011267662048,1062.0721435546875,-0.8147648572921753,1153.4156494140625,-0.9698807001113892,0.8360316753387451,0.6621925830841064,0.3415333926677704,0.2505931258201599,0.2404516041278839,0.24187609553337097,-0.007911650463938713,-0.013725858181715012,-0.011908341199159622,-0.0023130052722990513,0.0021261326037347317,0.003076416440308094,1.4577264785766602,0.24295441806316376,0.003316288348287344,-0.003199925646185875,-0.48198410868644714,2.896510124206543,5896918.0
24.700000762939453,50.1756706237793,-0.23800864815711975,0.02641749195754528,871.68896484375,-0.528222382068634,1136.169921875,-0.9309208989143372,1061.9906005859375,-0.8150010704994202,1153.3187255859375,-0.9690218567848206,0.8352412581443787,0.6608228087425232,0.3403517007827759,0.2503702640533447,0.2406691312789917,0.24218687415122986,-0.007896668277680874,-0.01367011945694685,-0.011725406162440777,-0.002144783968105912,0.002223959192633629,0.0031389135401695967,1.4597225189208984,0.2432870864868164,0.003361412324011326,-0.003172400174662471,-0.47783809900283813,2.8960928916931152,5896069.0
24.799999237060547,50.1521110534668,-0.23560941219329834,0.023992467671632767,871.6361083984375,-0.5286391973495483,1136.076904296875,-0.9308241605758667,1061.9091796875,-0.8152173161506653,1153.221923828125,-0.9681611657142639,0.8344523310661316,0.659458577632904,0.33918824791908264,0.2501640319824219,0.24089622497558594,0.24250371754169464,-0.007881642319262028,-0.013614404015243053,-0.01154408697038889,-0.001980135915800929,0.0023177620023489,0.003197919577360153,1.461747646331787,0.24362461268901825,0.003410761011764407,-0.0031450975220650434,-0.47372570633888245,2.8956754207611084,5895219.0
24.899999618530273,50.128761291503906,-0.23351407051086426,0.02095329761505127,871.5831909179688,-0.5290393829345703,1135.9837646484375,-0.9307109713554382,1061.82763671875,-0.8154140114784241,1153.1251220703125,-0.9672976732254028,0.8336649537086487,0.658099889755249,0.33804282546043396,0.2499741017818451,0.24113254249095917,0.24282638728618622,-0.007866564206779003,-0.013558696024119854,-0.011364301666617393,-0.0018188032554462552,0.0024082823656499386,0.0032555682118982077,1.4638049602508545,0.24396748840808868,0.003465615911409259,-0.00311799137853086,-0.46964284777641296,2.8952577114105225,5894368.0
25.0,50.105594635009766,-0.23164740204811096,0.018666770309209824,871.5302734375,-0.5294232368469238,1135.8907470703125,-0.9305813312530518,1061.74609375,-0.8155915141105652,1153.0284423828125,-0.9664305448532104,0.8328790068626404,0.6567468047142029,0.3369153141975403,0.24980014562606812,0.24137777090072632,0.24315480887889862,-0.007851429283618927,-0.013502980582416058,-0.011185982264578342,-0.00166055909357965,0.002496137050911784,0.0033132608514279127,1.4658968448638916,0.24431613087654114,0.003524339757859707,-0.003091061022132635,-0.46558651328086853,2.8948395252227783,5893517.0
25.100000381469727,50.082584381103516,-0.2300923764705658,0.015550264157354832,871.4773559570312,-0.5297908782958984,1135.797607421875,-0.9304352402687073,1061.6644287109375,-0.8157501220703125,1152.931884765625,-0.9655588269233704,0.832094669342041,0.6553993225097656,0.33580559492111206,0.24964188039302826,0.24163168668746948,0.243489071726799,-0.007836230099201202,-0.013447240926325321,-0.011009043082594872,-0.0015051448717713356,0.0025819975417107344,0.0033723798114806414,1.4680267572402954,0.24467112123966217,0.003589410800486803,-0.003064278978854418,-0.4615525007247925,2.894421100616455,5892665.0
25.200000762939453,50.0596923828125,-0.2289295643568039,0.0116280447691679,871.42431640625,-0.5301425457000732,1135.70458984375,-0.9302725791931152,1061.5828857421875,-0.8158901333808899,1152.8353271484375,-0.964681088924408,0.8313117623329163,0.6540573835372925,0.3347134590148926,0.24949902296066284,0.24189412593841553,0.2438293993473053,-0.007820956408977509,-0.013391450978815556,-0.010833374224603176,-0.0013522448716685176,0.0026666594203561544,0.0034345074091106653,1.4701993465423584,0.24503321945667267,0.003662925912067294,-0.0030376105569303036,-0.45753562450408936,2.8940021991729736,5891812.5
25.299999237060547,50.03688049316406,-0.22811351716518402,0.008160531520843506,871.371337890625,-0.5304785370826721,1135.611572265625,-0.9300931692123413,1061.5013427734375,-0.8160117268562317,1152.7388916015625,-0.9637959599494934,0.8305304646492004,0.6527210474014282,0.33363887667655945,0.24937133491039276,0.2421649992465973,0.24417613446712494,-0.007805597502738237,-0.013335585594177246,-0.010658868588507175,-0.001201553619466722,0.002750848885625601,0.0035008133854717016,1.4724191427230835,0.2454032003879547,0.00374395283870399,-0.0030110252555459738,-0.4535312354564667,2.893583297729492,5890959.5
25.399999618530273,50.014102935791016,-0.22778640687465668,0.0032710221130400896,871.3182373046875,-0.5307990908622742,1135.5185546875,-0.9298966526985168,1061.419677734375,-0.816115140914917,1152.642578125,-0.9629016518592834,0.829750657081604,0.6513902544975281,0.33258166909217834,0.2492586374282837,0.24244430661201477,0.24452978372573853,-0.007790140807628632,-0.013279612176120281,-0.010485387407243252,-0.0010526988189667463,0.002835442079231143,0.0035728258080780506,1.4746925830841064,0.24578209221363068,0.003836509305983782,-0.0029844800010323524,-0.4495328962802887,2.8931639194488525,5890106.0
25.5,49.991302490234375,-0.22799918055534363,-0.0021277284249663353,871.26513671875,-0.5311042666435242,1135.4256591796875,-0.9296825528144836,1061.3380126953125,-0.8162005543708801,1152.5462646484375,-0.9619961380958557,0.8289724588394165,0.6500651240348816,0.3315417468547821,0.2491607517004013,0.24273215234279633,0.2448910027742386,-0.007774569559842348,-0.013223488815128803,-0.010312770493328571,-0.0009052551467902958,0.0029214187525212765,0.0036522194277495146,1.4770268201828003,0.24617113173007965,0.003941989969462156,-0.002957927295938134,-0.44553342461586,2.892744541168213,5889251.5
25.600000381469727,49.968448638916016,-0.22853241860866547,-0.005332408472895622,871.2120361328125,-0.5313944220542908,1135.3326416015625,-0.9294506311416626,1061.2564697265625,-0.8162680864334106,1152.4501953125,-0.9610778093338013,0.8281957507133484,0.648745596408844,0.33051908016204834,0.24907754361629486,0.2430286705493927,0.245260551571846,-0.00775887118652463,-0.013167187571525574,-0.010140896774828434,-0.0007589051965624094,0.0030094170942902565,0.003739440580829978,1.479427456855774,0.24657125771045685,0.004055263940244913,-0.002931338967755437,-0.4415286183357239,2.892324686050415,5888397.0
25.700000762939453,49.9455451965332,-0.22905896604061127,-0.005265472922474146,871.1588745117188,-0.5316697359085083,1135.23974609375,-0.9292007684707642,1061.1748046875,-0.8163177371025085,1152.3541259765625,-0.9601461291313171,0.8274206519126892,0.6474316716194153,0.3295135498046875,0.2490089237689972,0.2433341145515442,0.2456391453742981,-0.007743042428046465,-0.013110700063407421,-0.009969726204872131,-0.0006135420990176499,0.0030994731932878494,0.003833141177892685,1.481896162033081,0.24698269367218018,0.004168835002928972,-0.0029047157149761915,-0.43751853704452515,2.891904830932617,5887542.0
25.799999237060547,49.922603607177734,-0.22940796613693237,-0.003489929484203458,871.105712890625,-0.5319303274154663,1135.1468505859375,-0.9289332628250122,1061.0931396484375,-0.8163497447967529,1152.2581787109375,-0.9592015743255615,0.826647162437439,0.646123468875885,0.3285250961780548,0.24895478785037994,0.24364863336086273,0.24602735042572021,-0.0077270870096981525,-0.013054033741354942,-0.00979927834123373,-0.0004692041256930679,0.003191234776750207,0.0039311363361775875,1.484431505203247,0.2474052459001541,0.004279030486941338,-0.00287807360291481,-0.4335055947303772,2.891484498977661,5886686.5
25.899999618530273,49.899662017822266,-0.22942277789115906,-0.00014812705921940506,871.052490234375,-0.5321763753890991,1135.053955078125,-0.9286484718322754,1061.0115966796875,-0.8163641095161438,1152.1622314453125,-0.9582449793815613,0.8258752822875977,0.6448208689689636,0.3275536596775055,0.24891504645347595,0.24397240579128265,0.24642543494701385,-0.007711013313382864,-0.012997210025787354,-0.00962961744517088,-0.0003260411904193461,0.0032840685453265905,0.0040308404713869095,1.4870296716690063,0.24783828854560852,0.0043819681741297245,-0.0028514419682323933,-0.4294942319393158,2.891064167022705,5885831.0
26.0,49.8767204284668,-0.22939583659172058,0.0002694080176297575,870.999267578125,-0.5324081778526306,1134.9610595703125,-0.9283465147018433,1060.929931640625,-0.8163610100746155,1152.0665283203125,-0.9572767019271851,0.8251049518585205,0.6435239911079407,0.3265991508960724,0.24888953566551208,0.24430549144744873,0.24683354794979095,-0.0076948232017457485,-0.012940235435962677,-0.009460755623877048,-0.0001840759941842407,0.0033777309581637383,0.004131367430090904,1.4896897077560425,0.24828162789344788,0.004485157784074545,-0.0028248245362192392,-0.4254850149154663,2.89064359664917,5884974.5
26.100000381469727,49.853790283203125,-0.22931306064128876,0.0008278149762190878,870.9459838867188,-0.5326257348060608,1134.8682861328125,-0.9280276894569397,1060.8482666015625,-0.8163406252861023,1151.9708251953125,-0.9562967419624329,0.8243362903594971,0.6422328352928162,0.32566148042678833,0.24887818098068237,0.24464797973632812,0.2472517341375351,-0.007678518537431955,-0.012883112765848637,-0.009292691946029663,-4.32889282819815e-05,0.0034721107222139835,0.004232374951243401,1.4924112558364868,0.2487352192401886,0.004587466362863779,-0.002798226196318865,-0.4214787185192108,2.8902227878570557,5884118.0
26.200000762939453,49.83088684082031,-0.22904935479164124,0.0026369609404355288,870.8927612304688,-0.5328293442726135,1134.7755126953125,-0.9276921153068542,1060.7666015625,-0.816303014755249,1151.875244140625,-0.9553056359291077,0.8235692381858826,0.6409474015235901,0.32474055886268616,0.24888083338737488,0.2449999302625656,0.24768000841140747,-0.007662102580070496,-0.012825851328670979,-0.009125453419983387,9.626273094909266e-05,0.00356689584441483,0.004332963842898607,1.4951924085617065,0.24919873476028442,0.004685712046921253,-0.002771663246676326,-0.41747769713401794,2.8898019790649414,5883261.0
26.299999237060547,49.80797576904297,-0.22910645604133606,-0.0005708885728381574,870.8394165039062,-0.5330191850662231,1134.6827392578125,-0.9273397326469421,1060.68505859375,-0.81624835729599,1151.77978515625,-0.9543024301528931,0.8228038549423218,0.6396676898002625,0.3238363564014435,0.24889738857746124,0.24536138772964478,0.24811837077140808,-0.007645569741725922,-0.012768435291945934,-0.0089589674025774,0.00023477055947296321,0.003662478644400835,0.004434564150869846,1.4980363845825195,0.24967272579669952,0.00479308282956481,-0.0027451072819530964,-0.41347774863243103,2.889380931854248,5882404.0
26.399999618530273,49.78500747680664,-0.22965963184833527,-0.005531853996217251,870.7861328125,-0.5331952571868896,1134.5899658203125,-0.9269700646400452,1060.6033935546875,-0.8161767721176147,1151.684326171875,-0.9532851576805115,0.8220401406288147,0.6383937001228333,0.32294875383377075,0.2489277571439743,0.24573248624801636,0.24856707453727722,-0.007628903724253178,-0.01271082740277052,-0.008793084882199764,0.0003726129943970591,0.0037597431801259518,0.004539830610156059,1.5009499788284302,0.25015830993652344,0.004913296550512314,-0.002718514995649457,-0.40947234630584717,2.8889596462249756,5881546.5
26.5,49.762001037597656,-0.23008766770362854,-0.00428028404712677,870.7327880859375,-0.5333578586578369,1134.497314453125,-0.9265830516815186,1060.521728515625,-0.8160883188247681,1151.589111328125,-0.9522535800933838,0.8212780952453613,0.637125551700592,0.3220777213573456,0.24897189438343048,0.24611340463161469,0.24902646243572235,-0.007612103130668402,-0.012653022073209286,-0.008627780713140965,0.0005098553956486285,0.0038586740847676992,0.004648188594728708,1.5039341449737549,0.2506556808948517,0.0050302837044000626,-0.0026918977964669466,-0.4054631292819977,2.888538360595703,5880688.5
26.600000381469727,49.738990783691406,-0.23008643090724945,1.2288349353184458e-05,870.679443359375,-0.5335071086883545,1134.4046630859375,-0.9261791706085205,1060.440185546875,-0.8159831166267395,1151.493896484375,-0.9512089490890503,0.8205177187919617,0.6358631253242493,0.3212231695652008,0.24902969598770142,0.2465042620897293,0.2494967132806778,-0.007595178205519915,-0.012595047242939472,-0.00846314150840044,0.0006462826859205961,0.003958497662097216,0.004756908398121595,1.5069843530654907,0.251164048910141,0.005137420259416103,-0.00266529293730855,-0.401455819606781,2.8881168365478516,5879830.5
26.700000762939453,49.71601867675781,-0.22972440719604492,0.003620273433625698,870.6260986328125,-0.5336431264877319,1134.3121337890625,-0.9257588982582092,1060.358642578125,-0.815861165523529,1151.3988037109375,-0.950152575969696,0.8197590708732605,0.6346065402030945,0.32038506865501404,0.24910110235214233,0.2469051033258438,0.24997776746749878,-0.007578140590339899,-0.012536929920315742,-0.008299260400235653,0.0007816682336851954,0.004058456514030695,0.004863811656832695,1.510095477104187,0.2516825795173645,0.0052366410382092,-0.0026387323159724474,-0.3974551856517792,2.8876953125,5878972.0
26.799999237060547,49.6931037902832,-0.22914323210716248,0.005811699200421572,870.57275390625,-0.5337660312652588,1134.2196044921875,-0.9253225922584534,1060.2769775390625,-0.8157227635383606,1151.3038330078125,-0.9490854144096375,0.819002091884613,0.6333557367324829,0.3195632994174957,0.24918599426746368,0.2473159283399582,0.2504693567752838,-0.007560997735708952,-0.012478689663112164,-0.008136196061968803,0.0009158746688626707,0.004158080089837313,0.00496795354411006,1.5132640600204468,0.25221067667007446,0.00533111160621047,-0.002612235490232706,-0.3934641480445862,2.8872735500335693,5878113.5
26.899999618530273,49.6702766418457,-0.22828257083892822,0.008606654591858387,870.5193481445312,-0.5338760018348694,1134.1270751953125,-0.9248707294464111,1060.1954345703125,-0.8155680298805237,1151.208984375,-0.9480084180831909,0.8182469010353088,0.6321107745170593,0.3187577724456787,0.24928422272205353,0.24773669242858887,0.2509711980819702,-0.007543758489191532,-0.012420346029102802,-0.007974013686180115,0.001048751757480204,0.004256889224052429,0.005068468861281872,1.516486406326294,0.2527477443218231,0.00541868107393384,-0.0025858269073069096,-0.3894863724708557,2.8868517875671387,5877255.0
27.0,49.647579193115234,-0.2269701212644577,0.013124470598995686,870.4659423828125,-0.5339730978012085,1134.0345458984375,-0.9244039058685303,1060.1138916015625,-0.8153970837593079,1151.1142578125,-0.9469232559204102,0.8174933791160583,0.6308716535568237,0.3179684579372406,0.24939566850662231,0.2481672465801239,0.2514828145503998,-0.0075264363549649715,-0.01236193347722292,-0.007812823168933392,0.0011800366919487715,0.004354122560471296,0.005163724534213543,1.519756555557251,0.2532927691936493,0.005494620651006699,-0.0025595459155738354,-0.3855278491973877,2.886429786682129,5876396.0
27.100000381469727,49.625064849853516,-0.22513030469417572,0.018398217856884003,870.4125366210938,-0.5340575575828552,1133.942138671875,-0.9239228367805481,1060.0323486328125,-0.8152102828025818,1151.0196533203125,-0.9458319544792175,0.8167415857315063,0.6296383738517761,0.31719517707824707,0.24952015280723572,0.24860739707946777,0.25200363993644714,-0.007509048096835613,-0.012303494848310947,-0.0076527707278728485,0.0013093886664137244,0.004448848310858011,0.005251784808933735,1.523066520690918,0.25384441018104553,0.005556817632168531,-0.0025334388483315706,-0.3815954923629761,2.8860080242156982,5875537.0
27.200000762939453,49.60276412963867,-0.2230335772037506,0.020967215299606323,870.359130859375,-0.5341294407844543,1133.849853515625,-0.9234281778335571,1059.9508056640625,-0.815007746219635,1150.9251708984375,-0.9447360038757324,0.8159915804862976,0.6284109950065613,0.31643784046173096,0.24965746700763702,0.2490568906068802,0.25253283977508545,-0.007491606753319502,-0.0122450590133667,-0.007493947166949511,0.0014366019750013947,0.004540552385151386,0.005332260858267546,1.5264111757278442,0.2544018626213074,0.005612194538116455,-0.002507528057321906,-0.37769269943237305,2.8855860233306885,5874678.0
27.299999237060547,49.580711364746094,-0.22050543129444122,0.02528144232928753,870.3057250976562,-0.534188985824585,1133.7574462890625,-0.9229205250740051,1059.869384765625,-0.814789891242981,1150.8306884765625,-0.9436370134353638,0.8152432441711426,0.6271893978118896,0.3156963288784027,0.24980737268924713,0.2495153546333313,0.2530696988105774,-0.007474125828593969,-0.012186659500002861,-0.007336467504501343,0.0015614202711731195,0.004628605674952269,0.00540435453876853,1.529783844947815,0.2549639940261841,0.00565507635474205,-0.00248185102827847,-0.37382516264915466,2.8851640224456787,5873818.5
27.399999618530273,49.5589599609375,-0.21751734614372253,0.029880980029702187,870.2523193359375,-0.5342361927032471,1133.6651611328125,-0.9224008321762085,1059.787841796875,-0.8145570158958435,1150.7364501953125,-0.9425371289253235,0.8144967555999756,0.625973641872406,0.3149704933166504,0.24996963143348694,0.24998241662979126,0.25361329317092896,-0.007456623017787933,-0.012128341011703014,-0.007180470507591963,0.0016835296992212534,0.004712253343313932,0.005466934759169817,1.5331770181655884,0.255529522895813,0.00568473432213068,-0.0024564480409026146,-0.36999887228012085,2.88474178314209,5872959.5
27.5,49.53753662109375,-0.2142486721277237,0.03268672525882721,870.1988525390625,-0.5342712998390198,1133.572998046875,-0.9218697547912598,1059.7064208984375,-0.8143094182014465,1150.6422119140625,-0.941437840461731,0.8137519359588623,0.6247637271881104,0.31426018476486206,0.25014397501945496,0.25045761466026306,0.25416266918182373,-0.0074391113594174385,-0.012070134282112122,-0.007026058621704578,0.0018027115147560835,0.00479103671386838,0.005519882310181856,1.5365846157073975,0.2560974359512329,0.005705642513930798,-0.0024313433095812798,-0.3662175238132477,2.88431978225708,5872100.0
27.600000381469727,49.51641845703125,-0.21115349233150482,0.030951719731092453,870.1454467773438,-0.5342944264411926,1133.4808349609375,-0.9213275909423828,1059.625,-0.8140474557876587,1150.548095703125,-0.9403391480445862,0.8130089044570923,0.6235595941543579,0.3135652244091034,0.2503300607204437,0.2509404420852661,0.2547169625759125,-0.007421591784805059,-0.012012041173875332,-0.0068732197396457195,0.0019190376624464989,0.004865312483161688,0.00556549709290266,1.540006160736084,0.25666770339012146,0.005729625001549721,-0.0024065214674919844,-0.36247876286506653,2.883897542953491,5871240.5
27.700000762939453,49.49557876586914,-0.20842291414737701,0.02730584144592285,870.092041015625,-0.5343057513237,1133.3887939453125,-0.9207741618156433,1059.543701171875,-0.8137715458869934,1150.4541015625,-0.9392399787902832,0.8122676014900208,0.6223613023757935,0.31288546323776245,0.25052765011787415,0.2514305114746094,0.25527557730674744,-0.007404056377708912,-0.011954041197896004,-0.006721860729157925,0.002032776130363345,0.004935947712510824,0.005607139319181442,1.5434455871582031,0.2572409212589264,0.005761167500168085,-0.002381950384005904,-0.3587777614593506,2.8834753036499023,5870381.0
27.799999237060547,49.474998474121094,-0.20578834414482117,0.02634565904736519,870.03857421875,-0.5343054533004761,1133.296630859375,-0.9202095866203308,1059.4622802734375,-0.8134819269180298,1150.3602294921875,-0.9381398558616638,0.8115280866622925,0.6211687922477722,0.3122207820415497,0.2507365047931671,0.2519274950027466,0.2558382451534271,-0.007386501412838697,-0.01189612690359354,-0.00657193548977375,0.0021440747659653425,0.0050034308806061745,0.005646367557346821,1.5469040870666504,0.2578173577785492,0.005792900919914246,-0.002357621444389224,-0.35511326789855957,2.8830533027648926,5869521.5
27.899999618530273,49.45471954345703,-0.20279905200004578,0.029892943799495697,869.9851684570312,-0.5342936515808105,1133.2047119140625,-0.9196345210075378,1059.3809814453125,-0.8131788969039917,1150.2664794921875,-0.9370399713516235,0.8107903003692627,0.6199820637702942,0.31157103180885315,0.25095635652542114,0.2524310350418091,0.25640466809272766,-0.007368938066065311,-0.011838322505354881,-0.0064235227182507515,0.002252768725156784,0.005067367572337389,0.005681768991053104,1.5503770112991333,0.2583961486816406,0.005813057534396648,-0.0023335653822869062,-0.3514898717403412,2.8826310634613037,5868662.0
28.0,49.434776306152344,-0.19942203164100647,0.03377024829387665,869.9317626953125,-0.5342705249786377,1133.11279296875,-0.9190496802330017,1059.2996826171875,-0.812862753868103,1150.1728515625,-0.9359422326087952,0.8100543022155762,0.6188011169433594,0.31093600392341614,0.25118693709373474,0.2529407739639282,0.25697430968284607,-0.007351381704211235,-0.011780668050050735,-0.006276744417846203,0.0023585869930684566,0.005127093754708767,0.005711385048925877,1.5538572072982788,0.2589762210845947,0.005821351893246174,-0.0023098161909729242,-0.34791266918182373,2.882208824157715,5867802.5
28.100000381469727,49.41517639160156,-0.19600346684455872,0.03418558090925217,869.8782958984375,-0.5342363119125366,1133.0208740234375,-0.9184556007385254,1059.2183837890625,-0.8125338554382324,1150.079345703125,-0.9348474144935608,0.8093200325965881,0.6176259517669678,0.3103156089782715,0.2514279782772064,0.2534562647342682,0.25754666328430176,-0.007333839777857065,-0.011723178438842297,-0.006131645292043686,0.0024614552967250347,0.005182518158107996,0.005735346581786871,1.5573416948318481,0.25955694913864136,0.005827084183692932,-0.0022863768972456455,-0.3443821370601654,2.881786823272705,5866943.5
28.200000762939453,49.395904541015625,-0.19273269176483154,0.03270769491791725,869.8248901367188,-0.5341910123825073,1132.9290771484375,-0.9178524017333984,1059.1370849609375,-0.8121926188468933,1149.98583984375,-0.9337552785873413,0.8085875511169434,0.6164565086364746,0.3097096085548401,0.25167912244796753,0.25397711992263794,0.25812119245529175,-0.007316311355680227,-0.01166585274040699,-0.0059881992638111115,0.002561477478593588,0.005234033800661564,0.005755203310400248,1.5608305931091309,0.2601384222507477,0.0058347308076918125,-0.002263234229758382,-0.340896338224411,2.8813648223876953,5866084.0
28.299999237060547,49.37694549560547,-0.18958449363708496,0.03148205950856209,869.771484375,-0.5341349840164185,1132.8372802734375,-0.9172403216362,1059.055908203125,-0.81183922290802,1149.892578125,-0.9326655864715576,0.8078567981719971,0.6152927279472351,0.3091178834438324,0.25194016098976135,0.25450292229652405,0.2586975395679474,-0.007298794109374285,-0.011608686298131943,-0.005846371408551931,0.0026587755419313908,0.005282061640173197,0.005772285163402557,1.5643247365951538,0.26072078943252563,0.005843387451022863,-0.0022403777111321688,-0.33745360374450684,2.8809425830841064,5865224.5
28.399999618530273,49.35826110839844,-0.1868230551481247,0.027614306658506393,869.7180786132812,-0.5340682864189148,1132.74560546875,-0.9166192412376404,1058.9747314453125,-0.811474084854126,1149.79931640625,-0.931577205657959,0.8071277737617493,0.6141347289085388,0.3085402846336365,0.2522107660770416,0.255033403635025,0.2592755854129791,-0.007281280588358641,-0.011551657691597939,-0.005706065334379673,0.002753621432930231,0.005327407270669937,0.005788891110569239,1.567827820777893,0.261304646730423,0.00586087629199028,-0.002217773115262389,-0.3340488076210022,2.8805205821990967,5864365.5
28.5,49.339813232421875,-0.18447725474834442,0.02345801144838333,869.6646728515625,-0.5339911580085754,1132.654052734375,-0.9159889221191406,1058.8936767578125,-0.8110973834991455,1149.706298828125,-0.9304884672164917,0.8064005374908447,0.6129823923110962,0.307976633310318,0.2524907886981964,0.25556832551956177,0.25985535979270935,-0.007263758219778538,-0.01149473525583744,-0.005567152984440327,0.002846361603587866,0.005371036473661661,0.005807425361126661,1.571345567703247,0.2618909180164337,0.005887829698622227,-0.0021953838877379894,-0.33067646622657776,2.880098819732666,5863506.5
28.600000381469727,49.32157897949219,-0.18235385417938232,0.02123403735458851,869.6112670898438,-0.5339037179946899,1132.5623779296875,-0.9153491854667664,1058.8125,-0.8107093572616577,1149.61328125,-0.9293984174728394,0.8056750297546387,0.611835777759552,0.3074268102645874,0.2527799606323242,0.2561075687408447,0.26043716073036194,-0.0072462186217308044,-0.011437901295721531,-0.005429546348750591,0.00293723470531404,0.0054135676473379135,0.005828857421875,1.5748813152313232,0.262480229139328,0.005919167306274176,-0.0021731907036155462,-0.3273336589336395,2.8796768188476562,5862647.5
28.700000762939453,49.303565979003906,-0.1801505982875824,0.02203252539038658,869.557861328125,-0.5338061451911926,1132.470947265625,-0.9147003293037415,1058.7314453125,-0.8103102445602417,1149.5203857421875,-0.9283071160316467,0.8049513101577759,0.6106948256492615,0.30689066648483276,0.2530781626701355,0.25665101408958435,0.2610211968421936,-0.007228664122521877,-0.011381157673895359,-0.005293244495987892,0.0030262612272053957,0.00545499287545681,0.005852153059095144,1.5784344673156738,0.2630724012851715,0.005946870893239975,-0.002151200547814369,-0.3240213990211487,2.8792550563812256,5861789.0
28.799999237060547,49.28580093383789,-0.17761684954166412,0.025337528437376022,869.5045166015625,-0.5336986780166626,1132.3795166015625,-0.9140428304672241,1058.6505126953125,-0.809900164604187,1149.4276123046875,-0.9272159337997437,0.8042293190956116,0.6095595359802246,0.3063680827617645,0.25338515639305115,0.2571984827518463,0.2616075277328491,-0.007211105432361364,-0.011324532330036163,-0.005158329848200083,0.003113250946626067,0.005494731478393078,0.005874784663319588,1.5820001363754272,0.26366668939590454,0.005964233074337244,-0.0021294415928423405,-0.32074400782585144,2.878833293914795,5860930.5
28.899999618530273,49.26834487915039,-0.17459027469158173,0.030265698209404945,869.4511108398438,-0.5335814356803894,1132.2880859375,-0.9133775234222412,1058.569580078125,-0.8094794154167175,1149.3349609375,-0.9261268973350525,0.8035090565681458,0.6084299087524414,0.30585893988609314,0.25370070338249207,0.2577498257160187,0.2621959447860718,-0.007193560246378183,-0.011268068104982376,-0.005024947691708803,0.00319786393083632,0.005531824193894863,0.00589356105774641,1.5855700969696045,0.2642616927623749,0.005966633558273315,-0.0021079571451991796,-0.31750792264938354,2.8784115314483643,5860072.0
29.0,49.251224517822266,-0.17120149731636047,0.03388781100511551,869.3977661132812,-0.5334545969963074,1132.19677734375,-0.9127052426338196,1058.4886474609375,-0.8090483546257019,1149.2423095703125,-0.9250420928001404,0.8027905821800232,0.6073059439659119,0.3053630292415619,0.25402459502220154,0.2583047151565552,0.262785941362381,-0.00717604486271739,-0.011211805045604706,-0.0048932284116744995,0.0032798005267977715,0.0055654775351285934,0.005906364414840937,1.589137077331543,0.2648561894893646,0.005957628600299358,-0.0020867781713604927,-0.31431788206100464,2.8779900074005127,5859213.5
29.100000381469727,49.23444366455078,-0.16778820753097534,0.034132879227399826,869.3444213867188,-0.5333183407783508,1132.1055908203125,-0.9120264649391174,1058.40771484375,-0.8086071610450745,1149.14990234375,-0.9239621758460999,0.8020738363265991,0.6061875224113464,0.3048802316188812,0.2543565630912781,0.25886276364326477,0.26337695121765137,-0.007158566731959581,-0.011155758984386921,-0.0047632125206291676,0.0033589904196560383,0.005595560651272535,0.0059134466573596,1.5926979780197144,0.2654496431350708,0.005946350749582052,-0.0020659067668020725,-0.3111741542816162,2.8775687217712402,5858355.5
29.200000762939453,49.21797180175781,-0.16472318768501282,0.030650271102786064,869.2911376953125,-0.5331727862358093,1132.014404296875,-0.91134113073349,1058.326904296875,-0.8081562519073486,1149.0576171875,-0.9228863716125488,0.8013588786125183,0.6050747632980347,0.30441033840179443,0.2546963095664978,0.25942370295524597,0.26396846771240234,-0.007141119334846735,-0.011099914088845253,-0.0046348231844604015,0.003435655729845166,0.005622751545161009,0.005917433183640242,1.5962555408477783,0.2660425901412964,0.005942991003394127,-0.002045312197878957,-0.30807214975357056,2.8771474361419678,5857498.0
29.299999237060547,49.20178985595703,-0.16184094548225403,0.02882244810461998,869.23779296875,-0.533018171787262,1131.92333984375,-0.9106492400169373,1058.24609375,-0.8076958656311035,1148.96533203125,-0.9218138456344604,0.800645649433136,0.603967547416687,0.3039532005786896,0.2550435960292816,0.2599872052669525,0.264560341835022,-0.007123696617782116,-0.011044255457818508,-0.004507991019636393,0.003509996458888054,0.005647624377161264,0.005920118652284145,1.599812388420105,0.26663538813591003,0.005942219868302345,-0.002024978632107377,-0.3050094246864319,2.8767261505126953,5856640.5
29.399999618530273,49.185874938964844,-0.15912598371505737,0.027149498462677002,869.1845092773438,-0.5328546166419983,1131.832275390625,-0.909950852394104,1058.165283203125,-0.8072262406349182,1148.8731689453125,-0.9207441210746765,0.7999341487884521,0.6028659343719482,0.3035086691379547,0.2553982138633728,0.26055312156677246,0.2651524543762207,-0.007106295321136713,-0.01098877377808094,-0.004382663406431675,0.00358216417953372,0.005670592654496431,0.0059225112199783325,1.6033700704574585,0.2672283351421356,0.00594432232901454,-0.002004890935495496,-0.3019837737083435,2.876305103302002,5855783.0
29.5,49.170223236083984,-0.15651807188987732,0.026079190894961357,869.1312255859375,-0.5326823592185974,1131.7413330078125,-0.9092460870742798,1058.0845947265625,-0.8067476153373718,1148.7811279296875,-0.9196767807006836,0.7992243766784668,0.6017698049545288,0.3030765950679779,0.25575992465019226,0.2611212730407715,0.26574480533599854,-0.007088912650942802,-0.010933463461697102,-0.004258802626281977,0.003652275074273348,0.00569195207208395,0.005925111938267946,1.6069296598434448,0.26782160997390747,0.005947690457105637,-0.0019850400276482105,-0.2989937365055084,2.8758840560913086,5854926.0
29.600000381469727,49.15483093261719,-0.15393833816051483,0.025797387585043907,869.0780029296875,-0.5325015187263489,1131.650390625,-0.9085350036621094,1058.0040283203125,-0.8062602281570435,1148.689208984375,-0.9186117649078369,0.7985163331031799,0.6006792187690735,0.3026568591594696,0.25612857937812805,0.26169145107269287,0.26633745431900024,-0.007071549538522959,-0.010878323577344418,-0.004136392381042242,0.0037203854881227016,0.0057118176482617855,0.005927816033363342,1.610491156578064,0.2684151828289032,0.0059502264484763145,-0.001965423347428441,-0.29603898525238037,2.8754632472991943,5854069.5
29.700000762939453,49.139713287353516,-0.15116631984710693,0.027720056474208832,869.0247192382812,-0.532312273979187,1131.5595703125,-0.9078181982040405,1057.92333984375,-0.8057643175125122,1148.597412109375,-0.9175499677658081,0.7978100776672363,0.5995941162109375,0.3022492527961731,0.2565039396286011,0.26226353645324707,0.2669302821159363,-0.007054212037473917,-0.010823371820151806,-0.0040154787711799145,0.0037863976322114468,0.005729882512241602,0.005929273087531328,1.6140512228012085,0.2690085470676422,0.005945475772023201,-0.0019460569601505995,-0.29312196373939514,2.875042676925659,5853213.0
29.799999237060547,49.124908447265625,-0.14803306758403778,0.031332533806562424,868.9714965820312,-0.5321148037910461,1131.4688720703125,-0.9070962071418762,1057.8427734375,-0.8052601218223572,1148.5057373046875,-0.9164929389953613,0.7971054911613464,0.5985145568847656,0.3018536865711212,0.2568857669830322,0.26283732056617737,0.2675231099128723,-0.007036915048956871,-0.010768640786409378,-0.0038961702957749367,0.0038500595837831497,0.005745431873947382,0.005927153397351503,1.6176037788391113,0.26960062980651855,0.005928595084697008,-0.0019269725307822227,-0.2902474105358124,2.874622106552124,5852357.0
29.899999618530273,49.11050796508789,-0.1440180242061615,0.040150463581085205,868.9183349609375,-0.5319092869758606,1131.378173828125,-0.9063704013824463,1057.7623291015625,-0.8047478795051575,1148.4141845703125,-0.9154444932937622,0.7964026927947998,0.5974403619766235,0.30146995186805725,0.2572738230228424,0.2634124457836151,0.2681153118610382,-0.007019688840955496,-0.010714205913245678,-0.0037787235341966152,0.003910756669938564,0.005756797734647989,0.0059165917336940765,1.6211347579956055,0.2701891362667084,0.005883642006665468,-0.0019082463113591075,-0.28742679953575134,2.874201774597168,5851501.0
30.0,49.09659194946289,-0.139179065823555,0.04838960990309715,868.8651123046875,-0.5316959023475647,1131.28759765625,-0.9056423306465149,1057.681884765625,-0.8042280673980713,1148.3226318359375,-0.9144088625907898,0.7957015633583069,0.5963716506958008,0.3010978698730469,0.25766775012016296,0.2639884054660797,0.2687058448791504,-0.0070025683380663395,-0.01066015288233757,-0.003663434414193034,0.0039677852764725685,0.005762157961726189,0.00589308887720108,1.6246284246444702,0.27077141404151917,0.005812562070786953,-0.0018899496644735336,-0.284670889377594,2.873781681060791,5850645.5
30.100000381469727,49.08324432373047,-0.13346144556999207,0.05717619135975838,868.8119506835938,-0.531474769115448,1131.197021484375,-0.904913604259491,1057.6014404296875,-0.8037011623382568,1148.2313232421875,-0.9133906364440918,0.7950021624565125,0.5953083634376526,0.3007371723651886,0.25806719064712524,0.26456454396247864,0.2692931890487671,-0.006985590793192387,-0.010606570169329643,-0.0035506137646734715,0.004020419903099537,0.005759721156209707,0.005852890200912952,1.628067970275879,0.2713446617126465,0.005712379235774279,-0.0018721586093306541,-0.2819911539554596,2.873361587524414,5849790.5
30.200000762939453,49.070556640625,-0.12689241766929626,0.06569026410579681,868.7588500976562,-0.5312461853027344,1131.1065673828125,-0.9041860699653625,1057.5211181640625,-0.8031677603721619,1148.1400146484375,-0.9123942852020264,0.7943044304847717,0.5942503213882446,0.3003876209259033,0.25847163796424866,0.26513993740081787,0.26987552642822266,-0.006968795321881771,-0.010553553700447083,-0.003440579166635871,0.004067927598953247,0.005747762508690357,0.005792943760752678,1.6314359903335571,0.2719059884548187,0.0055830511264503,-0.0018549467204138637,-0.2793986201286316,2.872941732406616,5848936.0
30.299999237060547,49.05855178833008,-0.12001803517341614,0.06874382495880127,868.7057495117188,-0.5310102701187134,1131.0162353515625,-0.9034609198570251,1057.4407958984375,-0.8026283979415894,1148.048828125,-0.9114227890968323,0.7936083674430847,0.5931975841522217,0.30004891753196716,0.2588805556297302,0.2657136619091034,0.2704508900642395,-0.006952204741537571,-0.01050115842372179,-0.003333515953272581,0.00410991907119751,0.005725580733269453,0.005713683553040028,1.6347216367721558,0.2724536061286926,0.00544039998203516,-0.0018383400747552514,-0.27689728140830994,2.8725221157073975,5848081.5
30.399999618530273,49.0472297668457,-0.11321726441383362,0.06800773739814758,868.6526489257812,-0.5307672619819641,1130.9259033203125,-0.9027388691902161,1057.360595703125,-0.8020837903022766,1147.957763671875,-0.9104770421981812,0.7929139733314514,0.592150092124939,0.29972079396247864,0.2592933773994446,0.26628464460372925,0.27101752161979675,-0.006935828365385532,-0.010449405759572983,-0.003229465102776885,0.004146368708461523,0.005693489219993353,0.005618350580334663,1.63792085647583,0.2729867994785309,0.0052945297211408615,-0.0018223318038508296,-0.2744860351085663,2.8721024990081787,5847227.5
30.5,49.03657150268555,-0.10659554600715637,0.06621719151735306,868.5995483398438,-0.5305173397064209,1130.835693359375,-0.9020204544067383,1057.2803955078125,-0.8015345931053162,1147.86669921875,-0.9095569849014282,0.792221188545227,0.5911076664924622,0.2994029223918915,0.25970959663391113,0.2668519616127014,0.2715739905834198,-0.006919667590409517,-0.01039829570800066,-0.0031284079886972904,0.004177398048341274,0.005652178544551134,0.005510592367500067,1.6410329341888428,0.2735055088996887,0.005148120224475861,-0.001806905958801508,-0.2721625566482544,2.871683359146118,5846374.0
30.600000381469727,49.02655792236328,-0.10015733540058136,0.06438209861516953,868.5465698242188,-0.5302608609199524,1130.7454833984375,-0.90130615234375,1057.2003173828125,-0.8009814023971558,1147.7757568359375,-0.9086626172065735,0.7915300726890564,0.590070366859436,0.2990950047969818,0.2601286470890045,0.26741471886634827,0.2721191942691803,-0.006903722416609526,-0.010347829200327396,-0.0030303129460662603,0.004203157499432564,0.005602368153631687,0.005393405444920063,1.6440577507019043,0.2740096151828766,0.005001486744731665,-0.0017920461250469089,-0.2699243128299713,2.8712642192840576,5845520.5
30.700000762939453,49.017173767089844,-0.09381196647882462,0.06345365941524506,868.4935302734375,-0.5299980044364929,1130.6553955078125,-0.9005963206291199,1057.1202392578125,-0.8004247546195984,1147.6849365234375,-0.9077939987182617,0.7908404469490051,0.589038074016571,0.29879674315452576,0.26055002212524414,0.26797208189964294,0.272652268409729,-0.006887995172291994,-0.010298010893166065,-0.002935168333351612,0.004223745781928301,0.0055445898324251175,0.005268636625260115,1.64699387550354,0.27449896931648254,0.0048521445132792,-0.0017777439206838608,-0.26777008175849915,2.870845317840576,5844668.0
30.799999237060547,49.00843048095703,-0.08744964003562927,0.06362329423427582,868.4405517578125,-0.5297289490699768,1130.5654296875,-0.8998916745185852,1057.040283203125,-0.7998652458190918,1147.59423828125,-0.9069518446922302,0.7901524305343628,0.5880107879638672,0.29850783944129944,0.260973185300827,0.26852330565452576,0.2731725573539734,-0.006872492376714945,-0.010248852893710136,-0.002842996269464493,0.004239174071699381,0.005479101091623306,0.005136972758919001,1.6498385667800903,0.2749730944633484,0.004697088617831469,-0.001764000509865582,-0.26569998264312744,2.870426654815674,5843815.5
30.899999618530273,49.00032043457031,-0.08110056072473526,0.06349082291126251,868.3875732421875,-0.5294541120529175,1130.4754638671875,-0.8991928100585938,1056.9603271484375,-0.7993034720420837,1147.5035400390625,-0.9061367511749268,0.7894659638404846,0.5869883298873901,0.298227995634079,0.2613976299762726,0.26906758546829224,0.27367931604385376,-0.006857219617813826,-0.010200370103120804,-0.002753819338977337,0.004249451216310263,0.005406135227531195,0.004998926538974047,1.652588963508606,0.27543148398399353,0.0045375945046544075,-0.0017508143791928887,-0.2637138366699219,2.8700082302093506,5842964.0
31.0,48.99283981323242,-0.07481878250837326,0.0628177747130394,868.3346557617188,-0.5291736125946045,1130.385498046875,-0.8985003232955933,1056.88037109375,-0.7987399697303772,1147.4129638671875,-0.90534907579422,0.7887809872627258,0.5859706401824951,0.2979569435119629,0.2618228495121002,0.2696042060852051,0.27417200803756714,-0.0068421815522015095,-0.010152569971978664,-0.0026676408015191555,0.004254633095115423,0.005326033569872379,0.0048552691005170345,1.655242919921875,0.2758738398551941,0.004375353921204805,-0.0017381792422384024,-0.26181069016456604,2.8695900440216064,5842112.5
31.100000381469727,48.985984802246094,-0.06853947788476944,0.06279301643371582,868.28173828125,-0.5288878679275513,1130.2957763671875,-0.8978147506713867,1056.800537109375,-0.7981752753257751,1147.322509765625,-0.9045893549919128,0.7880975008010864,0.5849577784538269,0.2976943552494049,0.26224836707115173,0.27013248205184937,0.27465006709098816,-0.0068273828364908695,-0.010105464607477188,-0.002584475092589855,0.004254746716469526,0.005239037796854973,0.004706356208771467,1.657798171043396,0.27629968523979187,0.004208330065011978,-0.0017260946333408356,-0.2599904537200928,2.8691720962524414,5841261.5
31.200000762939453,48.979740142822266,-0.06245166063308716,0.06087818369269371,868.2288818359375,-0.5285970568656921,1130.2059326171875,-0.8971365690231323,1056.720703125,-0.7976099252700806,1147.2320556640625,-0.9038574695587158,0.7874155044555664,0.5839495658874512,0.29743993282318115,0.26267361640930176,0.27065175771713257,0.275113046169281,-0.006812823936343193,-0.010059054009616375,-0.002504291944205761,0.004249928519129753,0.005145667586475611,0.004553381819278002,1.6602542400360107,0.27670904994010925,0.00404278002679348,-0.0017145435558632016,-0.2582505941390991,2.8687543869018555,5840411.0
31.299999237060547,48.97404098510742,-0.05698523297905922,0.0546642541885376,868.176025390625,-0.528301477432251,1130.1163330078125,-0.896465539932251,1056.6409912109375,-0.7970444560050964,1147.1417236328125,-0.9031516313552856,0.786734938621521,0.5829459428787231,0.29719337821006775,0.2630981504917145,0.27116140723228455,0.2755606770515442,-0.006798490881919861,-0.010013299994170666,-0.0024269288405776024,0.0042406413704156876,0.005047308746725321,0.0044000293128192425,1.6626174449920654,0.27710291743278503,0.0038921695668250322,-0.0017034719930961728,-0.25658297538757324,2.8683366775512695,5839561.0
31.399999618530273,48.96879196166992,-0.052473749965429306,0.04511484503746033,868.1232299804688,-0.5280014276504517,1130.0267333984375,-0.8958010077476501,1056.561279296875,-0.7964792847633362,1147.051513671875,-0.9024679660797119,0.7860558032989502,0.581946849822998,0.2969544529914856,0.26352158188819885,0.27166107296943665,0.2759931981563568,-0.0067843543365597725,-0.00996812991797924,-0.0023520891554653645,0.0042276703752577305,0.004946149419993162,0.004251858685165644,1.6649010181427002,0.2774834930896759,0.003766848472878337,-0.0016927967080846429,-0.25497502088546753,2.867919445037842,5838711.0
31.5,48.96391296386719,-0.04880343750119209,0.03670312091708183,868.0704345703125,-0.5276971459388733,1129.9371337890625,-0.8951420783996582,1056.481689453125,-0.7959146499633789,1146.961181640625,-0.9018025994300842,0.7853780388832092,0.5809522867202759,0.2967228889465332,0.2639435827732086,0.27215060591697693,0.27641138434410095,-0.006770382635295391,-0.009923466481268406,-0.0022794685792177916,0.004211807157844305,0.004844279494136572,0.004113259259611368,1.6671186685562134,0.2778531014919281,0.003663540817797184,-0.0016824447084218264,-0.2534157633781433,2.867502450942993,5837862.0
31.600000381469727,48.95933151245117,-0.045809581875801086,0.02993854321539402,868.0177001953125,-0.5273889899253845,1129.84765625,-0.8944880962371826,1056.402099609375,-0.7953508496284485,1146.87109375,-0.9011522531509399,0.7847017049789429,0.5799621343612671,0.29649847745895386,0.2643638551235199,0.272629976272583,0.2768162786960602,-0.006756551098078489,-0.009879246354103088,-0.002208809833973646,0.004193710163235664,0.004743318073451519,0.0039866091683506966,1.6692817211151123,0.27821362018585205,0.0035782924387604,-0.001672356971539557,-0.25189632177352905,2.8670854568481445,5837013.5
31.700000762939453,48.95499801635742,-0.0433390773832798,0.024705061689019203,867.9649658203125,-0.5270771980285645,1129.75830078125,-0.8938384652137756,1056.3226318359375,-0.7947880625724792,1146.781005859375,-0.9005143642425537,0.7840267419815063,0.5789763927459717,0.29628103971481323,0.26478224992752075,0.2730993330478668,0.27720916271209717,-0.006742838304489851,-0.00983541738241911,-0.0021399050019681454,0.004173903726041317,0.004644441418349743,0.0038727454375475645,1.6713995933532715,0.2785665988922119,0.003507294924929738,-0.001662488211877644,-0.2504098415374756,2.866668939590454,5836165.5
31.799999237060547,48.95088577270508,-0.04113544523715973,0.022036325186491013,867.9122314453125,-0.5267620086669922,1129.6689453125,-0.8931928277015686,1056.2431640625,-0.7942262887954712,1146.6910400390625,-0.8998873233795166,0.7833531498908997,0.5779950618743896,0.2960704267024994,0.26519858837127686,0.27355894446372986,0.2775912582874298,-0.006729232147336006,-0.009791947901248932,-0.0020726234652101994,0.004152711946517229,0.004548222757875919,0.003770741168409586,1.6734776496887207,0.2789129614830017,0.003443152876570821,-0.0016528150299564004,-0.24895283579826355,2.8662526607513428,5835318.0
31.899999618530273,48.94698715209961,-0.038971174508333206,0.021642697975039482,867.859619140625,-0.5264436602592468,1129.57958984375,-0.8925512433052063,1056.163818359375,-0.7936657667160034,1146.60107421875,-0.8992707133293152,0.782680869102478,0.5770180225372314,0.295866459608078,0.26561272144317627,0.2740090787410736,0.27796366810798645,-0.006715729366987944,-0.009748829528689384,-0.002006916329264641,0.0041302465833723545,0.00445463927462697,0.0036782249808311462,1.6755174398422241,0.27925291657447815,0.003379348898306489,-0.001643334049731493,-0.24752476811408997,2.8658366203308105,5834470.5
32.0,48.943321228027344,-0.036641377955675125,0.023297948762774467,867.8069458007812,-0.5261223912239075,1129.4903564453125,-0.8919140696525574,1056.08447265625,-0.7931064963340759,1146.5111083984375,-0.8986650705337524,0.7820099592208862,0.5760452747344971,0.29566898941993713,0.26602455973625183,0.2744499444961548,0.2783271372318268,-0.0067023346200585365,-0.009706072509288788,-0.0019428114173933864,0.004106432665139437,0.0043631624430418015,0.003591864602640271,1.6775165796279907,0.2795861065387726,0.0033097141422331333,-0.001634059357456863,-0.24612778425216675,2.8654208183288574,5833624.0
32.099998474121094,48.939918518066406,-0.034046925604343414,0.0259445421397686,867.75439453125,-0.5257984399795532,1129.4012451171875,-0.8912816643714905,1056.005126953125,-0.792548656463623,1146.4212646484375,-0.8980716466903687,0.7813404202461243,0.5750767588615417,0.29547783732414246,0.2664339542388916,0.2748817503452301,0.2786821126937866,-0.006689058616757393,-0.009663702920079231,-0.0018803830025717616,0.004081075545400381,0.004272982478141785,0.003508171532303095,1.679470419883728,0.27991175651550293,0.003231222042813897,-0.001625014003366232,-0.24476534128189087,2.8650052547454834,5832778.0
32.20000076293945,48.93681335449219,-0.03105984441936016,0.029870811849832535,867.7017822265625,-0.5254719853401184,1129.3121337890625,-0.8906548619270325,1055.9259033203125,-0.7919924259185791,1146.33154296875,-0.8974923491477966,0.7806721925735474,0.5741125345230103,0.29529282450675964,0.26684069633483887,0.27530452609062195,0.27902868390083313,-0.0066759162582457066,-0.009621757082641125,-0.0018197520403191447,0.004053871147334576,0.004183036275207996,0.003423550399020314,1.6813719272613525,0.2802286446094513,0.0031395391561090946,-0.0016162317479029298,-0.24344252049922943,2.8645899295806885,5831932.5
32.29999923706055,48.93403244018555,-0.02781398966908455,0.03245854750275612,867.6492919921875,-0.5251432657241821,1129.22314453125,-0.8900342583656311,1055.8468017578125,-0.7914380431175232,1146.2418212890625,-0.8969287276268005,0.7800052165985107,0.5731524229049683,0.29511380195617676,0.2672446370124817,0.2757183015346527,0.2793666422367096,-0.006662921980023384,-0.00958026759326458,-0.0017610203940421343,0.004024569410830736,0.004092469345778227,0.003335688728839159,1.6832149028778076,0.28053581714630127,0.0030388350132852793,-0.0016077349428087473,-0.24216271936893463,2.8641748428344727,5831087.5
32.400001525878906,48.931556701660156,-0.024753917008638382,0.030600732192397118,867.5968017578125,-0.5248125195503235,1129.1341552734375,-0.8894200325012207,1055.7677001953125,-0.7908856868743896,1146.152099609375,-0.8963807821273804,0.7793395519256592,0.5721964240074158,0.2949405610561371,0.26764553785324097,0.2761229872703552,0.27969568967819214,-0.006650074385106564,-0.009539229795336723,-0.0017041602404788136,0.003993243910372257,0.004001367837190628,0.0032455315813422203,1.6849995851516724,0.28083327412605286,0.0029429076239466667,-0.0015995074063539505,-0.2409234493970871,2.863759994506836,5830243.0
32.5,48.9293327331543,-0.02221835032105446,0.025355663150548935,867.5443115234375,-0.5244799256324768,1129.045166015625,-0.8888117671012878,1055.6885986328125,-0.7903355956077576,1146.0625,-0.8958463668823242,0.7786751985549927,0.5712445378303528,0.2947728931903839,0.2680432200431824,0.2765185832977295,0.2800157368183136,-0.0066373576410114765,-0.009498607367277145,-0.0016490097623318434,0.003960302099585533,0.00391072453930974,0.003156569553539157,1.6867328882217407,0.2811221480369568,0.0028619002550840378,-0.001591503620147705,-0.23971788585186005,2.8633453845977783,5829399.0
32.599998474121094,48.92727279663086,-0.020617155358195305,0.016011953353881836,867.4918823242188,-0.5241457223892212,1128.9564208984375,-0.8882083892822266,1055.609619140625,-0.7897878289222717,1145.9730224609375,-0.8953216075897217,0.7780120968818665,0.5702967047691345,0.2946106791496277,0.26843756437301636,0.27690523862838745,0.2803272604942322,-0.006624740548431873,-0.00945831835269928,-0.0015952627873048186,0.003926502540707588,0.0038224435411393642,0.0030744634568691254,1.6884292364120483,0.28140488266944885,0.0028090442065149546,-0.0015836423262953758,-0.23853379487991333,2.862931251525879,5828556.0
32.70000076293945,48.92525100708008,-0.02021126262843609,0.004058927297592163,867.4395141601562,-0.5238100290298462,1128.8675537109375,-0.8876084089279175,1055.5306396484375,-0.7892425060272217,1145.8834228515625,-0.8948008418083191,0.7773502469062805,0.5693528652191162,0.29445379972457886,0.26882851123809814,0.27728328108787537,0.2806311845779419,-0.006612177472561598,-0.009418252855539322,-0.0015424966113641858,0.0038928785361349583,0.003739088075235486,0.003005941631272435,1.6901087760925293,0.2816847860813141,0.002792933490127325,-0.0015758200315758586,-0.23735558986663818,2.8625171184539795,5827713.0
32.79999923706055,48.92314910888672,-0.02102229744195938,-0.008110356517136097,867.3871459960938,-0.5234730243682861,1128.77880859375,-0.8870099186897278,1055.4517822265625,-0.7886995077133179,1145.7939453125,-0.8942778706550598,0.7766896486282349,0.5684130191802979,0.29430216550827026,0.2692161798477173,0.27765336632728577,0.28092923760414124,-0.006599618121981621,-0.009378287009894848,-0.0014902491820976138,0.003860543482005596,0.003663310781121254,0.0029569552280008793,1.6917940378189087,0.2819656729698181,0.0028149867430329323,-0.0015679312637075782,-0.23616734147071838,2.8621034622192383,5826870.5
32.900001525878906,48.920902252197266,-0.022480551153421402,-0.014582536183297634,867.3347778320312,-0.5231349468231201,1128.690185546875,-0.8864115476608276,1055.3729248046875,-0.7881585359573364,1145.70458984375,-0.89374840259552,0.7760303616523743,0.5674772262573242,0.2941557466983795,0.2696007192134857,0.2780162990093231,0.28122344613075256,-0.0065870280377566814,-0.009338335134088993,-0.0014382010558620095,0.0038302368484437466,0.0035966162104159594,0.0029290870297700167,1.6935006380081177,0.2822501063346863,0.002857734216377139,-0.001559919910505414,-0.2349606454372406,2.861690044403076,5826029.0
33.0,48.91847610473633,-0.024226317182183266,-0.017457660287618637,867.282470703125,-0.5227958559989929,1128.6015625,-0.8858125805854797,1055.2940673828125,-0.7876192927360535,1145.615234375,-0.893210232257843,0.7753722667694092,0.5665453672409058,0.2940145432949066,0.26998233795166016,0.2783730626106262,0.28151583671569824,-0.006574389059096575,-0.009298351593315601,-0.0013861816842108965,0.003802315564826131,0.0035394022706896067,0.0029205370228737593,1.695237159729004,0.2825395166873932,0.0029114156495779753,-0.0015517610590904951,-0.2337317317724228,2.861276865005493,5825187.5
33.099998474121094,48.915855407714844,-0.026206117123365402,-0.019798003137111664,867.230224609375,-0.5224559307098389,1128.5130615234375,-0.885212242603302,1055.21533203125,-0.7870815992355347,1145.5260009765625,-0.8926616311073303,0.7747154831886292,0.565617561340332,0.2938785254955292,0.2703612744808197,0.2787245810031891,0.2818082571029663,-0.006561686284840107,-0.009258302859961987,-0.0013340661535039544,0.0037770175840705633,0.0034917413722723722,0.002929077949374914,1.697009563446045,0.2828349173069,0.0029752247501164675,-0.0015434346860274673,-0.2324775755405426,2.8608639240264893,5824347.0
33.20000076293945,48.913047790527344,-0.0280806515365839,-0.018745332956314087,867.177978515625,-0.5221152901649475,1128.424560546875,-0.8846102356910706,1055.13671875,-0.7865449786186218,1145.436767578125,-0.8921023011207581,0.7740599513053894,0.5646937489509583,0.2937477231025696,0.2707378566265106,0.27907177805900574,0.28210222721099854,-0.0065489173866808414,-0.009218180552124977,-0.001281824428588152,0.003754342207685113,0.003453064477071166,0.0029510732274502516,1.6988195180892944,0.28313660621643066,0.003038079012185335,-0.0015349496388807893,-0.23119953274726868,2.8604512214660645,5823507.0
33.29999923706055,48.91007614135742,-0.029741935431957245,-0.01661284826695919,867.1257934570312,-0.5217739343643188,1128.3360595703125,-0.8840066194534302,1055.05810546875,-0.7860093116760254,1145.3475341796875,-0.8915327787399292,0.7734056711196899,0.5637739300727844,0.2936221659183502,0.27111226320266724,0.2794155180454254,0.28239887952804565,-0.006536085624247789,-0.00917799398303032,-0.001229492831043899,0.003734124358743429,0.0034224018454551697,0.0029824418015778065,1.7006654739379883,0.28344422578811646,0.0030969998333603144,-0.0015263247769325972,-0.22990043461322784,2.8600387573242188,5822667.0
33.400001525878906,48.906978607177734,-0.03096592053771019,-0.012239846400916576,867.0736694335938,-0.5214319229125977,1128.2476806640625,-0.88340163230896,1054.9794921875,-0.7854742407798767,1145.2584228515625,-0.8909546136856079,0.7727527022361755,0.5628581047058105,0.2935018241405487,0.27148476243019104,0.2797565162181854,0.2826988995075226,-0.006523203570395708,-0.0091377729550004,-0.0011771812569350004,0.0037160206120461226,0.003398361848667264,0.003018579911440611,1.702541708946228,0.28375694155693054,0.003144346410408616,-0.0015175980515778065,-0.22858597338199615,2.8596267700195312,5821828.0
33.5,48.90377426147461,-0.03202438727021217,-0.010584661737084389,867.0215454101562,-0.5210894346237183,1128.159423828125,-0.8827953934669495,1054.9010009765625,-0.7849395871162415,1145.1693115234375,-0.8903687000274658,0.7721010446548462,0.5619463324546814,0.2933867275714874,0.27185553312301636,0.2800953984260559,0.28300267457962036,-0.006510278210043907,-0.009097535163164139,-0.0011249538511037827,0.0036998081486672163,0.003379969857633114,0.0030569916125386953,1.7044451236724854,0.28407418727874756,0.0031891162507236004,-0.00150878366548568,-0.22725830972194672,2.8592147827148438,5820989.5
33.599998474121094,48.90046310424805,-0.033128123730421066,-0.011037386022508144,866.9694213867188,-0.5207464098930359,1128.0711669921875,-0.8821877241134644,1054.822509765625,-0.7844052314758301,1145.080322265625,-0.8897749781608582,0.7714506387710571,0.561038613319397,0.293276846408844,0.2722247838973999,0.28043273091316223,0.2833104133605957,-0.006497307680547237,-0.009057275950908661,-0.0010727912886068225,0.0036854755599051714,0.0033668908290565014,0.0030975048430263996,1.7063766717910767,0.28439611196517944,0.003237292403355241,-0.0014998777769505978,-0.22591689229011536,2.8588032722473145,5820151.5
33.70000076293945,48.89708709716797,-0.03376126289367676,-0.006331372540444136,866.9173583984375,-0.5204029679298401,1127.98291015625,-0.8815789222717285,1054.744140625,-0.7838709950447083,1144.991455078125,-0.8891748189926147,0.7708016037940979,0.5601348876953125,0.293172150850296,0.272592693567276,0.2807689607143402,0.2836221754550934,-0.0064843036234378815,-0.009017023257911205,-0.001020796480588615,0.003672709921374917,0.003357985755428672,0.0031374027021229267,1.7083311080932617,0.28472185134887695,0.0032711366657167673,-0.0014909213641658425,-0.22456783056259155,2.8583920001983643,5819314.5
33.79999923706055,48.893733978271484,-0.033530961722135544,0.0023030159063637257,866.8653564453125,-0.5200590491294861,1127.8948974609375,-0.8809699416160583,1054.665771484375,-0.7833368182182312,1144.9024658203125,-0.8885719776153564,0.770153820514679,0.5592352151870728,0.2930726706981659,0.2729593515396118,0.2811044156551361,0.28393763303756714,-0.006471295841038227,-0.008976851589977741,-0.0009692382300272584,0.003660790389403701,0.003351072082296014,0.003171185264363885,1.7102949619293213,0.285049170255661,0.0032783038914203644,-0.0014819890493527055,-0.22322243452072144,2.857980966567993,5818477.5
33.900001525878906,48.8904914855957,-0.03240678459405899,0.011241771280765533,866.8133544921875,-0.5197147130966187,1127.8067626953125,-0.8803621530532837,1054.58740234375,-0.7828027009963989,1144.813720703125,-0.887971043586731,0.7695073485374451,0.558339536190033,0.29297828674316406,0.2733248472213745,0.2814391553401947,0.2842559218406677,-0.0064583211205899715,-0.008936848491430283,-0.0009184390073642135,0.0036488783080130816,0.0033437651582062244,0.003193582408130169,1.7122517824172974,0.28537529706954956,0.0032576245721429586,-0.0014731584815308452,-0.2218923270702362,2.857570171356201,5817641.0
34.0,48.88744354248047,-0.03050811029970646,0.01898672804236412,866.7614135742188,-0.5193700194358826,1127.71875,-0.8797568082809448,1054.5091552734375,-0.782268762588501,1144.724853515625,-0.8873762488365173,0.7688621282577515,0.5574478507041931,0.29288893938064575,0.2736891210079193,0.28177306056022644,0.2845757305622101,-0.006445413455367088,-0.00889709871262312,-0.0008686980581842363,0.003636206965893507,0.0033340053632855415,0.0032010457944124937,1.7141863107681274,0.28569772839546204,0.003212040988728404,-0.001464496599510312,-0.22058764100074768,2.8571596145629883,5816805.5
34.099998474121094,48.8846321105957,-0.02811107039451599,0.023970410227775574,866.70947265625,-0.5190249681472778,1127.630859375,-0.8791548609733582,1054.430908203125,-0.7817352414131165,1144.63623046875,-0.8867906928062439,0.7682182192802429,0.5565600991249084,0.292804479598999,0.2740520238876343,0.28210577368736267,0.2848954498767853,-0.006432598456740379,-0.008857663720846176,-0.0008202341850847006,0.003622224787250161,0.0033204243518412113,0.0031925186049193144,1.716086745262146,0.28601446747779846,0.0031496686860919,-0.0014560464769601822,-0.219314843416214,2.8567492961883545,5815970.5
34.20000076293945,48.882110595703125,-0.02519013173878193,0.029209380969405174,866.6575927734375,-0.518679678440094,1127.54296875,-0.8785573840141296,1054.352783203125,-0.7812023758888245,1144.547607421875,-0.8862173557281494,0.7675756216049194,0.555676281452179,0.2927248179912567,0.27441346645355225,0.28243690729141235,0.28521353006362915,-0.006419899873435497,-0.008818602189421654,-0.0007732495432719588,0.00360643002204597,0.00330185703933239,0.003167465329170227,1.717942476272583,0.28632375597953796,0.0030684364028275013,-0.0014478533994406462,-0.2180807739496231,2.856339454650879,5815135.5
34.29999923706055,48.87992858886719,-0.021827010437846184,0.033631209284067154,866.6057739257812,-0.5183340907096863,1127.455078125,-0.8779652714729309,1054.2747802734375,-0.7806704044342041,1144.458984375,-0.8856589794158936,0.7669342756271362,0.5547963380813599,0.2926497757434845,0.2747732102870941,0.2827658951282501,0.2855282425880432,-0.0064073409885168076,-0.00877996813505888,-0.0007279324345290661,0.003588365390896797,0.0032773129642009735,0.003125735791400075,1.719743013381958,0.28662383556365967,0.002970743691548705,-0.0014399555511772633,-0.21689118444919586,2.8559296131134033,5814301.5
34.400001525878906,48.87806701660156,-0.018630215898156166,0.031967949122190475,866.553955078125,-0.5179882645606995,1127.3673095703125,-0.8773789405822754,1054.1966552734375,-0.7801398038864136,1144.370361328125,-0.8851159811019897,0.7662941217422485,0.5539202690124512,0.29257917404174805,0.2751310467720032,0.2830921411514282,0.2858380973339081,-0.006394925061613321,-0.0087417708709836,-0.0006842971779406071,0.0035680134315043688,0.0032470503356307745,0.00307082524523139,1.7214866876602173,0.2869144380092621,0.002876612590625882,-0.001432338496670127,-0.21574386954307556,2.855520248413086,5813468.0
34.5,48.876468658447266,-0.015971440821886063,0.026587747037410736,866.5021362304688,-0.5176423788070679,1127.2796630859375,-0.8767979145050049,1054.11865234375,-0.7796107530593872,1144.281982421875,-0.8845864534378052,0.7656552791595459,0.5530480146408081,0.29251283407211304,0.2754867374897003,0.28341513872146606,0.2861420810222626,-0.006382637191563845,-0.008703971281647682,-0.0006421894067898393,0.0035457757767289877,0.0032124482095241547,0.0030088252387940884,1.7231802940368652,0.28719669580459595,0.00279741152189672,-0.0014249554369598627,-0.2146318256855011,2.8551111221313477,5812635.0
34.599998474121094,48.87507629394531,-0.013932593166828156,0.02038847841322422,866.4503784179688,-0.5172963738441467,1127.1920166015625,-0.8762215971946716,1054.040771484375,-0.7790835499763489,1144.1934814453125,-0.8840675950050354,0.7650176286697388,0.5521794557571411,0.2924506664276123,0.275840163230896,0.283734530210495,0.28643980622291565,-0.0063704545609653,-0.008666513487696648,-0.0006013911915943027,0.0035222049336880445,0.003175215795636177,0.002945644548162818,1.724833607673645,0.28747227787971497,0.0027358559891581535,-0.0014177527045831084,-0.21354691684246063,2.8547022342681885,5811803.0
34.70000076293945,48.87382125854492,-0.012559684924781322,0.013729088939726353,866.398681640625,-0.5169504284858704,1127.1043701171875,-0.8756491541862488,1053.962890625,-0.7785582542419434,1144.1051025390625,-0.8835561871528625,0.7643811702728271,0.551314651966095,0.2923925220966339,0.2761911451816559,0.2840501368045807,0.2867313623428345,-0.006358352489769459,-0.008629335090517998,-0.0005616581765934825,0.003497908590361476,0.003137117950245738,0.0028863195329904556,1.726458191871643,0.2877430319786072,0.002694204915314913,-0.001410672557540238,-0.21248048543930054,2.8542938232421875,5810971.0
34.79999923706055,48.87261962890625,-0.01201540045440197,0.005442837253212929,866.3470458984375,-0.5166046023368835,1127.016845703125,-0.8750793933868408,1053.885009765625,-0.7780349850654602,1144.016845703125,-0.8830482959747314,0.763745903968811,0.5504536032676697,0.2923383116722107,0.27653974294662476,0.28436198830604553,0.2870174050331116,-0.006346298381686211,-0.00859235692769289,-0.0005226893117651343,0.0034736243542283773,0.00310018309392035,0.002835882129147649,1.728068470954895,0.2880114018917084,0.002678734716027975,-0.001403643167577684,-0.2114216834306717,2.8538854122161865,5810139.5
34.900001525878906,48.87137985229492,-0.012400886975228786,-0.003854864975437522,866.2953491210938,-0.5162588953971863,1126.9293212890625,-0.8745110034942627,1053.8072509765625,-0.7775136232376099,1143.928466796875,-0.8825390338897705,0.7631118893623352,0.5495961904525757,0.2922879755496979,0.2768859267234802,0.28467032313346863,0.28729909658432007,-0.006334254052489996,-0.00855548307299614,-0.00048413046170026064,0.0034502088092267513,0.003066657343879342,0.002799280220642686,1.7296816110610962,0.28828027844429016,0.002693452639505267,-0.0013965839752927423,-0.2103583961725235,2.8534774780273438,5809309.0
35.0,48.87002944946289,-0.013495337218046188,-0.01094450056552887,866.2437744140625,-0.5159134864807129,1126.8419189453125,-0.8739426136016846,1053.7294921875,-0.7769941091537476,1143.84033203125,-0.8820244073867798,0.7624790668487549,0.5487424731254578,0.29224148392677307,0.27722984552383423,0.284975528717041,0.28757795691490173,-0.006322185043245554,-0.00851863157004118,-0.0004456710594240576,0.0034283956047147512,0.0030383351258933544,0.0027793857734650373,1.731312870979309,0.2885521650314331,0.0027316126506775618,-0.00138943362981081,-0.20928139984607697,2.853069543838501,5808479.0
35.099998474121094,48.86854553222656,-0.014827522449195385,-0.013321856036782265,866.1921997070312,-0.5155683159828186,1126.754638671875,-0.8733735084533691,1053.65185546875,-0.7764760851860046,1143.7520751953125,-0.881502091884613,0.7618474960327148,0.5478924512863159,0.2921988368034363,0.2775716781616211,0.28527823090553284,0.2878556251525879,-0.006310074590146542,-0.008481757715344429,-0.0004071498697157949,0.0034085335209965706,0.003015874419361353,0.002775314263999462,1.7329703569412231,0.28882840275764465,0.0027784048579633236,-0.001382171525619924,-0.20818756520748138,2.8526620864868164,5807649.0
35.20000076293945,48.86692428588867,-0.016222907230257988,-0.013953848741948605,866.140625,-0.5152234435081482,1126.667236328125,-0.872803270816803,1053.57421875,-0.7759594321250916,1143.6639404296875,-0.8809713125228882,0.7612170577049255,0.5470461249351501,0.2921600639820099,0.27791163325309753,0.2855789363384247,0.28813356161117554,-0.006297914311289787,-0.00844484381377697,-0.0003685016999952495,0.0033907287288457155,0.002999244024977088,0.002784482669085264,1.7346572875976562,0.28910955786705017,0.002829192206263542,-0.001374792424030602,-0.2070760875940323,2.852254867553711,5806820.0
35.29999923706055,48.86514663696289,-0.017759909853339195,-0.015370029024779797,866.0891723632812,-0.5148789882659912,1126.580078125,-0.8722314834594727,1053.4967041015625,-0.7754438519477844,1143.575927734375,-0.8804311156272888,0.7605878710746765,0.5462034940719604,0.2921251356601715,0.27824991941452026,0.2858783006668091,0.28841298818588257,-0.006285696756094694,-0.00840787123888731,-0.0003296556242275983,0.0033750992733985186,0.0029884609393775463,0.002805106109008193,1.736377239227295,0.2893962264060974,0.002886967733502388,-0.0013672839850187302,-0.20594513416290283,2.8518478870391846,5805991.5
35.400001525878906,48.86320495605469,-0.01943373493850231,-0.016738248988986015,866.0376586914062,-0.5145348310470581,1126.4927978515625,-0.8716576099395752,1053.419189453125,-0.7749291062355042,1143.4879150390625,-0.879880428314209,0.7599599361419678,0.5453645586967468,0.2920941412448883,0.278586745262146,0.2861768901348114,0.28869500756263733,-0.006273413542658091,-0.00837081577628851,-0.0002905332075897604,0.003361781593412161,0.0029835973400622606,0.0028360087890177965,1.7381343841552734,0.2896890640258789,0.002951363567262888,-0.0013596343342214823,-0.20479291677474976,2.8514411449432373,5805163.5
35.5,48.861080169677734,-0.02125750109553337,-0.018237661570310593,865.9862670898438,-0.5141910910606384,1126.4056396484375,-0.8710812330245972,1053.3416748046875,-0.7744148969650269,1143.39990234375,-0.8793182373046875,0.7593331933021545,0.5445293188095093,0.2920670509338379,0.2789223790168762,0.286475270986557,0.2889806032180786,-0.006261054426431656,-0.008333657868206501,-0.0002510539488866925,0.00335091445595026,0.0029847396072000265,0.0028763716109097004,1.7399327754974365,0.28998878598213196,0.0030229261610656977,-0.0013518306659534574,-0.20361751317977905,2.8510348796844482,5804336.5
35.599998474121094,48.8587760925293,-0.023045731708407402,-0.017882300540804863,865.934814453125,-0.5138477087020874,1126.318603515625,-0.8705019950866699,1053.2642822265625,-0.7739010453224182,1143.31201171875,-0.8787441253662109,0.7587077021598816,0.5436978340148926,0.2920439541339874,0.27925702929496765,0.28677406907081604,0.28927063941955566,-0.006248616147786379,-0.00829638633877039,-0.00021118785662110895,0.0033425097353756428,0.002991629298776388,0.002924532163888216,1.7417742013931274,0.29029569029808044,0.0030952822417020798,-0.0013438761234283447,-0.20241937041282654,2.850628614425659,5803509.5
35.70000076293945,48.856319427490234,-0.02455216273665428,-0.015064307488501072,865.8834838867188,-0.513504683971405,1126.2315673828125,-0.8699199557304382,1053.1868896484375,-0.7733871936798096,1143.2242431640625,-0.8781588673591614,0.7580834627151489,0.542870044708252,0.2920248210430145,0.2795909643173218,0.2870737910270691,0.28956571221351624,-0.006236105691641569,-0.008259017951786518,-0.00017099594697356224,0.0033363541588187218,0.003003413788974285,0.0029773591086268425,1.743655800819397,0.29060930013656616,0.0031602568924427032,-0.0013357952702790499,-0.20120219886302948,2.8502228260040283,5802683.0
35.79999923706055,48.853759765625,-0.02559579350054264,-0.010436316020786762,865.8321533203125,-0.5131619572639465,1126.1446533203125,-0.8693355321884155,1053.109619140625,-0.7728732228279114,1143.1363525390625,-0.8775644302368164,0.7574604749679565,0.542046070098877,0.29200974106788635,0.2799243628978729,0.287374883890152,0.2898661494255066,-0.006223537493497133,-0.008221589028835297,-0.00013061927165836096,0.003332039574161172,0.0030187624506652355,0.003030831925570965,1.7455707788467407,0.290928453207016,0.0032117441296577454,-0.0013276280369609594,-0.1999720185995102,2.8498172760009766,5801857.5
35.900001525878906,48.851104736328125,-0.026548773050308228,-0.009529783390462399,865.7808227539062,-0.5128195881843567,1126.0577392578125,-0.8687488436698914,1053.0323486328125,-0.7723588943481445,1143.0487060546875,-0.8769617080688477,0.7568387985229492,0.5412257313728333,0.2919987142086029,0.2802574336528778,0.28767767548561096,0.29017186164855957,-0.0062109180726110935,-0.008184117265045643,-9.011740621645004e-05,0.003329369006678462,0.003036998910829425,0.0030836390797048807,1.7475162744522095,0.2912527024745941,0.003262505168095231,-0.0013193824561312795,-0.19873005151748657,2.849411964416504,5801032.5
36.0,48.84835433959961,-0.027495117858052254,-0.009463449008762836,865.7295532226562,-0.5124773979187012,1125.9708251953125,-0.8681597709655762,1052.955078125,-0.7718441486358643,1142.9610595703125,-0.8763506412506104,0.7562183141708374,0.5404092073440552,0.2919917404651642,0.28059032559394836,0.28798240423202515,0.29048287868499756,-0.00619824742898345,-0.008146600797772408,-4.9486294301459566e-05,0.0033283072989434004,0.0030579264275729656,0.003136066487058997,1.7494925260543823,0.2915820777416229,0.0033142881002277136,-0.001311059226281941,-0.1974763572216034,2.8490068912506104,5800207.5
36.099998474121094,48.84550857543945,-0.02847418561577797,-0.009790677577257156,865.6783447265625,-0.5121355056762695,1125.8841552734375,-0.8675680756568909,1052.8779296875,-0.7713288068771362,1142.8734130859375,-0.8757309913635254,0.7555991411209106,0.539596438407898,0.2919888198375702,0.28092315793037415,0.2882893681526184,0.2907991111278534,-0.006185522768646479,-0.008109033107757568,-8.705238542461302e-06,0.0033288616687059402,0.0030814767815172672,0.0031886729411780834,1.7515006065368652,0.29191675782203674,0.003368327161297202,-0.0013026553206145763,-0.19621054828166962,2.848602056503296,5799383.5
36.20000076293945,48.842552185058594,-0.02955053001642227,-0.010763456113636494,865.6271362304688,-0.5117937922477722,1125.79736328125,-0.8669734597206116,1052.8009033203125,-0.7708126902580261,1142.785888671875,-0.8751022219657898,0.7549812197685242,0.5387874245643616,0.2919900119304657,0.28125613927841187,0.28859880566596985,0.29112064838409424,-0.006172739434987307,-0.008071402087807655,3.2268882932839915e-05,0.0033310954459011555,0.0031077417079359293,0.0032423515804111958,1.7535427808761597,0.2922571301460266,0.0034268407616764307,-0.0012941627064719796,-0.19493134319782257,2.8481974601745605,5798560.0
36.29999923706055,48.83946228027344,-0.030910629779100418,-0.013600984588265419,865.5759887695312,-0.5114521980285645,1125.710693359375,-0.8663753867149353,1052.7237548828125,-0.7702957391738892,1142.6983642578125,-0.8744627833366394,0.7543646097183228,0.537982165813446,0.2919952869415283,0.28158944845199585,0.28891104459762573,0.2914477288722992,-0.006159885320812464,-0.008033678866922855,7.35399080440402e-05,0.0033352228347212076,0.0031372220255434513,0.003299053991213441,1.7556244134902954,0.2926040589809418,0.0034963469952344894,-0.0012855565873906016,-0.19363506138324738,2.8477933406829834,5797737.0
36.400001525878906,48.83620071411133,-0.032608527690172195,-0.016978997737169266,865.5248413085938,-0.511110782623291,1125.6241455078125,-0.8657731413841248,1052.6468505859375,-0.7697776556015015,1142.6109619140625,-0.873810887336731,0.7537492513656616,0.5371806621551514,0.2920047342777252,0.2819232940673828,0.2892264127731323,0.2917807102203369,-0.006146944593638182,-0.00799582526087761,0.00011524993169587106,0.0033415486104786396,0.003170644398778677,0.003361051669344306,1.7577526569366455,0.2929587960243225,0.0035786316730082035,-0.0012768079759553075,-0.19231732189655304,2.8473894596099854,5796914.5
36.5,48.83274841308594,-0.034519683569669724,-0.01911153830587864,865.4737548828125,-0.5107693672180176,1125.53759765625,-0.8651660680770874,1052.56982421875,-0.7692582011222839,1142.523681640625,-0.8731448650360107,0.7531352043151855,0.5363830327987671,0.2920183539390564,0.2822578549385071,0.28954535722732544,0.29212021827697754,-0.006133904214948416,-0.00795780774205923,0.00015751345199532807,0.0033503049053251743,0.0032084991689771414,0.003429496195167303,1.7599337100982666,0.29332229495048523,0.003669633762910962,-0.0012678984785452485,-0.1909753382205963,2.8469855785369873,5796092.5
36.599998474121094,48.829097747802734,-0.03651997447013855,-0.020002909004688263,865.4227294921875,-0.5104278922080994,1125.4510498046875,-0.8645537495613098,1052.492919921875,-0.7687371969223022,1142.4364013671875,-0.8724637627601624,0.7525224685668945,0.5355891585350037,0.2920362651348114,0.2825934588909149,0.2898683249950409,0.2924668788909912,-0.006120756268501282,-0.007919607684016228,0.0002003974950639531,0.0033616023138165474,0.0032509241718798876,0.003504299558699131,1.7621710300445557,0.2936951816082001,0.0037655720952898264,-0.0012588204117491841,-0.18960796296596527,2.8465821743011475,5795271.5
36.70000076293945,48.82524871826172,-0.03849352151155472,-0.019735466688871384,865.3717041015625,-0.5100864171981812,1125.3646240234375,-0.8639357686042786,1052.4161376953125,-0.7682142853736877,1142.34912109375,-0.8717673420906067,0.7519110441207886,0.5347990989685059,0.29205846786499023,0.28293028473854065,0.2901957333087921,0.29282131791114807,-0.006107497029006481,-0.007881218567490578,0.0002439237287035212,0.0033754371106624603,0.0032977438531816006,0.003584472229704261,1.7644662857055664,0.29407769441604614,0.0038627299945801497,-0.0012495762202888727,-0.18821558356285095,2.8461790084838867,5794450.5
36.79999923706055,48.821224212646484,-0.04024999588727951,-0.017564762383699417,865.3206787109375,-0.5097447633743286,1125.2783203125,-0.8633122444152832,1052.33935546875,-0.7676893472671509,1142.261962890625,-0.8710561394691467,0.7513009905815125,0.5340129137039185,0.29208508133888245,0.28326863050460815,0.2905280292034149,0.29318395256996155,-0.006094131153076887,-0.007842648774385452,0.00028804640169255435,0.003391639096662402,0.0033483400475233793,0.003667870769277215,1.766817331314087,0.29446956515312195,0.003954558167606592,-0.0012401849962770939,-0.1868010312318802,2.845776081085205,5793630.5
36.900001525878906,48.817054748535156,-0.04168502241373062,-0.014350274577736855,865.2697143554688,-0.509402871131897,1125.1920166015625,-0.8626832365989685,1052.2625732421875,-0.767162024974823,1142.1749267578125,-0.8703315258026123,0.7506922483444214,0.5332305431365967,0.29211610555648804,0.28360870480537415,0.2908655107021332,0.2935549318790436,-0.006080669350922108,-0.00780392624437809,0.0003326663572806865,0.0034099086187779903,0.00340178026817739,0.0037517757155001163,1.7692197561264038,0.29486995935440063,0.004037501756101847,-0.0012306744465604424,-0.18536852300167084,2.8453736305236816,5792810.5
37.0,48.81275939941406,-0.04293455183506012,-0.012495276518166065,865.2188110351562,-0.5090606808662415,1125.105712890625,-0.8620489835739136,1052.1859130859375,-0.7666322588920593,1142.087890625,-0.8695944547653198,0.7500848174095154,0.5324521064758301,0.29215162992477417,0.28395068645477295,0.2912084758281708,0.29393428564071655,-0.0060671186074614525,-0.007765069138258696,0.00037770922062918544,0.0034300147090107203,0.003457370214164257,0.0038346583023667336,1.7716701030731201,0.2952783405780792,0.0041161952540278435,-0.0012210607528686523,-0.1839204728603363,2.844971179962158,5791991.5
37.099998474121094,48.808353424072266,-0.044084254652261734,-0.011497026309370995,865.1679077148438,-0.5087180733680725,1125.01953125,-0.8614094257354736,1052.1092529296875,-0.7660998702049255,1142.0009765625,-0.8688454031944275,0.749478816986084,0.5316775441169739,0.29219165444374084,0.2842947840690613,0.29155707359313965,0.29432183504104614,-0.006053483113646507,-0.0077260867692530155,0.00042313887388445437,0.00345182535238564,0.003514724550768733,0.003916135989129543,1.7741668224334717,0.2956944704055786,0.004193058703094721,-0.0012113526463508606,-0.18245820701122284,2.844569206237793,5791173.0
37.20000076293945,48.80382537841797,-0.04526756331324577,-0.011833094991743565,865.1170654296875,-0.5083750486373901,1124.9334716796875,-0.8607644438743591,1052.03271484375,-0.7655646204948425,1141.9141845703125,-0.8680843114852905,0.7488741278648376,0.5309069156646729,0.2922362685203552,0.2846411168575287,0.2919114828109741,0.2947174906730652,-0.00603976147249341,-0.007686974946409464,0.000468964921310544,0.0034753254149109125,0.003573797410354018,0.003996867220848799,1.7767105102539062,0.2961184084415436,0.0042725615203380585,-0.0012015472166240215,-0.18098129332065582,2.8441672325134277,5790355.0
37.29999923706055,48.79918670654297,-0.046399280428886414,-0.01131715252995491,865.0662231445312,-0.50803142786026,1124.847412109375,-0.8601138591766357,1051.9561767578125,-0.7650265097618103,1141.827392578125,-0.8673111200332642,0.7482708692550659,0.5301401615142822,0.2922854721546173,0.2849899232387543,0.2922718822956085,0.2951211929321289,-0.006025952752679586,-0.007647733669728041,0.0005151872173883021,0.003500475315377116,0.0036344793625175953,0.004077123012393713,1.7793015241622925,0.29655027389526367,0.004351367708295584,-0.00119164923671633,-0.17949041724205017,2.8437657356262207,5789537.5
37.400001525878906,48.79446029663086,-0.047237664461135864,-0.008383854292333126,865.0154418945312,-0.5076871514320374,1124.761474609375,-0.8594578504562378,1051.879638671875,-0.7644852995872498,1141.74072265625,-0.8665269017219543,0.747668981552124,0.5293773412704468,0.2923393249511719,0.2853412926197052,0.2926384210586548,0.29553285241127014,-0.006012066267430782,-0.0076083834283053875,0.0005617241840809584,0.0035270354710519314,0.0036961156874895096,0.004155405797064304,1.7819360494613647,0.2969893515110016,0.00442097382619977,-0.0011816840851679444,-0.1779894232749939,2.8433644771575928,5788720.5
37.5,48.7896728515625,-0.04787849262356758,-0.006408281158655882,864.9647216796875,-0.5073422193527222,1124.675537109375,-0.8587967157363892,1051.80322265625,-0.7639409303665161,1141.654052734375,-0.8657329082489014,0.747068464756012,0.5286185145378113,0.2923978269100189,0.2856953740119934,0.2930111289024353,0.295952171087265,-0.005998109932988882,-0.00756894750520587,0.000608492293395102,0.0035547653678804636,0.003758088918402791,0.0042305635288357735,1.7846100330352783,0.2974350154399872,0.004485085140913725,-0.0011716687586158514,-0.17648088932037354,2.842963457107544,5787904.0
37.599998474121094,48.78483963012695,-0.04833673685789108,-0.004582457710057497,864.9140014648438,-0.5069964528083801,1124.5897216796875,-0.8581305742263794,1051.726806640625,-0.7633932828903198,1141.5675048828125,-0.8649299144744873,0.7464693188667297,0.5278635621070862,0.29246100783348083,0.28605225682258606,0.29339003562927246,0.29637882113456726,-0.0059840925969183445,-0.00752944266423583,0.000655422976706177,0.0035834668669849634,0.0038199247792363167,0.0043020108714699745,1.7873202562332153,0.2978866994380951,0.004543672781437635,-0.001161619322374463,-0.1749671995639801,2.842562675476074,5787088.5
37.70000076293945,48.779972076416016,-0.04867413267493248,-0.003373948158696294,864.86328125,-0.5066497921943665,1124.50390625,-0.857459545135498,1051.6505126953125,-0.7628423571586609,1141.4810791015625,-0.8641188144683838,0.7458716630935669,0.527112603187561,0.2925289273262024,0.2864120900630951,0.2937750816345215,0.29681241512298584,-0.005970018450170755,-0.007489883806556463,0.0007024645456112921,0.0036129874642938375,0.0038812977727502584,0.004369645845144987,1.7900640964508057,0.2983440160751343,0.004598740488290787,-0.001151546253822744,-0.17344994843006134,2.8421623706817627,5786273.0
37.79999923706055,48.77507400512695,-0.04898299649357796,-0.0030886204913258553,864.8126831054688,-0.5063021779060364,1124.418212890625,-0.8567836880683899,1051.5743408203125,-0.7622880935668945,1141.394775390625,-0.8632997274398804,0.7452753186225891,0.5263655781745911,0.2926015257835388,0.2867749035358429,0.2941662669181824,0.2972526252269745,-0.005955890286713839,-0.007450275123119354,0.0007495981990359724,0.0036432594060897827,0.003942128270864487,0.004434065893292427,1.792840838432312,0.2988067865371704,0.0046533546410501,-0.0011414518812671304,-0.1719295084476471,2.841762065887451,5785458.5
37.900001525878906,48.77012634277344,-0.04948360100388527,-0.0050060641951859,864.7620239257812,-0.5059535503387451,1124.33251953125,-0.856102705001831,1051.498046875,-0.761730432510376,1141.3084716796875,-0.8624719381332397,0.7446804642677307,0.525622546672821,0.2926788330078125,0.28714078664779663,0.29456353187561035,0.2976991832256317,-0.005941701587289572,-0.0074106017127633095,0.0007968804566189647,0.0036744035314768553,0.004002852831035852,0.0044972850009799,1.795653223991394,0.2992755174636841,0.00471533415839076,-0.0011313199065625668,-0.1704034060239792,2.841362237930298,5784644.0
38.0,48.765079498291016,-0.0504787378013134,-0.009951375424861908,864.7114868164062,-0.5056037902832031,1124.2469482421875,-0.8554158210754395,1051.4219970703125,-0.7611692547798157,1141.2222900390625,-0.8616331219673157,0.7440869808197021,0.524883508682251,0.2927609086036682,0.28750982880592346,0.2949668765068054,0.29815220832824707,-0.005927433259785175,-0.007370815612375736,0.0008444843697361648,0.0037068284582346678,0.004064669366925955,0.004563258960843086,1.7985100746154785,0.2997516691684723,0.004795519635081291,-0.0011211076052859426,-0.1688651740550995,2.8409626483917236,5783830.5
38.099998474121094,48.759857177734375,-0.05219700187444687,-0.017182642593979836,864.6609497070312,-0.5052528381347656,1124.1614990234375,-0.8547217845916748,1051.3458251953125,-0.7606043815612793,1141.1361083984375,-0.860779345035553,0.743494987487793,0.5241484045982361,0.29284775257110596,0.2878822386264801,0.29537656903266907,0.29861220717430115,-0.005913053639233112,-0.007330839987844229,0.0008926907321438193,0.0037412033416330814,0.004129422828555107,0.0046372245997190475,1.8014254570007324,0.30023759603500366,0.004902301821857691,-0.0011107523459941149,-0.16730543971061707,2.8405632972717285,5783017.5
38.20000076293945,48.754390716552734,-0.05466586351394653,-0.024688590317964554,864.6104125976562,-0.5049006342887878,1124.0760498046875,-0.854019045829773,1051.269775390625,-0.7600356340408325,1141.050048828125,-0.8599061369895935,0.7429044246673584,0.5234173536300659,0.2929394841194153,0.2882581949234009,0.29579299688339233,0.2990802228450775,-0.005898526404052973,-0.007290585897862911,0.0009418220724910498,0.003778289072215557,0.004199110437184572,0.004724029917269945,1.8044161796569824,0.3007360100746155,0.005037230905145407,-0.0011001897510141134,-0.16571445763111115,2.8401641845703125,5782205.0
38.29999923706055,48.74864959716797,-0.05743131414055824,-0.027654508128762245,864.5599365234375,-0.504547119140625,1123.9906005859375,-0.8533066511154175,1051.19384765625,-0.7594625949859619,1140.964111328125,-0.8590107560157776,0.7423152923583984,0.5226902961730957,0.29303616285324097,0.28863802552223206,0.2962166666984558,0.2995575964450836,-0.005883827805519104,-0.0072499969974160194,0.0009920770535245538,0.0038185256998986006,0.0042747496627271175,0.004824780859053135,1.8074923753738403,0.3012487292289734,0.005184624344110489,-0.0010893939761444926,-0.16408836841583252,2.8397653102874756,5781393.0
38.400001525878906,48.742610931396484,-0.06035977974534035,-0.029284654185175896,864.509521484375,-0.5041921138763428,1123.9053955078125,-0.8525837659835815,1051.117919921875,-0.7588849067687988,1140.8782958984375,-0.8580915331840515,0.7417276501655579,0.521967351436615,0.29313793778419495,0.2890220284461975,0.29664820432662964,0.3000457286834717,-0.005868945270776749,-0.007209040690213442,0.0010435647564008832,0.0038621234707534313,0.0043566869571805,0.004938539117574692,1.8106603622436523,0.3017767369747162,0.005341185722500086,-0.0010783514007925987,-0.16242508590221405,2.839366912841797,5780582.0
38.5,48.73622131347656,-0.0639076828956604,-0.03547903150320053,864.4591064453125,-0.5038356184959412,1123.8201904296875,-0.8518491983413696,1051.0421142578125,-0.7583021521568298,1140.79248046875,-0.8571451902389526,0.7411414980888367,0.5212485194206238,0.29324495792388916,0.2894105911254883,0.29708829522132874,0.30054596066474915,-0.005853850860148668,-0.007167650852352381,0.0010965201072394848,0.003909603226929903,0.004446107894182205,0.005067295394837856,1.8139325380325317,0.3023220896720886,0.005524334032088518,-0.0010670084739103913,-0.16071659326553345,2.8389687538146973,5779771.0
38.599998474121094,48.7293701171875,-0.06852275878190994,-0.046150729060173035,864.4087524414062,-0.5034774541854858,1123.7349853515625,-0.8511008620262146,1050.96630859375,-0.7577139139175415,1140.7069091796875,-0.8561656475067139,0.7405568957328796,0.5205338597297668,0.29335734248161316,0.2898041605949402,0.29753783345222473,0.3010600805282593,-0.005838495213538408,-0.007125705946236849,0.0011513743083924055,0.003961963579058647,0.004545451607555151,0.005216662771999836,1.8173314332962036,0.30288857221603394,0.005750412121415138,-0.0010552734602242708,-0.15894901752471924,2.8385705947875977,5778961.0
38.70000076293945,48.7219352722168,-0.0743507668375969,-0.05828011780977249,864.3583984375,-0.5031175017356873,1123.64990234375,-0.8503360152244568,1050.8905029296875,-0.7571194171905518,1140.621337890625,-0.8551453351974487,0.7399738430976868,0.5198233723640442,0.29347532987594604,0.2902032434940338,0.29799795150756836,0.3015904724597931,-0.005822816397994757,-0.007083056028932333,0.0012086648494005203,0.004020452033728361,0.0046577127650380135,0.005393144208937883,1.8208849430084229,0.3034808337688446,0.006025419570505619,-0.0010430418187752366,-0.15710663795471191,2.8381731510162354,5778151.5
38.79999923706055,48.713775634765625,-0.08158261328935623,-0.07231848686933517,864.30810546875,-0.5027556419372559,1123.56494140625,-0.8495516180992126,1050.8148193359375,-0.7565179467201233,1140.5357666015625,-0.85407555103302,0.7393923401832581,0.5191172361373901,0.2935991883277893,0.29060855507850647,0.29847005009651184,0.3021402060985565,-0.005806742236018181,-0.007039524614810944,0.0012690172297880054,0.004086511675268412,0.004786283243447542,0.005603584460914135,1.824625849723816,0.3041042983531952,0.006358162499964237,-0.0010301925940439105,-0.1551712453365326,2.837775707244873,5777342.5
38.900001525878906,48.70476150512695,-0.09014082700014114,-0.08558209985494614,864.2578735351562,-0.5023916363716125,1123.47998046875,-0.84874427318573,1050.7392578125,-0.7559084892272949,1140.450439453125,-0.8529470562934875,0.7388125061988831,0.5184155106544495,0.2937292754650116,0.291020929813385,0.2989560067653656,0.30271291732788086,-0.005790197756141424,-0.006994929630309343,0.0013330747606232762,0.004161606542766094,0.004934448283165693,0.005853623617440462,1.8285880088806152,0.30476465821266174,0.006747530773282051,-0.0010166119318455458,-0.15312567353248596,2.83737850189209,5776534.0
39.0,48.69478988647461,-0.09973499178886414,-0.09594163298606873,864.2076416015625,-0.5020253658294678,1123.3951416015625,-0.8479109406471252,1050.6636962890625,-0.7552899122238159,1140.365234375,-0.8517518639564514,0.7382343411445618,0.5177183151245117,0.29386597871780396,0.29144129157066345,0.2994578778743744,0.3033127784729004,-0.005773116368800402,-0.006949109025299549,0.0014014007756486535,0.004246976692229509,0.005104733165353537,0.006145982537418604,1.8328019380569458,0.30546697974205017,0.007185047492384911,-0.0010022107744589448,-0.15095652639865875,2.836981773376465,5775726.0
39.099998474121094,48.683753967285156,-0.11036062985658646,-0.10625644773244858,864.157470703125,-0.5016564726829529,1123.3104248046875,-0.8470483422279358,1050.588134765625,-0.7546609044075012,1140.2801513671875,-0.8504819869995117,0.737657904624939,0.5170257687568665,0.2940097451210022,0.29187077283859253,0.29997798800468445,0.30394405126571655,-0.005755431950092316,-0.006901905406266451,0.0014745388180017471,0.004343792796134949,0.005299371667206287,0.006482459604740143,1.8372972011566162,0.30621621012687683,0.00767316110432148,-0.0009869011119008064,-0.14865052700042725,2.836585283279419,5774919.0
39.20000076293945,48.67156219482422,-0.12192417681217194,-0.11563542485237122,864.1072998046875,-0.5012847781181335,1123.2257080078125,-0.8461533188819885,1050.5126953125,-0.7540202140808105,1140.1951904296875,-0.8491297960281372,0.7370832562446594,0.5163379907608032,0.2941611111164093,0.29231056571006775,0.30051884055137634,0.3046112358570099,-0.005737080704420805,-0.006853161845356226,0.001553021720610559,0.004453180357813835,0.005520386155694723,0.006864313036203384,1.8421034812927246,0.3070172369480133,0.008210190571844578,-0.0009706026175990701,-0.14619559049606323,2.836189031600952,5774112.0
39.29999923706055,48.65813446044922,-0.13424761593341827,-0.12323440611362457,864.0571899414062,-0.5009099245071411,1123.1412353515625,-0.8452227115631104,1050.4373779296875,-0.753366231918335,1140.1103515625,-0.8476881384849548,0.7365105152130127,0.5156552195549011,0.29432061314582825,0.29276198148727417,0.3010832369327545,0.3053189218044281,-0.00571800209581852,-0.006802734918892384,0.0016373319085687399,0.00457612331956625,0.0057693361304700375,0.00729157030582428,1.8472480773925781,0.3078746795654297,0.008791484870016575,-0.0009532508556731045,-0.14358200132846832,2.8357930183410645,5773306.0
39.400001525878906,48.643428802490234,-0.1470717340707779,-0.12824121117591858,864.0071411132812,-0.5005315542221069,1123.0567626953125,-0.8442535996437073,1050.362060546875,-0.7526973485946655,1140.025634765625,-0.8461509943008423,0.7359396815299988,0.5149775147438049,0.2944888174533844,0.2932263910770416,0.30167391896247864,0.30607151985168457,-0.005698145367205143,-0.006750503089278936,0.0017278658924624324,0.0047133746556937695,0.00604710727930069,0.007762572728097439,1.8527541160583496,0.3087923526763916,0.009409254416823387,-0.0009348037419840693,-0.14080344140529633,2.835397481918335,5772500.5
39.5,48.62742233276367,-0.1600467413663864,-0.12975004315376282,863.9570922851562,-0.5001492500305176,1122.9722900390625,-0.8432435989379883,1050.286865234375,-0.7520120143890381,1139.9410400390625,-0.8445140719413757,0.735370934009552,0.5143051743507385,0.29466643929481506,0.2937052547931671,0.3022938370704651,0.30687323212623596,-0.005677473731338978,-0.006696378346532583,0.0018248924752697349,0.0048653618432581425,0.0063536809757351875,0.008273526094853878,1.8586390018463135,0.30977317690849304,0.010051997378468513,-0.0009152495767921209,-0.13785812258720398,2.8350021839141846,5771696.0
39.599998474121094,48.610164642333984,-0.172580748796463,-0.12534010410308838,863.9071044921875,-0.499762624502182,1122.8880615234375,-0.8421910405158997,1050.211669921875,-0.7513085603713989,1139.856689453125,-0.8427761197090149,0.7348042130470276,0.5136383175849915,0.294854074716568,0.29420006275177,0.3029457926750183,0.3077276945114136,-0.0056559741497039795,-0.006640332750976086,0.0019284619484096766,0.005031962413340807,0.0066875736229121685,0.008817082270979881,1.8649089336395264,0.3108181655406952,0.010698367841541767,-0.0008946277666836977,-0.13475199043750763,2.8346071243286133,5770891.5
39.70000076293945,48.59173583984375,-0.1842888444662094,-0.11708087474107742,863.8571166992188,-0.49937114119529724,1122.803955078125,-0.8410951495170593,1050.1365966796875,-0.7505854368209839,1139.7725830078125,-0.8409384489059448,0.7342397570610046,0.5129771828651428,0.2950523793697357,0.29471221566200256,0.30363237857818604,0.30863773822784424,-0.005633654538542032,-0.006582389585673809,0.002038429258391261,0.005212575197219849,0.007046107202768326,0.009383714757859707,1.87156081199646,0.31192681193351746,0.011334497481584549,-0.0008730109548196197,-0.13149598240852356,2.834212303161621,5770088.0
39.79999923706055,48.572227478027344,-0.19510839879512787,-0.10819564759731293,863.8071899414062,-0.4989743232727051,1122.7198486328125,-0.8399555683135986,1050.0615234375,-0.7498412132263184,1139.6884765625,-0.8390035629272461,0.7336775064468384,0.512321949005127,0.29526200890541077,0.29524311423301697,0.3043559193611145,0.3096051812171936,-0.0056105321273207664,-0.006522594951093197,0.0021545756608247757,0.005406429525464773,0.007426308002322912,0.00996472779661417,1.8785873651504517,0.31309789419174194,0.011957711540162563,-0.0008504770812578499,-0.12810185551643372,2.833817958831787,5769285.0
39.900001525878906,48.551719665527344,-0.20504628121852875,-0.09937869757413864,863.75732421875,-0.4985716640949249,1122.6358642578125,-0.8387719392776489,1049.986572265625,-0.7490745782852173,1139.604736328125,-0.8369739651679993,0.7331176996231079,0.5116727352142334,0.2954835593700409,0.2957940101623535,0.3051184415817261,0.31063112616539,-0.005586626008152962,-0.006460997741669416,0.0022766664624214172,0.0056127323769032955,0.007825324311852455,0.01055322214961052,1.8859807252883911,0.314330130815506,0.012567104771733284,-0.0008271036203950644,-0.12458126246929169,2.8334238529205322,5768482.5
40.0,48.530250549316406,-0.214723601937294,-0.09677333384752274,863.70751953125,-0.49816256761550903,1122.5521240234375,-0.837543249130249,1049.9117431640625,-0.7482842206954956,1139.5211181640625,-0.8348498344421387,0.7325602173805237,0.511029839515686,0.29571759700775146,0.2963661551475525,0.305921733379364,0.311716228723526,-0.0055619338527321815,-0.00639759749174118,0.002404653700068593,0.005831171292811632,0.008241788484156132,0.011147892102599144,1.8937419652938843,0.3156236708164215,0.013186190277338028,-0.0008029142627492547,-0.120937779545784,2.8330302238464355,5767681.0
40.099998474121094,48.50782012939453,-0.22427985072135925,-0.0955623984336853,863.65771484375,-0.49774646759033203,1122.4683837890625,-0.8362679481506348,1049.8369140625,-0.7474690079689026,1139.437744140625,-0.8326294422149658,0.7320052981376648,0.5103933215141296,0.29596471786499023,0.2969607412815094,0.3067675232887268,0.3128611743450165,-0.005536441225558519,-0.006332359742373228,0.0025386151392012835,0.006061752326786518,0.008675286546349525,0.01175028644502163,1.9018784761428833,0.3169797360897064,0.013819053769111633,-0.0007779208244755864,-0.11717317998409271,2.832636594772339,5766880.0
40.20000076293945,48.484458923339844,-0.2336304932832718,-0.09350651502609253,863.6079711914062,-0.49732285737991333,1122.3848876953125,-0.8349447250366211,1049.76220703125,-0.7466276288032532,1139.3546142578125,-0.8303112983703613,0.731453001499176,0.5097634196281433,0.29622554779052734,0.2975790202617645,0.30765748023986816,0.3140667974948883,-0.005510132759809494,-0.0062652528285980225,0.002678618300706148,0.006304460112005472,0.009125377982854843,0.012361366301774979,1.9103972911834717,0.3183995485305786,0.014462597668170929,-0.0007521424558945,-0.11329034715890884,2.8322436809539795,5766079.5
40.29999923706055,48.460182189941406,-0.24276554584503174,-0.09135042876005173,863.5582275390625,-0.496891051530838,1122.3013916015625,-0.8335720300674438,1049.6876220703125,-0.7457588315010071,1139.271728515625,-0.8278940916061401,0.7309033274650574,0.5091403126716614,0.29650068283081055,0.2982221245765686,0.3085932731628418,0.3153339624404907,-0.005482995882630348,-0.0061962478794157505,0.002824720460921526,0.006559254601597786,0.009591587819159031,0.012981654144823551,1.9193048477172852,0.31988415122032166,0.015117057599127293,-0.0007255990640260279,-0.10929229110479355,2.83185076713562,5765280.0
40.400001525878906,48.43504333496094,-0.2513639032840729,-0.0859835147857666,863.5086059570312,-0.4964505136013031,1122.2181396484375,-0.8321488499641418,1049.613037109375,-0.7448615431785583,1139.1890869140625,-0.8253776431083679,0.7303563952445984,0.5085242390632629,0.29679074883461,0.2988913357257843,0.30957645177841187,0.31666356325149536,-0.005455028265714645,-0.006125342100858688,0.0029768766835331917,0.006825846154242754,0.010072793811559677,0.01360941119492054,1.9286025762557983,0.32143375277519226,0.015769610181450844,-0.0006983383791521192,-0.10518618673086166,2.831458330154419,5764481.0
40.5,48.40909957885742,-0.2594452202320099,-0.08081326633691788,863.458984375,-0.49600061774253845,1122.135009765625,-0.8306744694709778,1049.5386962890625,-0.7439344525337219,1139.106689453125,-0.822762668132782,0.7298123240470886,0.5079153180122375,0.297096312046051,0.29958775639533997,0.3106084167957306,0.31805619597435,-0.005426232237368822,-0.006052546668797731,0.0031350019853562117,0.007103851996362209,0.010567690245807171,0.01424252800643444,1.9382898807525635,0.32304832339286804,0.016421496868133545,-0.0006704061524942517,-0.10097894072532654,2.831066370010376,5763683.0
40.599998474121094,48.38238525390625,-0.26714086532592773,-0.07695652544498444,863.4093627929688,-0.49554070830345154,1122.052001953125,-0.8291478157043457,1049.46435546875,-0.7429765462875366,1139.0245361328125,-0.8200490474700928,0.7292712330818176,0.5073137879371643,0.2974179983139038,0.3003125488758087,0.3116905391216278,0.31951236724853516,-0.005396605469286442,-0.005977857857942581,0.0032990560866892338,0.007393009960651398,0.011075379326939583,0.014880340546369553,1.9483683109283447,0.3247280418872833,0.01707763597369194,-0.00064183707581833,-0.09667576849460602,2.830674648284912,5762885.5
40.70000076293945,48.35495376586914,-0.27431946992874146,-0.07178608328104019,863.35986328125,-0.495070219039917,1121.9691162109375,-0.8275680541992188,1049.3900146484375,-0.7419866919517517,1138.942626953125,-0.817237138748169,0.7287330627441406,0.5067198276519775,0.2977563440799713,0.3010668158531189,0.31282398104667664,0.3210325241088867,-0.005366148892790079,-0.005901281256228685,0.003468971699476242,0.00769299641251564,0.011594840325415134,0.015521734952926636,1.9588381052017212,0.3264729976654053,0.017732037231326103,-0.0006126769003458321,-0.09228355437517166,2.8302831649780273,5762088.5
40.79999923706055,48.32686233520508,-0.2809024751186371,-0.06583007425069809,863.3103637695312,-0.4945884346961975,1121.886474609375,-0.825934648513794,1049.31591796875,-0.7409638166427612,1138.861083984375,-0.8143278360366821,0.7281979918479919,0.5061336159706116,0.29811200499534607,0.3018515706062317,0.3140099346637726,0.3226168751716614,-0.005334869027137756,-0.005822836421430111,0.003644630778580904,0.008003370836377144,0.01212479081004858,0.016164828091859818,1.9696967601776123,0.32828280329704285,0.018381258472800255,-0.0005829780711792409,-0.087810218334198,2.829892158508301,5761293.0
40.900001525878906,48.29816818237305,-0.286977618932724,-0.06075144186615944,863.2609252929688,-0.4940947890281677,1121.803955078125,-0.8242469429969788,1049.2418212890625,-0.7399069666862488,1138.77978515625,-0.8113220930099487,0.7276661396026611,0.5055553317070007,0.29848551750183105,0.30266788601875305,0.31524935364723206,0.32426559925079346,-0.005302770528942347,-0.005742538720369339,0.0038259285502135754,0.008323733694851398,0.012664135545492172,0.016808463260531425,1.9809426069259644,0.3301571011543274,0.019028495997190475,-0.0005527856410481036,-0.08326251804828644,2.8295016288757324,5760497.5
41.0,48.26893997192383,-0.29225945472717285,-0.05281834676861763,863.2115478515625,-0.4935886263847351,1121.7216796875,-0.8225046992301941,1049.16796875,-0.738815188407898,1138.69873046875,-0.8082219362258911,0.7271375060081482,0.5049852132797241,0.29887741804122925,0.3035167157649994,0.3165431022644043,0.3259785771369934,-0.005269868299365044,-0.005660428665578365,0.0040126703679561615,0.008653471246361732,0.01321124192327261,0.01744983159005642,1.9925693273544312,0.33209487795829773,0.01966059021651745,-0.0005221687606535852,-0.07865090668201447,2.8291115760803223,5759703.0
41.099998474121094,48.23924255371094,-0.29698437452316284,-0.047249000519514084,863.1622314453125,-0.49306929111480713,1121.6395263671875,-0.8207076191902161,1049.0941162109375,-0.7376875877380371,1138.6181640625,-0.8050291538238525,0.7266122102737427,0.5044233202934265,0.29928824305534363,0.30439895391464233,0.3178918659687042,0.32775548100471497,-0.005236175376921892,-0.005576540715992451,0.00420468719676137,0.008992047049105167,0.013764780014753342,0.01808738522231579,2.0045716762542725,0.3340952694416046,0.02028721198439598,-0.0004911764990538359,-0.07398273795843124,2.828721761703491,5758909.5
41.20000076293945,48.20912551879883,-0.30115196108818054,-0.04167582467198372,863.1129150390625,-0.49253615736961365,1121.5574951171875,-0.8188554048538208,1049.0203857421875,-0.7365233302116394,1138.537841796875,-0.8017450571060181,0.7260903120040894,0.5038699507713318,0.29971855878829956,0.30531546473503113,0.31929630041122437,0.3295959532260895,-0.005201701540499926,-0.005490901879966259,0.00440183887258172,0.009339007548987865,0.014323703944683075,0.01872047781944275,2.0169458389282227,0.3361576199531555,0.02090681903064251,-0.000459857692476362,-0.06926538795232773,2.8283324241638184,5758117.0
41.29999923706055,48.17863464355469,-0.3049112856388092,-0.03759336844086647,863.063720703125,-0.4919886291027069,1121.4757080078125,-0.8169475197792053,1048.94677734375,-0.7353217005729675,1138.457763671875,-0.7983704209327698,0.725571870803833,0.5033252239227295,0.30016881227493286,0.3062670826911926,0.32075682282447815,0.33149948716163635,-0.005166451912373304,-0.005403527058660984,0.004604026675224304,0.009694009087979794,0.01488732360303402,0.019349461421370506,2.0296897888183594,0.33828163146972656,0.02152523398399353,-0.000428248371463269,-0.06450428068637848,2.8279433250427246,5757325.0
41.400001525878906,48.14780807495117,-0.3082718551158905,-0.03360572084784508,863.0145263671875,-0.49142611026763916,1121.3941650390625,-0.8149834275245667,1048.873291015625,-0.7340818047523499,1138.378173828125,-0.7949057817459106,0.7250570058822632,0.502789318561554,0.3006395697593689,0.3072545826435089,0.32227393984794617,0.3334657549858093,-0.005130428820848465,-0.0053144278936088085,0.004811172839254141,0.010056769475340843,0.015455138869583607,0.019974999129772186,2.0428028106689453,0.3404671549797058,0.022142022848129272,-0.00039638366433791816,-0.05970470607280731,2.827554941177368,5756534.0
41.5,48.11670684814453,-0.31101807951927185,-0.027462134137749672,862.9653930664062,-0.4908479154109955,1121.312744140625,-0.8129630088806152,1048.7999267578125,-0.7328030467033386,1138.298828125,-0.7913528084754944,0.7245458364486694,0.5022624135017395,0.3011312484741211,0.3082787096500397,0.3238479793071747,0.33549433946609497,-0.005093644838780165,-0.005223636049777269,0.005023118574172258,0.010426809079945087,0.016026129946112633,0.0205958541482687,2.0562801361083984,0.3427133560180664,0.02274692803621292,-0.00036431715125218034,-0.054874733090400696,2.827166795730591,5755744.0
41.599998474121094,48.08543014526367,-0.31275758147239685,-0.017395032569766045,862.9163818359375,-0.4902535080909729,1121.2315673828125,-0.8108868598937988,1048.726806640625,-0.7314847707748413,1138.2198486328125,-0.7877156734466553,0.724038302898407,0.5017446279525757,0.30164435505867004,0.3093401789665222,0.3254792094230652,0.33758455514907837,-0.0050561330281198025,-0.005131235346198082,0.005239517893642187,0.010803197510540485,0.016598083078861237,0.021207179874181747,2.0701072216033936,0.34501785039901733,0.023321280255913734,-0.00033213579445146024,-0.05002746731042862,2.8267791271209717,5754955.0
41.70000076293945,48.05406951904297,-0.31360936164855957,-0.00851783063262701,862.8673706054688,-0.48964229226112366,1121.1505126953125,-0.8087558746337891,1048.6536865234375,-0.7301263809204102,1138.1412353515625,-0.7839992046356201,0.7235346436500549,0.5012362003326416,0.3021793067455292,0.3104395568370819,0.3271675407886505,0.3397352397441864,-0.00501793110743165,-0.005037322174757719,0.005459985230118036,0.011184916831552982,0.017168661579489708,0.021804461255669594,2.0842671394348145,0.34737786650657654,0.023868905380368233,-0.0002999162534251809,-0.04517444223165512,2.82639217376709,5754167.0
41.79999923706055,48.022708892822266,-0.31360405683517456,5.297019743011333e-05,862.8184204101562,-0.489013671875,1121.06982421875,-0.8065709471702576,1048.5806884765625,-0.7287274599075317,1138.0631103515625,-0.7802080512046814,0.7230347394943237,0.5007372498512268,0.3027365207672119,0.31157734990119934,0.32891279458999634,0.34194475412368774,-0.004979076329618692,-0.004941991064697504,0.005684142932295799,0.01157099474221468,0.01773575134575367,0.022384382784366608,2.0987439155578613,0.34979066252708435,0.024388402700424194,-0.0002677323645912111,-0.0403267927467823,2.826005458831787,5753379.5
41.900001525878906,47.991432189941406,-0.31276488304138184,0.008391792885959148,862.7695922851562,-0.48836714029312134,1120.9892578125,-0.8043331503868103,1048.5079345703125,-0.727287769317627,1137.9852294921875,-0.7763472199440002,0.7225388288497925,0.5002478957176208,0.30331626534461975,0.3127538859844208,0.33071449398994446,0.34421128034591675,-0.004939607810229063,-0.004845339804887772,0.005911601707339287,0.011960441246628761,0.018297292292118073,0.022944103926420212,2.1135201454162598,0.35225337743759155,0.024878373369574547,-0.00023565578158013523,-0.03549530729651451,2.8256192207336426,5752593.5
42.0,47.960304260253906,-0.3112702965736389,0.014945934526622295,862.7207641601562,-0.4877021312713623,1120.908935546875,-0.8020434975624084,1048.435302734375,-0.7258070111274719,1137.9078369140625,-0.7724209427833557,0.7220468521118164,0.4997682273387909,0.3039189279079437,0.31396952271461487,0.33257195353507996,0.3465327024459839,-0.00489956047385931,-0.004747455939650536,0.0061420174315571785,0.01235240139067173,0.01885167509317398,0.023482371121644974,2.1285808086395264,0.3547634482383728,0.02534482255578041,-0.00020374283485580236,-0.030688464641571045,2.8252336978912354,5751808.5
42.099998474121094,47.92937088012695,-0.309337854385376,0.019324367865920067,862.6720581054688,-0.4870181381702423,1120.828857421875,-0.7997026443481445,1048.36279296875,-0.7242851257324219,1137.8306884765625,-0.7684323787689209,0.7215589284896851,0.49929842352867126,0.3045447766780853,0.31522443890571594,0.3344844877719879,0.34890690445899963,-0.004858959000557661,-0.00464840279892087,0.0063751391135156155,0.012746264226734638,0.01939801685512066,0.024000059813261032,2.1439146995544434,0.3573191165924072,0.025795865803956985,-0.00017203111201524734,-0.025911932811141014,2.8248486518859863,5751024.5
42.20000076293945,47.89866256713867,-0.3071132302284241,0.02224615588784218,862.6233520507812,-0.48631471395492554,1120.7490234375,-0.7973109483718872,1048.2904052734375,-0.7227219939231873,1137.754150390625,-0.7643834352493286,0.7210751175880432,0.4988386034965515,0.30519407987594604,0.3165188431739807,0.3364512324333191,0.3513319194316864,-0.004817820154130459,-0.004548221826553345,0.00661079166457057,0.01314161904156208,0.01993601582944393,0.024499371647834778,2.159514904022217,0.35991916060447693,0.026236867532134056,-0.00014054568600840867,-0.02116948738694191,2.8244640827178955,5750242.0
42.29999923706055,47.86819076538086,-0.30469757318496704,0.024156775325536728,862.5747680664062,-0.4855913817882538,1120.6693115234375,-0.7948687076568604,1048.21826171875,-0.7211175560951233,1137.6778564453125,-0.7602755427360535,0.7205954194068909,0.4983888268470764,0.3058670461177826,0.31785282492637634,0.33847135305404663,0.35380610823631287,-0.004776153713464737,-0.004446941893547773,0.006848855875432491,0.01353820227086544,0.02046574465930462,0.02498304285109043,2.175377130508423,0.3625628650188446,0.026671746745705605,-0.00010930295684374869,-0.016463598236441612,2.824080228805542,5749460.0
42.400001525878906,47.8380126953125,-0.30177274346351624,0.029248083010315895,862.5262451171875,-0.4848477244377136,1120.5899658203125,-0.7923766374588013,1048.146240234375,-0.7194717526435852,1137.60205078125,-0.7561115026473999,0.7201198935508728,0.4979492425918579,0.3065639138221741,0.3192265033721924,0.3405440151691437,0.3563278615474701,-0.004733983892947435,-0.004344621207565069,0.007089101709425449,0.013935473747551441,0.02098650485277176,0.025450732558965683,2.19149112701416,0.36524853110313416,0.027083981782197952,-7.834641291992739e-05,-0.011800813488662243,2.8236968517303467,5748679.5
42.5,47.80818557739258,-0.2982860803604126,0.034866828471422195,862.477783203125,-0.4840833246707916,1120.5108642578125,-0.7898358106613159,1048.0743408203125,-0.7177846431732178,1137.526611328125,-0.7518954277038574,0.7196485996246338,0.49751994013786316,0.3072849214076996,0.3206399083137512,0.34266823530197144,0.3588954508304596,-0.004691343288868666,-0.004241343587636948,0.007331205066293478,0.014332677237689495,0.021497013047337532,0.025900259613990784,2.2078423500061035,0.3679737150669098,0.027470052242279053,-4.7723915486130863e-05,-0.007188344839960337,2.8233139514923096,5747900.5
42.599998474121094,47.77876281738281,-0.2942217290401459,0.04064328223466873,862.429443359375,-0.48329782485961914,1120.4320068359375,-0.7872476577758789,1048.002685546875,-0.716056227684021,1137.45166015625,-0.7476319670677185,0.7191816568374634,0.4971010088920593,0.30803021788597107,0.3220929801464081,0.34484291076660156,0.36150699853897095,-0.004648270085453987,-0.004137203097343445,0.007574811577796936,0.014728986658155918,0.021995846182107925,0.02632923796772957,2.2244136333465576,0.37073561549186707,0.027827201411128044,-1.7484564523329027e-05,-0.002633586758747697,2.8229317665100098,5747122.0
42.70000076293945,47.749786376953125,-0.28978231549263,0.04439433664083481,862.3811645507812,-0.4824908673763275,1120.3533935546875,-0.7846132516860962,1047.93115234375,-0.7142868041992188,1137.3770751953125,-0.7433249354362488,0.718718945980072,0.4966925382614136,0.3087999224662781,0.3235856294631958,0.34706687927246094,0.3641603887081146,-0.004604795482009649,-0.004032278433442116,0.007819623686373234,0.015123735181987286,0.02248205989599228,0.02673700638115406,2.2411913871765137,0.37353190779685974,0.028163710609078407,1.2339884051471017e-05,0.0018586769001558423,2.8225502967834473,5746345.5
42.79999923706055,47.7213020324707,-0.28481268882751465,0.04969608038663864,862.3329467773438,-0.48166215419769287,1120.275146484375,-0.7819340825080872,1047.85986328125,-0.7124766111373901,1137.302978515625,-0.7389786839485168,0.7182607054710388,0.4962945878505707,0.30959418416023254,0.32511764764785767,0.34933874011039734,0.36685338616371155,-0.0045609562657773495,-0.003926660865545273,0.008065301924943924,0.015516163781285286,0.022954478859901428,0.027122097089886665,2.2581593990325928,0.3763599097728729,0.028469517827033997,4.17045594076626e-05,0.006281687878072262,2.822169303894043,5745570.0
42.900001525878906,47.69337463378906,-0.2792799472808838,0.055327460169792175,862.2847900390625,-0.48081135749816895,1120.197021484375,-0.7792118787765503,1047.7886962890625,-0.710625946521759,1137.2293701171875,-0.7345987558364868,0.7178068161010742,0.4959072172641754,0.3104130029678345,0.3266887366771698,0.35165712237358093,0.36958369612693787,-0.004516796674579382,-0.0038204588927328587,0.008311443962156773,0.015905367210507393,0.023411568254232407,0.027482014149427414,2.2752981185913086,0.37921634316444397,0.028741179034113884,7.056188042042777e-05,0.01062827929854393,2.821789264678955,5744796.0
43.0,47.666038513183594,-0.2733708322048187,0.05909129977226257,862.2367553710938,-0.47993820905685425,1120.1192626953125,-0.7764483094215393,1047.7176513671875,-0.7087352871894836,1137.1561279296875,-0.7301896810531616,0.717357337474823,0.49553051590919495,0.311256468296051,0.32829853892326355,0.3540203869342804,0.3723486363887787,-0.004472355358302593,-0.0037137693725526333,0.008557697758078575,0.01629057712852955,0.023852217942476273,0.027815843001008034,2.2925899028778076,0.38209831714630127,0.028986327350139618,9.888024214887992e-05,0.014893691055476665,2.8214097023010254,5744023.0
43.099998474121094,47.63933563232422,-0.2670421898365021,0.06328630447387695,862.1888427734375,-0.47904253005981445,1120.041748046875,-0.7736450433731079,1047.6468505859375,-0.7068051099777222,1137.083251953125,-0.7257562279701233,0.7169123291969299,0.4951644837856293,0.3121245205402374,0.3299466371536255,0.35642683506011963,0.37514564394950867,-0.004427671432495117,-0.0036066891625523567,0.008803709410130978,0.016671042889356613,0.024275388568639755,0.0281227920204401,2.3100175857543945,0.3850029408931732,0.029200496152043343,0.00012662445078603923,0.019072622060775757,2.821030855178833,5743252.0
43.20000076293945,47.61330032348633,-0.26033228635787964,0.06709913164377213,862.1409912109375,-0.47812414169311523,1119.964599609375,-0.7708038687705994,1047.5762939453125,-0.7048360109329224,1137.010986328125,-0.721303403377533,0.716471791267395,0.49480918049812317,0.31301718950271606,0.331632524728775,0.35887467861175537,0.37797197699546814,-0.0043827868066728115,-0.0034993195440620184,0.00904911756515503,0.017045997083187103,0.024680014699697495,0.028401954099535942,2.3275625705718994,0.3879270851612091,0.02938402257859707,0.00015376262308564037,0.023160267621278763,2.820652723312378,5742482.0
43.29999923706055,47.58797073364258,-0.2533014416694641,0.07030842453241348,862.0932006835938,-0.4771828353404999,1119.8875732421875,-0.7679266333580017,1047.5059814453125,-0.7028287053108215,1136.9390869140625,-0.7168358564376831,0.716035783290863,0.494464635848999,0.313934326171875,0.333355575799942,0.3613620400428772,0.3808247745037079,-0.004337740130722523,-0.0033917578402906656,0.00929357297718525,0.017414718866348267,0.025065205991268158,0.028652900829911232,2.3452072143554688,0.39086785912513733,0.029538333415985107,0.00018026804900728166,0.027152609080076218,2.82027530670166,5741713.5
43.400001525878906,47.56338119506836,-0.2459021955728531,0.07399234920740128,862.0455322265625,-0.4762185215950012,1119.8109130859375,-0.7650153636932373,1047.435791015625,-0.7007838487625122,1136.8675537109375,-0.7123587131500244,0.7156042456626892,0.49413082003593445,0.31487584114074707,0.3351151645183563,0.36388686299324036,0.38370123505592346,-0.0042925747111439705,-0.0032841088250279427,0.00953670497983694,0.017776450142264366,0.025429947301745415,0.028874719515442848,2.3629324436187744,0.3938220739364624,0.029659073799848557,0.00020611008221749216,0.03104502707719803,2.8198986053466797,5740947.0
43.5,47.53955078125,-0.23828351497650146,0.07618686556816101,861.9979858398438,-0.4752311110496521,1119.734619140625,-0.7620719075202942,1047.36572265625,-0.6987022757530212,1136.7965087890625,-0.7078765034675598,0.7151772975921631,0.4938077926635742,0.31584158539772034,0.33691054582595825,0.3664471507072449,0.3865984082221985,-0.004247328732162714,-0.0031764674931764603,0.00977818202227354,0.018130527809262276,0.025773542001843452,0.029067445546388626,2.380720853805542,0.39678680896759033,0.02975291572511196,0.00023127070744521916,0.034834809601306915,2.8195226192474365,5740181.5
43.599998474121094,47.51649856567383,-0.23053501546382904,0.07748494297266006,861.9505004882812,-0.4742205739021301,1119.6585693359375,-0.7590980529785156,1047.2960205078125,-0.6965848803520203,1136.7259521484375,-0.7033931612968445,0.7147548198699951,0.49349552392959595,0.3168313801288605,0.3387409448623657,0.36904069781303406,0.38951346278190613,-0.004202036187052727,-0.0030689144041389227,0.010017728433012962,0.018476452678442,0.026095716282725334,0.029232226312160492,2.398557662963867,0.39975959062576294,0.02982334978878498,0.00025573960738256574,0.03852039948105812,2.8191475868225098,5739418.0
43.70000076293945,47.49424743652344,-0.22252145409584045,0.08013560622930527,861.9031372070312,-0.4731869101524353,1119.582763671875,-0.756095826625824,1047.2264404296875,-0.6944325566291809,1136.6558837890625,-0.6989132165908813,0.7143368721008301,0.49319401383399963,0.31784504652023315,0.3406054675579071,0.371665358543396,0.39244356751441956,-0.004156734328716993,-0.0029615433886647224,0.010255019180476665,0.01881360076367855,0.026395851746201515,0.02936878800392151,2.4164254665374756,0.4027375876903534,0.02986159734427929,0.0002794949396047741,0.0420985147356987,2.8187732696533203,5738656.0
43.79999923706055,47.47282409667969,-0.21423748135566711,0.08283980190753937,861.8558349609375,-0.4721301198005676,1119.50732421875,-0.7530673742294312,1047.1571044921875,-0.6922463178634644,1136.586181640625,-0.6944417953491211,0.713923454284668,0.4929032027721405,0.3188822865486145,0.34250324964523315,0.3743188977241516,0.39538589119911194,-0.004111468326300383,-0.002854461781680584,0.010489688254892826,0.01914125494658947,0.02667306549847126,0.029475955292582512,2.434304714202881,0.4057174324989319,0.02986624278128147,0.00030251452699303627,0.04556580260396004,2.8183999061584473,5737895.5
43.900001525878906,47.452205657958984,-0.20619000494480133,0.08047471940517426,861.8087158203125,-0.47105032205581665,1119.43212890625,-0.7500141859054565,1047.0880126953125,-0.6900270581245422,1136.5169677734375,-0.68998122215271,0.7135145664215088,0.49262309074401855,0.3199428617954254,0.34443333745002747,0.37699905037879944,0.39833757281303406,-0.0040662577375769615,-0.002747718943282962,0.010721580125391483,0.019459238275885582,0.026927974075078964,0.02955729514360428,2.452185869216919,0.4086976647377014,0.029865382239222527,0.00032481906237080693,0.04892539232969284,2.8180272579193115,5737137.0
44.0,47.432373046875,-0.19832631945610046,0.07863689213991165,861.7616577148438,-0.46994754672050476,1119.3572998046875,-0.7469373345375061,1047.0191650390625,-0.6877759695053101,1136.4482421875,-0.6855324506759644,0.7131102085113525,0.4923536479473114,0.321026474237442,0.34639471769332886,0.3797036111354828,0.40129631757736206,-0.004021113272756338,-0.0026413395535200834,0.010950634256005287,0.019767604768276215,0.027161752805113792,0.029617253690958023,2.470064640045166,0.41167742013931274,0.029855411499738693,0.0003464248147793114,0.0521797277033329,2.817655563354492,5736380.0
44.099998474121094,47.413291931152344,-0.19077585637569427,0.07550462335348129,861.7147216796875,-0.46882200241088867,1119.2828369140625,-0.7438376545906067,1046.950439453125,-0.6854938864707947,1136.3798828125,-0.6810959577560425,0.7127103209495544,0.49209481477737427,0.3221328556537628,0.3483864665031433,0.3824305534362793,0.40426021814346313,-0.003976040054112673,-0.002535334788262844,0.011176839470863342,0.020066527649760246,0.02737581729888916,0.029660243541002274,2.487938165664673,0.4146563708782196,0.02984479069709778,0.0003673589089885354,0.05533289164304733,2.81728458404541,5735625.0
44.20000076293945,47.39494705200195,-0.1834549456834793,0.07320915162563324,861.6678466796875,-0.46767380833625793,1119.2086181640625,-0.7407160401344299,1046.882080078125,-0.6831818222999573,1136.31201171875,-0.6766719222068787,0.7123149633407593,0.49184656143188477,0.32326173782348633,0.3504076302051544,0.38517799973487854,0.40722769498825073,-0.003931042738258839,-0.0024297148920595646,0.011400187388062477,0.020356185734272003,0.027571488171815872,0.0296896044164896,2.5058047771453857,0.41763412952423096,0.029829271137714386,0.0003876413684338331,0.05838790908455849,2.8169145584106445,5734872.0
44.29999923706055,47.37733840942383,-0.17608901858329773,0.07365921884775162,861.6211547851562,-0.46650317311286926,1119.1346435546875,-0.7375738620758057,1046.8138427734375,-0.6808406114578247,1136.2445068359375,-0.6722625494003296,0.711924135684967,0.4916088581085205,0.3244127631187439,0.35245731472969055,0.3879441022872925,0.4101974070072174,-0.003886140650138259,-0.0023245273623615503,0.011620532721281052,0.020636405795812607,0.027749035507440567,0.029704943299293518,2.523655414581299,0.4206092357635498,0.02979312650859356,0.0004072689334861934,0.06134428456425667,2.8165454864501953,5734120.5
44.400001525878906,47.36048126220703,-0.16859163343906403,0.07497381418943405,861.5745849609375,-0.46531030535697937,1119.06103515625,-0.7344129681587219,1046.745849609375,-0.6784713864326477,1136.177490234375,-0.6678715944290161,0.711537778377533,0.4913816452026367,0.3255856931209564,0.3545345067977905,0.3907270133495331,0.4131678640842438,-0.003841365920379758,-0.002219849033281207,0.011837624944746494,0.020906757563352585,0.027907991781830788,0.029703790321946144,2.541475772857666,0.42357927560806274,0.029731137678027153,0.0004262310976628214,0.06420043110847473,2.8161773681640625,5733371.0
44.5,47.34437942504883,-0.1610230803489685,0.075685515999794,861.528076171875,-0.46409547328948975,1118.98779296875,-0.7312352061271667,1046.6781005859375,-0.6760750412940979,1136.1109619140625,-0.6635026335716248,0.7111558318138123,0.4911648631095886,0.32678017020225525,0.35663822293281555,0.3935248851776123,0.4161372780799866,-0.003796750446781516,-0.0021157562732696533,0.012051216326653957,0.02116682380437851,0.028047924861311913,0.029684320092201233,2.559251308441162,0.42654186487197876,0.029646197333931923,0.0004445223603397608,0.06695552170276642,2.815810203552246,5732623.5
44.599998474121094,47.32904052734375,-0.15338310599327087,0.07639985531568527,861.4817504882812,-0.4628588855266571,1118.914794921875,-0.728042483329773,1046.610595703125,-0.6736525893211365,1136.0447998046875,-0.6591593027114868,0.7107784152030945,0.49095845222473145,0.32799577713012695,0.35876744985580444,0.39633578062057495,0.4191037714481354,-0.003752324730157852,-0.002012323820963502,0.012261067517101765,0.021416211500763893,0.02816847711801529,0.02964525856077671,2.576968193054199,0.4294946789741516,0.029537422582507133,0.00046213724999688566,0.06960874050855637,2.815443992614746,5731878.0
44.70000076293945,47.3144645690918,-0.14573469758033752,0.07648401707410812,861.435546875,-0.4616008996963501,1118.8421630859375,-0.7248367071151733,1046.54345703125,-0.6712052822113037,1135.9791259765625,-0.6548447608947754,0.7104053497314453,0.4907623529434204,0.32923221588134766,0.3609210252761841,0.3991577625274658,0.4220653772354126,-0.0037081176415085793,-0.0019096201285719872,0.012466962449252605,0.02165459468960762,0.028269466012716293,0.029586104676127434,2.5946133136749268,0.432435542345047,0.029408099129796028,0.0004790756502188742,0.07216006517410278,2.8150789737701416,5731134.5
44.79999923706055,47.300655364990234,-0.1380952149629593,0.07639479637145996,861.3894653320312,-0.4603218138217926,1118.7698974609375,-0.7216196060180664,1046.4764404296875,-0.6687341332435608,1135.913818359375,-0.650562047958374,0.7100367546081543,0.49057650566101074,0.33048900961875916,0.3630979061126709,0.4019888639450073,0.4250200390815735,-0.00366415549069643,-0.0018077087588608265,0.012668709270656109,0.021881701424717903,0.028350843116641045,0.029506847262382507,2.6121745109558105,0.43536242842674255,0.02925880067050457,0.000495338870678097,0.07460968941450119,2.8147146701812744,5730393.0
44.900001525878906,47.287628173828125,-0.13027194142341614,0.07823269814252853,861.3434448242188,-0.4590219557285309,1118.6978759765625,-0.7183933258056641,1046.40966796875,-0.6662403345108032,1135.8489990234375,-0.6463154554367065,0.7096725106239319,0.4904007911682129,0.3317657709121704,0.365296870470047,0.4048270881175995,0.4279656708240509,-0.0036204757634550333,-0.001706678420305252,0.012866019271314144,0.022097032517194748,0.028411921113729477,0.029405483976006508,2.6296353340148926,0.43827253580093384,0.029076887294650078,0.0005109119811095297,0.07695536315441132,2.8143515586853027,5729653.5
45.0,47.275394439697266,-0.12233731895685196,0.07934628427028656,861.297607421875,-0.45770174264907837,1118.626220703125,-0.7151602506637573,1046.3431396484375,-0.6637251377105713,1135.7845458984375,-0.6421095132827759,0.7093126773834229,0.4902351200580597,0.3330620229244232,0.36751678586006165,0.40767034888267517,0.4309000074863434,-0.0035771175753325224,-0.0016066243406385183,0.013058587908744812,0.02230004407465458,0.028451919555664062,0.029280079528689384,2.646977424621582,0.44116291403770447,0.028866326436400414,0.0005257861339487135,0.07919576019048691,2.8139894008636475,5728916.5
45.099998474121094,47.263973236083984,-0.11423955857753754,0.08097758144140244,861.251953125,-0.4563615024089813,1118.5548095703125,-0.711922824382782,1046.27685546875,-0.66118985414505,1135.7205810546875,-0.6379491090774536,0.7089570760726929,0.490079402923584,0.3343772888183594,0.3697563707828522,0.41051656007766724,0.4338204860687256,-0.003534122370183468,-0.0015076455892995,0.013246094807982445,0.02249017171561718,0.028469998389482498,0.029128804802894592,2.664182186126709,0.44403037428855896,0.028622746467590332,0.0005399480578489602,0.08132888376712799,2.8136281967163086,5728181.0
45.20000076293945,47.25340270996094,-0.10569018125534058,0.0854937806725502,861.2063598632812,-0.45500174164772034,1118.4837646484375,-0.7086841464042664,1046.2109375,-0.6586357951164246,1135.656982421875,-0.633841335773468,0.7086058259010315,0.4899335503578186,0.3357110023498535,0.37201425433158875,0.41336336731910706,0.43672433495521545,-0.003491550451144576,-0.001409887452609837,0.013428053818643093,0.022666439414024353,0.02846423164010048,0.028946712613105774,2.681222438812256,0.4468703866004944,0.02832634374499321,0.0005533603252843022,0.0833490863442421,2.8132681846618652,5727448.0
45.29999923706055,47.24373245239258,-0.09668496996164322,0.09005210548639297,861.1609497070312,-0.45362287759780884,1118.4130859375,-0.7054479122161865,1046.1451416015625,-0.6560646295547485,1135.5938720703125,-0.6297945976257324,0.7082587480545044,0.4897973835468292,0.33706262707710266,0.37428903579711914,0.41620829701423645,0.4396081566810608,-0.003449472598731518,-0.0013135216431692243,0.013603887520730495,0.02282765880227089,0.028432179242372513,0.02872808277606964,2.6980655193328857,0.44967758655548096,0.02797517739236355,0.000565985101275146,0.08525066822767258,2.8129091262817383,5726717.5
45.400001525878906,47.23500061035156,-0.08732210099697113,0.09362873435020447,861.1156616210938,-0.45222538709640503,1118.3426513671875,-0.7022178173065186,1046.0797119140625,-0.6534778475761414,1135.531005859375,-0.625817060470581,0.7079159021377563,0.4896707832813263,0.3384315073490143,0.3765791356563568,0.41904860734939575,0.44246813654899597,-0.0034079577308148146,-0.0012187130050733685,0.013773046433925629,0.022972730919718742,0.028371764346957207,0.028469128534197807,2.7146809101104736,0.4524467885494232,0.027573466300964355,0.0005777927581220865,0.08702918142080307,2.812551259994507,5725989.0
45.5,47.22724533081055,-0.07757990807294846,0.09742191433906555,861.0704956054688,-0.4508098363876343,1118.2725830078125,-0.698997437953949,1046.0145263671875,-0.6508773565292358,1135.4686279296875,-0.6219168305397034,0.7075771689414978,0.4895535707473755,0.33981695771217346,0.37888288497924805,0.42188137769699097,0.44530004262924194,-0.003367074765264988,-0.001125628245063126,0.013934980146586895,0.02310057170689106,0.028281018137931824,0.02816680260002613,2.731036424636841,0.45517274737358093,0.02711779810488224,0.0005887519801035523,0.08867990225553513,2.812194585800171,5725262.5
45.599998474121094,47.22053146362305,-0.06711043417453766,0.10469475388526917,861.0254516601562,-0.44937679171562195,1118.202880859375,-0.6957916617393494,1045.9495849609375,-0.6482650637626648,1135.4066162109375,-0.6181049346923828,0.7072424292564392,0.4894455671310425,0.34121817350387573,0.3811984658241272,0.4247034192085266,0.4480992555618286,-0.003326915903016925,-0.0010344895999878645,0.01408893708139658,0.02320961467921734,0.028156718239188194,0.027814459055662155,2.7470908164978027,0.457848459482193,0.026582997292280197,0.0005988022312521935,0.09019370377063751,2.8118388652801514,5724538.5
45.70000076293945,47.2149658203125,-0.05566542223095894,0.11445009708404541,860.9805908203125,-0.4479268491268158,1118.1334228515625,-0.6926061511039734,1045.8848876953125,-0.6456430554389954,1135.3450927734375,-0.6143958568572998,0.7069117426872253,0.48934656381607056,0.342634379863739,0.38352394104003906,0.4275111258029938,0.45086026191711426,-0.0032876015175133944,-0.0009455883409827948,0.01423391979187727,0.02329770289361477,0.027994178235530853,0.02740183100104332,2.762789011001587,0.46046483516693115,0.025949757546186447,0.0006078619044274092,0.0915582999587059,2.8114843368530273,5723817.0
45.79999923706055,47.21066665649414,-0.04300267621874809,0.12662748992443085,860.9359130859375,-0.44646069407463074,1118.0643310546875,-0.6894479990005493,1045.8204345703125,-0.6430138945579529,1135.2838134765625,-0.6108071804046631,0.7065848708152771,0.489256352186203,0.3440645635128021,0.3858570456504822,0.43030041456222534,0.4535764157772064,-0.0032492782920598984,-0.0008592793601565063,0.01436870638281107,0.023362156003713608,0.027787478640675545,0.026916280388832092,2.778064727783203,0.4630107879638672,0.025197844952344894,0.0006158290198072791,0.09275834262371063,2.811131000518799,5723097.5
45.900001525878906,47.2077751159668,-0.028902258723974228,0.14100416004657745,860.8912963867188,-0.4449790418148041,1117.99560546875,-0.6863253116607666,1045.7562255859375,-0.6403802633285522,1135.222900390625,-0.607359766960144,0.7062618136405945,0.48917460441589355,0.3455076515674591,0.388195276260376,0.4330664873123169,0.4562397003173828,-0.0032121192198246717,-0.000775981112383306,0.014491849578917027,0.023399781435728073,0.027529574930667877,0.02634340152144432,2.792839765548706,0.4654732942581177,0.024307653307914734,0.0006225832621566951,0.0937756896018982,2.810778856277466,5722380.5
46.0,47.206417083740234,-0.013578927144408226,0.15323331952095032,860.846923828125,-0.44348272681236267,1117.9271240234375,-0.6832464337348938,1045.6923828125,-0.6377454400062561,1135.162353515625,-0.6040744781494141,0.7059423923492432,0.48910102248191833,0.3469623923301697,0.39053577184677124,0.43580392003059387,0.45884081721305847,-0.0031762972939759493,-0.0006961132166907191,0.014601913280785084,0.0234074629843235,0.0272139310836792,0.025672249495983124,2.807034969329834,0.46783915162086487,0.023288972675800323,0.0006280224188230932,0.09459494799375534,2.8104279041290283,5721666.0
46.099998474121094,47.206687927246094,0.0026892737951129675,0.16268201172351837,860.8026123046875,-0.44197261333465576,1117.85888671875,-0.6802194118499756,1045.628662109375,-0.6351128816604614,1135.10205078125,-0.6009699702262878,0.7056264877319336,0.4890352189540863,0.3484274446964264,0.39287543296813965,0.4385066628456116,0.46136966347694397,-0.0031419696751981974,-0.0006200524512678385,0.01469762809574604,0.023382550105452538,0.026835592463612556,0.024897795170545578,2.8205792903900146,0.47009652853012085,0.022156545892357826,0.0006320676766335964,0.09520426392555237,2.8100781440734863,5720954.0
46.20000076293945,47.208641052246094,0.01952853798866272,0.16839264333248138,860.7584838867188,-0.44044971466064453,1117.791015625,-0.6772514581680298,1045.5653076171875,-0.6324864029884338,1135.0421142578125,-0.5980615615844727,0.7053139209747314,0.4889768362045288,0.3499012887477875,0.3952108919620514,0.44116830825805664,0.46381592750549316,-0.003109265584498644,-0.0005481092957779765,0.01477797981351614,0.023323073983192444,0.02639162167906761,0.02402123436331749,2.8334133625030518,0.4722355604171753,0.020933521911501884,0.0006346719455905259,0.09559652209281921,2.80972957611084,5720244.0
46.29999923706055,47.212303161621094,0.03663281351327896,0.1710427701473236,860.7145385742188,-0.43891504406929016,1117.7235107421875,-0.6743488907814026,1045.502197265625,-0.629869818687439,1134.982421875,-0.5953609943389893,0.7050045728683472,0.48892542719841003,0.35138237476348877,0.39753860235214233,0.443782240152359,0.46616968512535095,-0.0030782867688685656,-0.00048052414786070585,0.014842221513390541,0.023227745667099953,0.025881044566631317,0.023048710078001022,2.8454906940460205,0.4742484390735626,0.019640205428004265,0.0006358136888593435,0.095768503844738,2.809382200241089,5719537.0
46.400001525878906,47.21767044067383,0.05368327349424362,0.17050457000732422,860.6707153320312,-0.43736979365348816,1117.6561279296875,-0.6715170741081238,1045.4393310546875,-0.6272671818733215,1134.9229736328125,-0.5928763151168823,0.7046982049942017,0.48888054490089417,0.35286906361579895,0.39985495805740356,0.4463418126106262,0.4684218466281891,-0.0030491051729768515,-0.0004174652276560664,0.014889875426888466,0.02309597283601761,0.025304749608039856,0.021990282461047173,2.8567776679992676,0.4761296212673187,0.018299609422683716,0.0006354983779601753,0.09572100639343262,2.8090360164642334,5718832.0
46.5,47.224735260009766,0.07064831256866455,0.16965040564537048,860.6270751953125,-0.4358152151107788,1117.589111328125,-0.6687608361244202,1045.376708984375,-0.6246823668479919,1134.8638916015625,-0.5906139016151428,0.7043946981430054,0.4888417422771454,0.3543596565723419,0.4021562933921814,0.44884052872657776,0.4705643355846405,-0.0030217780731618404,-0.0003590646665543318,0.014920602552592754,0.022927500307559967,0.02466442622244358,0.02085615135729313,2.8672475814819336,0.4778745770454407,0.01691589131951332,0.0006337339873425663,0.09545524418354034,2.8086910247802734,5718129.5
46.599998474121094,47.23344039916992,0.08702214807271957,0.16373838484287262,860.5835571289062,-0.4342525899410248,1117.5224609375,-0.666083812713623,1045.314453125,-0.6221194267272949,1134.804931640625,-0.5885756015777588,0.7040938138961792,0.4888085424900055,0.35585248470306396,0.40443897247314453,0.451272189617157,0.47259026765823364,-0.0029963285196572542,-0.0003053689142689109,0.014934377744793892,0.022722862660884857,0.023963768035173416,0.01966058649122715,2.8768887519836426,0.47948145866394043,0.015527722425758839,0.0006305710994638503,0.09497884660959244,2.808347225189209,5717430.0
46.70000076293945,47.24369430541992,0.10255217552185059,0.15530027449131012,860.5402221679688,-0.4326833486557007,1117.4559326171875,-0.6634882092475891,1045.2523193359375,-0.6195819973945618,1134.74609375,-0.5867588520050049,0.703795313835144,0.4887804687023163,0.3573458790779114,0.40669944882392883,0.4536310136318207,0.4744943380355835,-0.00297274230979383,-0.00025633431505411863,0.01493151020258665,0.022483397275209427,0.02320840023458004,0.01842108741402626,2.8857064247131348,0.48095110058784485,0.014156544581055641,0.0006260816589929163,0.09430262446403503,2.808004856109619,5716732.5
46.79999923706055,47.25545120239258,0.1175573542714119,0.1500517576932907,860.4970092773438,-0.43110892176628113,1117.3897705078125,-0.6609763503074646,1045.1904296875,-0.617073655128479,1134.6875,-0.5851618051528931,0.7034991383552551,0.48875707387924194,0.35883814096450806,0.4089342951774597,0.455911785364151,0.476272851228714,-0.0029510105960071087,-0.00021192949498072267,0.0149122579023242,0.022210288792848587,0.022403176873922348,0.017149757593870163,2.8937039375305176,0.48228397965431213,0.01278440561145544,0.000620310427621007,0.09343334287405014,2.8076634407043457,5716038.0
46.900001525878906,47.268653869628906,0.1320427656173706,0.14485405385494232,860.4539794921875,-0.4295308291912079,1117.32373046875,-0.6585505604743958,1045.12890625,-0.6145978569984436,1134.6290283203125,-0.5837831497192383,0.7032050490379333,0.48873791098594666,0.36032766103744507,0.41114017367362976,0.4581097364425659,0.4779230058193207,-0.0029311287216842175,-0.00017213485261891037,0.0148768350481987,0.021904582157731056,0.021552270278334618,0.01585487276315689,2.900881767272949,0.4834802746772766,0.011415677145123482,0.0006133017595857382,0.0923776775598526,2.807323455810547,5715345.5
47.0,47.28323745727539,0.14585329592227936,0.13810531795024872,860.4111328125,-0.42795059084892273,1117.258056640625,-0.6562127470970154,1045.0675048828125,-0.6121577620506287,1134.57080078125,-0.5826197266578674,0.7029128670692444,0.48872247338294983,0.36181285977363586,0.41331392526626587,0.4602205157279968,0.47944292426109314,-0.0029130778275430202,-0.00013689478510059416,0.01482558436691761,0.02156762033700943,0.020660419017076492,0.014545422047376633,2.907247304916382,0.4845412075519562,0.010065153241157532,0.0006051131640560925,0.09114427864551544,2.8069846630096436,5714656.0
47.099998474121094,47.299102783203125,0.15862838923931122,0.12775097787380219,860.368408203125,-0.4263698160648346,1117.1925048828125,-0.6539633274078369,1045.0064697265625,-0.6097564101219177,1134.5125732421875,-0.5816645622253418,0.7026223540306091,0.48871034383773804,0.3632921576499939,0.4154525101184845,0.4622403681278229,0.48083174228668213,-0.002896806923672557,-0.00010607508738758042,0.014759133569896221,0.021201424300670624,0.019733939319849014,0.013234209269285202,2.9128224849700928,0.48547041416168213,0.008762305602431297,0.0005958323599770665,0.0897463709115982,2.806647300720215,5713969.0
47.20000076293945,47.316131591796875,0.17030946910381317,0.1168108657002449,860.3258666992188,-0.42479008436203003,1117.127197265625,-0.6518019437789917,1044.945556640625,-0.6073965430259705,1134.4544677734375,-0.5809080004692078,0.7023334503173828,0.48870110511779785,0.36476412415504456,0.4175531268119812,0.46416613459587097,0.48208993673324585,-0.0028822440654039383,-7.949029532028362e-05,0.014678293839097023,0.020808428525924683,0.018779916688799858,0.011934714391827583,2.9176390171051025,0.4862731695175171,0.007515342906117439,0.0005855521885678172,0.08819793909788132,2.8063108921051025,5713284.5
47.29999923706055,47.334232330322266,0.18097656965255737,0.10667101293802261,860.283447265625,-0.4232129454612732,1117.0621337890625,-0.6497278213500977,1044.885009765625,-0.6050806045532227,1134.3963623046875,-0.5803402662277222,0.7020458579063416,0.48869428038597107,0.36622726917266846,0.41961321234703064,0.4659954607486725,0.48321929574012756,-0.002869313582777977,-5.694817809853703e-05,0.014583894051611423,0.020391058176755905,0.017805039882659912,0.010657597333192825,2.921729326248169,0.4869548976421356,0.006323087029159069,0.0005743586225435138,0.08651191741228104,2.805975914001465,5712602.5
47.400001525878906,47.35330581665039,0.1907445639371872,0.09767992794513702,860.2412109375,-0.4216400384902954,1116.997314453125,-0.6477404236793518,1044.8245849609375,-0.6028106808662415,1134.33837890625,-0.5799519419670105,0.7017595171928406,0.4886895418167114,0.3676803708076477,0.4216304421424866,0.4677264988422394,0.484222412109375,-0.0028579451609402895,-3.826664760708809e-05,0.0144767165184021,0.019951583817601204,0.016815217211842537,0.009410131722688675,2.925124406814575,0.4875207543373108,0.005181524436920881,0.0005623279139399529,0.08469980955123901,2.8056421279907227,5711923.0
47.5,47.37326431274414,0.1995929330587387,0.08848372101783752,860.1990966796875,-0.4200729429721832,1116.9326171875,-0.6458386182785034,1044.764404296875,-0.6005887985229492,1134.2803955078125,-0.5797334909439087,0.7014741897583008,0.4886865019798279,0.36912214756011963,0.42360273003578186,0.46935805678367615,0.4851025342941284,-0.002848064759746194,-2.3258096916833892e-05,0.014357558451592922,0.019492261111736298,0.01581602729856968,0.008198277093470097,2.927856683731079,0.4879761040210724,0.004095728509128094,0.0005495380610227585,0.0827733650803566,2.805309772491455,5711246.0
47.599998474121094,47.394039154052734,0.2077394425868988,0.08146499842405319,860.1571655273438,-0.4185131788253784,1116.8680419921875,-0.6440215706825256,1044.7044677734375,-0.5984165072441101,1134.222412109375,-0.5796763896942139,0.7011898159980774,0.488684743642807,0.3705514371395111,0.4255281686782837,0.47088944911956787,0.4858633875846863,-0.0028396076522767544,-1.1755721970985178e-05,0.014227130450308323,0.01901509240269661,0.014812088571488857,0.007024917285889387,2.9299540519714355,0.48832568526268005,0.0030531289521604776,0.0005360487848520279,0.08074156194925308,2.804978370666504,5710571.5
47.70000076293945,47.41558837890625,0.21550807356834412,0.07768640667200089,860.1154174804688,-0.41696229577064514,1116.8038330078125,-0.6422893404960632,1044.644775390625,-0.5962953567504883,1134.1644287109375,-0.5797750949859619,0.7009062170982361,0.4886839985847473,0.3719671368598938,0.42740505933761597,0.4723203480243683,0.4865087568759918,-0.0028325319290161133,-3.6502499369817087e-06,0.014085928909480572,0.0185215026140213,0.013806216418743134,0.005887855309993029,2.9314351081848145,0.48857250809669495,0.002033382887020707,0.0005218922160565853,0.07860924303531647,2.8046483993530273,5709899.5
47.79999923706055,47.4378776550293,0.22288411855697632,0.07376041263341904,860.0737915039062,-0.4154217839241028,1116.7396240234375,-0.6406418085098267,1044.585205078125,-0.5942267179489136,1134.1064453125,-0.5800250172615051,0.7006232738494873,0.48868387937545776,0.37336820363998413,0.4292318522930145,0.47365063428878784,0.4870421290397644,-0.0028268026653677225,1.150210323430656e-06,0.013934379443526268,0.018012717366218567,0.012800585478544235,0.004784220829606056,2.932314157485962,0.48871901631355286,0.0010396316647529602,0.000507101824041456,0.07638146728277206,2.804319381713867,5709230.0
47.900001525878906,47.460880279541016,0.23001042008399963,0.0712629184126854,860.0323486328125,-0.41389307379722595,1116.6756591796875,-0.639079213142395,1044.52587890625,-0.5922118425369263,1134.0484619140625,-0.5804222822189331,0.7003408074378967,0.4886840879917145,0.3747536242008209,0.4310070276260376,0.47488048672676086,0.48746663331985474,-0.0028223914559930563,2.722077624639496e-06,0.013772847130894661,0.01748979277908802,0.011796807870268822,0.003710663877427578,2.932603359222412,0.48876723647117615,6.286677671596408e-05,0.0004916989710181952,0.07406143844127655,2.8039917945861816,5708563.0
48.0,47.48455047607422,0.23672133684158325,0.06710925698280334,859.9910278320312,-0.41237756609916687,1116.61181640625,-0.637601375579834,1044.466796875,-0.5902519822120667,1133.9903564453125,-0.5809622406959534,0.7000587582588196,0.4886842966079712,0.376122385263443,0.4327292740345001,0.47601011395454407,0.4877852201461792,-0.0028192629106342793,1.1583790637814673e-06,0.013601754792034626,0.01695389859378338,0.01079679187387228,0.0026660209987312555,2.9323182106018066,0.4887197017669678,-0.0008838677895255387,0.00047571907634846866,0.07165448367595673,2.8036653995513916,5707898.5
48.099998474121094,47.50881576538086,0.24265462160110474,0.05933283641934395,859.9498291015625,-0.41087666153907776,1116.548095703125,-0.6362070441246033,1044.4078369140625,-0.5883480310440063,1133.9322509765625,-0.5816366672515869,0.6997769474983215,0.48868420720100403,0.3774735927581787,0.4343973398208618,0.4770400822162628,0.4880010187625885,-0.0028173530008643866,-3.3775868359953165e-06,0.013421779498457909,0.016406822949647903,0.00980405230075121,0.0016548321582376957,2.9314863681793213,0.4885810613632202,-0.0017741067567840219,0.0004592282057274133,0.06917057186365128,2.803340196609497,5707236.0
48.20000076293945,47.53358459472656,0.24767646193504333,0.05021844804286957,859.9088134765625,-0.4093916714191437,1116.484619140625,-0.6348940134048462,1044.34912109375,-0.5865009427070618,1133.8740234375,-0.5824348330497742,0.699495255947113,0.4886835217475891,0.3788064122200012,0.4360102713108063,0.4779713451862335,0.48811769485473633,-0.00281657581217587,-1.0670501069398597e-05,0.013233783654868603,0.015850774943828583,0.008823125623166561,0.0006844569579698145,2.930145740509033,0.4883576035499573,-0.002597450278699398,0.00044230386265553534,0.06662137061357498,2.803016185760498,5706576.5
48.29999923706055,47.55876922607422,0.2518724501132965,0.04195990413427353,859.8679809570312,-0.4079238772392273,1116.421142578125,-0.6336598992347717,1044.29052734375,-0.5847111940383911,1133.815673828125,-0.5833458304405212,0.6992135643959045,0.48868197202682495,0.38012006878852844,0.43756723403930664,0.4788053035736084,0.48813965916633606,-0.0028168451972305775,-2.0502822735579684e-05,0.013038629665970802,0.015287923626601696,0.007858243770897388,-0.00023940067330840975,2.9283344745635986,0.4880557358264923,-0.003358316607773304,0.00042501636198721826,0.06401745975017548,2.8026931285858154,5705919.0
48.400001525878906,47.58430099487305,0.25531354546546936,0.034410908818244934,859.8272705078125,-0.4064745008945465,1116.3577880859375,-0.6325021982192993,1044.232177734375,-0.5829792618751526,1133.75732421875,-0.5843594670295715,0.6989318132400513,0.48867931962013245,0.38141387701034546,0.43906766176223755,0.4795437455177307,0.4880717098712921,-0.0028180794324725866,-3.266947896918282e-05,0.012837125919759274,0.014720267616212368,0.006913003511726856,-0.0011133464286103845,2.926088809967041,0.48768147826194763,-0.004059934057295322,0.00040742993587628007,0.061368536204099655,2.8023715019226074,5705264.0
48.5,47.610084533691406,0.2578136920928955,0.02500144951045513,859.7866821289062,-0.40504470467567444,1116.294677734375,-0.6314180493354797,1044.1739501953125,-0.5813052654266357,1133.6988525390625,-0.5854641795158386,0.6986499428749084,0.4886753559112549,0.3826872706413269,0.44051116704940796,0.48018884658813477,0.4879190921783447,-0.002820186084136367,-4.693946539191529e-05,0.012630168348550797,0.014149990864098072,0.00599137507379055,-0.0019327504560351372,2.923449993133545,0.48724165558815,-0.004687903914600611,0.00038962482358329,0.05868666619062424,2.802050828933716,5704611.5
48.599998474121094,47.63602066040039,0.259386271238327,0.015725845471024513,859.7462158203125,-0.40363556146621704,1116.2315673828125,-0.6304041147232056,1044.1158447265625,-0.579689085483551,1133.6402587890625,-0.5866478085517883,0.6983677744865417,0.48866987228393555,0.3839397430419922,0.4418976306915283,0.4807431101799011,0.48768749833106995,-0.002823066199198365,-6.3066188886296e-05,0.01241870503872633,0.013579357415437698,0.005097410175949335,-0.0026929364539682865,2.920461654663086,0.48674359917640686,-0.00524240592494607,0.00037168004200793803,0.0559837631881237,2.8017313480377197,5703961.0
48.70000076293945,47.66200637817383,0.2598552107810974,0.0046891761012375355,859.7059326171875,-0.4022480845451355,1116.1685791015625,-0.6294564604759216,1044.0579833984375,-0.5781304836273193,1133.58154296875,-0.5878967046737671,0.6980852484703064,0.4886626899242401,0.3851708769798279,0.4432271420955658,0.48120957612991333,0.487383097410202,-0.0028266096487641335,-8.077573875198141e-05,0.012203773483633995,0.013010822236537933,0.004235533531755209,-0.0033882088027894497,2.917172908782959,0.48619550466537476,-0.005710015073418617,0.0003536897711455822,0.0532740019261837,2.801413059234619,5703313.0
48.79999923706055,47.687950134277344,0.25943607091903687,-0.004191229119896889,859.665771484375,-0.4008832573890686,1116.105712890625,-0.6285711526870728,1044.000244140625,-0.5766287446022034,1133.522705078125,-0.5891981720924377,0.6978024244308472,0.48865365982055664,0.3863804042339325,0.4444999694824219,0.4815916419029236,0.4870125651359558,-0.0028307121247053146,-9.980969480238855e-05,0.011986344121396542,0.012446634471416473,0.003409439232200384,-0.004015486221760511,2.913630723953247,0.4856051206588745,-0.006105071399360895,0.00033572979737073183,0.05056880787014961,2.801095724105835,5702667.0
48.900001525878906,47.71379470825195,0.2584497332572937,-0.009863440878689289,859.6257934570312,-0.3995419144630432,1116.0428466796875,-0.6277451515197754,1043.942626953125,-0.5751832723617554,1133.463623046875,-0.5905423760414124,0.6975191235542297,0.48864269256591797,0.38756808638572693,0.4457166790962219,0.48189297318458557,0.4865826368331909,-0.002835294231772423,-0.00011997103138128296,0.011767156422138214,0.011888421140611172,0.002621007850393653,-0.004577084444463253,2.909869909286499,0.4849783182144165,-0.0064485520124435425,0.0003178488404955715,0.04787551239132881,2.8007795810699463,5702023.0
49.0,47.7394905090332,0.256930410861969,-0.01519305631518364,859.5858764648438,-0.398224800825119,1115.9801025390625,-0.6269754767417908,1043.88525390625,-0.5737930536270142,1133.404541015625,-0.5919212698936462,0.6972353458404541,0.48862963914871216,0.38873380422592163,0.44687795639038086,0.4821173846721649,0.4860996603965759,-0.002840287983417511,-0.00014109064068179578,0.011546839028596878,0.011337514035403728,0.0018712934106588364,-0.0050767576321959496,2.905921220779419,0.48432019352912903,-0.006741963792592287,0.00030009259353391826,0.04520100727677345,2.800464391708374,5701381.5
49.099998474121094,47.76498794555664,0.25497519969940186,-0.01955234631896019,859.546142578125,-0.3969326317310333,1115.91748046875,-0.6262595057487488,1043.827880859375,-0.5724571347236633,1133.3453369140625,-0.5933273434638977,0.6969510316848755,0.48861443996429443,0.38987743854522705,0.4479845464229584,0.4822688102722168,0.48556962609291077,-0.002845631679520011,-0.00016301598225254565,0.011325953528285027,0.01079505868256092,0.001160863321274519,-0.005518561694771051,2.9018118381500244,0.4836353361606598,-0.006992088630795479,0.00028249865863472223,0.0425509437918663,2.800150156021118,5700742.0
49.20000076293945,47.79024887084961,0.25260138511657715,-0.023738006129860878,859.5064697265625,-0.3956660330295563,1115.8548583984375,-0.6255946159362793,1043.770751953125,-0.5711745023727417,1133.285888671875,-0.5947538614273071,0.6966661810874939,0.48859700560569763,0.3909989893436432,0.4490373432636261,0.482351154088974,0.4849981367588043,-0.002851268509402871,-0.00018560538592282683,0.011105016805231571,0.01026207022368908,0.0004899825435131788,-0.00590631365776062,2.8975675106048584,0.48292791843414307,-0.0072001307271420956,0.0002651030372362584,0.03993075340986252,2.799837112426758,5700104.5
49.29999923706055,47.81525802612305,0.25009584426879883,-0.025055356323719025,859.4669799804688,-0.39442554116249084,1115.7923583984375,-0.6249786615371704,1043.713623046875,-0.569943904876709,1133.226318359375,-0.5961962342262268,0.6963807940483093,0.488577276468277,0.39209845662117004,0.4500373601913452,0.4823683500289917,0.4843903183937073,-0.0028571588918566704,-0.00020876100461464375,0.010884382762014866,0.009739140048623085,-0.00014219200238585472,-0.006246240809559822,2.8932056427001953,0.48220095038414,-0.0073859901167452335,0.00024791742907837033,0.03734219819307327,2.799525022506714,5699469.0
49.400001525878906,47.84003448486328,0.24779416620731354,-0.023016929626464844,859.4276123046875,-0.39321160316467285,1115.7298583984375,-0.6244106888771057,1043.65673828125,-0.5687643885612488,1133.1666259765625,-0.5976533889770508,0.6960947513580322,0.4885552227497101,0.39317587018013,0.4509855806827545,0.48232415318489075,0.48375043272972107,-0.0028632921166718006,-0.0002324560919078067,0.01066413801163435,0.009226193651556969,-0.00073820078978315,-0.006548420991748571,2.888731002807617,0.4814551770687103,-0.007572412956506014,0.00023092488117981702,0.03478272259235382,2.7992138862609863,5698835.5
49.5,47.864627838134766,0.2459041178226471,-0.01890038140118122,859.3883666992188,-0.39202460646629333,1115.66748046875,-0.6238904595375061,1043.599853515625,-0.5676348805427551,1133.1068115234375,-0.5991272926330566,0.6958081126213074,0.4885307848453522,0.39423128962516785,0.4518829584121704,0.4822219908237457,0.4830816984176636,-0.002869680989533663,-0.00025672040646895766,0.010444162413477898,0.008722645230591297,-0.0013017791789025068,-0.006824686657637358,2.8841376304626465,0.4806895852088928,-0.0077737257815897465,0.00021409073087852448,0.03224710375070572,2.798903703689575,5698204.0
49.599998474121094,47.88908004760742,0.24452050030231476,-0.013836144469678402,859.3491821289062,-0.39086487889289856,1115.6051025390625,-0.6234182715415955,1043.543212890625,-0.5665544271469116,1133.046875,-0.6006212830543518,0.69552081823349,0.4885038733482361,0.39526471495628357,0.4527304470539093,0.4820649027824402,0.48238611221313477,-0.002876351121813059,-0.00028161529917269945,0.010224220342934132,0.008227637968957424,-0.001837146352045238,-0.007086318451911211,2.8794138431549072,0.4799022972583771,-0.007997131906449795,0.00019737216643989086,0.02972889132797718,2.7985942363739014,5697574.5
49.70000076293945,47.91341018676758,0.24333226680755615,-0.011882380582392216,859.3101806640625,-0.3897327184677124,1115.542724609375,-0.622994065284729,1043.486572265625,-0.565522313117981,1132.9866943359375,-0.6021370887756348,0.6952328085899353,0.48847442865371704,0.3962761163711548,0.45352882146835327,0.481855571269989,0.4816648066043854,-0.002883313689380884,-0.0003071681421715766,0.010004202835261822,0.007740648463368416,-0.002347327768802643,-0.0073391348123550415,2.874554395675659,0.47909238934516907,-0.008222702890634537,0.0001807528460631147,0.02722563035786152,2.798285961151123,5696946.5
49.79999923706055,47.937644958496094,0.2423173040151596,-0.010149670764803886,859.271240234375,-0.3886283040046692,1115.48046875,-0.6226173639297485,1043.4300537109375,-0.5645378828048706,1132.9263916015625,-0.6036753058433533,0.6949441432952881,0.48844239115715027,0.39726555347442627,0.4542788863182068,0.48159635066986084,0.4809185266494751,-0.002890571253374219,-0.0003333839413244277,0.009784085676074028,0.00726137263700366,-0.002834554761648178,-0.007585876155644655,2.8695578575134277,0.4782596230506897,-0.008450634777545929,0.00016421831969637424,0.024735141545534134,2.797978401184082,5696320.5
49.900001525878906,47.96178436279297,0.24142253398895264,-0.00894773006439209,859.232421875,-0.3875519037246704,1115.418212890625,-0.6222877502441406,1043.3736572265625,-0.5636004209518433,1132.865966796875,-0.6052361726760864,0.6946547031402588,0.4884077310562134,0.39823293685913086,0.45498138666152954,0.48128950595855713,0.4801478385925293,-0.0028981242794543505,-0.0003602616779971868,0.009563864208757877,0.0067895702086389065,-0.003300722921267152,-0.007828127592802048,2.864423990249634,0.47740399837493896,-0.008677917532622814,0.00014775861927773803,0.022255925461649895,2.7976717948913574,5695696.0
50.0,47.985862731933594,0.24076290428638458,-0.006596200168132782,859.1937255859375,-0.3865036368370056,1115.35595703125,-0.6220048069953918,1043.3173828125,-0.5627093315124512,1132.8052978515625,-0.6068206429481506,0.6943644881248474,0.4883703291416168,0.39917832612991333,0.4556370675563812,0.4809369742870331,0.47935301065444946,-0.0029059783555567265,-0.0003878142742905766,0.009343485347926617,0.006324879825115204,-0.003747927723452449,-0.008068185299634933,2.8591501712799072,0.47652503848075867,-0.008912797085940838,0.00013135398330632597,0.019785000011324883,2.797366142272949,5695073.5
50.099998474121094,48.00985336303711,0.23991671204566956,-0.008461958728730679,859.1551513671875,-0.38548365235328674,1115.2938232421875,-0.6217676401138306,1043.2611083984375,-0.5618640184402466,1132.74462890625,-0.6084272265434265,0.694073498249054,0.4883301258087158,0.4001016318798065,0.45624664425849915,0.4805406332015991,0.47853440046310425,-0.0029141188133507967,-0.0004160049429628998,0.009123078547418118,0.005867406260222197,-0.0041768429800868034,-0.008303871378302574,2.853742837905884,0.47562381625175476,-0.009127333760261536,0.00011502061533974484,0.017324810847640038,2.797060966491699,5694452.5
50.20000076293945,48.03368377685547,0.23830483853816986,-0.01611880585551262,859.1166381835938,-0.38449200987815857,1115.231689453125,-0.6215735077857971,1043.2049560546875,-0.5610639452934265,1132.68359375,-0.6100486516952515,0.6937816739082336,0.488287091255188,0.4010029435157776,0.4568108916282654,0.48010241985321045,0.4776928722858429,-0.0029224862810224295,-0.0004446864768397063,0.00890317652374506,0.005418260116130114,-0.004585330840200186,-0.008525114506483078,2.8482284545898438,0.4747047424316406,-0.009284375235438347,9.882423910312355e-05,0.014885255135595798,2.7967569828033447,5693833.5
50.29999923706055,48.05728530883789,0.23600628972053528,-0.022985391318798065,859.0782470703125,-0.38352879881858826,1115.1695556640625,-0.6214193105697632,1043.14892578125,-0.5603080987930298,1132.62255859375,-0.6116763949394226,0.6934890151023865,0.48824119567871094,0.4018823206424713,0.4573306739330292,0.47962450981140137,0.476830393075943,-0.0029310090467333794,-0.0004736828850582242,0.008684414438903332,0.004978783428668976,-0.0049707116559147835,-0.008722251281142235,2.8426389694213867,0.47377318143844604,-0.009390030987560749,8.282386988867074e-05,0.012475223280489445,2.7964534759521484,5693215.5
50.400001525878906,48.08062744140625,0.23341821134090424,-0.025880802422761917,859.0399169921875,-0.3825940191745758,1115.107421875,-0.621302604675293,1043.0928955078125,-0.5595957040786743,1132.561279296875,-0.6133049130439758,0.6931954622268677,0.4881923496723175,0.40273988246917725,0.4578070640563965,0.4791092574596405,0.47594955563545227,-0.0029396407771855593,-0.000502878800034523,0.00846719741821289,0.004549730569124222,-0.005332024767994881,-0.008892658166587353,2.8369956016540527,0.472832590341568,-0.009469409473240376,6.704460247419775e-05,0.010098494589328766,2.7961506843566895,5692599.5
50.5,48.103694915771484,0.23066721856594086,-0.027509870007634163,859.001708984375,-0.3816876709461212,1115.0452880859375,-0.6212216019630432,1043.0369873046875,-0.5589256286621094,1132.4998779296875,-0.6149309873580933,0.692901074886322,0.48814061284065247,0.4035758376121521,0.4582410752773285,0.47855907678604126,0.47505292296409607,-0.002948351902887225,-0.0005322025972418487,0.008251768536865711,0.004131438210606575,-0.005669464822858572,-0.009037603624165058,2.831310987472534,0.47188517451286316,-0.009529553353786469,5.1500697736628354e-05,0.007757216691970825,2.795848846435547,5691985.0
50.599998474121094,48.126487731933594,0.22794543206691742,-0.027217864990234375,858.963623046875,-0.3808096647262573,1114.983154296875,-0.6211749911308289,1042.981201171875,-0.5582969188690186,1132.4383544921875,-0.6165529489517212,0.6926057934761047,0.48808592557907104,0.4043903350830078,0.45863378047943115,0.4779762923717499,0.4741429388523102,-0.002957127522677183,-0.0005616173730231822,0.008038240484893322,0.003723917994648218,-0.005984070245176554,-0.009160684421658516,2.825592279434204,0.4709320664405823,-0.0095829414203763,3.618997652665712e-05,0.005451061762869358,2.7955477237701416,5691371.5
50.70000076293945,48.1490364074707,0.22546620666980743,-0.024792347103357315,858.925537109375,-0.37995997071266174,1114.9210205078125,-0.6211621165275574,1042.92529296875,-0.5577085614204407,1132.3765869140625,-0.6181716322898865,0.6923096179962158,0.48802828788757324,0.4051835536956787,0.4589862525463104,0.47736307978630066,0.47322148084640503,-0.0029659706633538008,-0.0005911297630518675,0.007826564833521843,0.0033267841208726168,-0.006277879700064659,-0.009267913177609444,2.819838047027588,0.46997299790382385,-0.009643376804888248,2.1091977032483555e-05,0.003176948055624962,2.7952470779418945,5690759.5
50.79999923706055,48.171363830566406,0.22329947352409363,-0.021667355671525,858.8876342773438,-0.37913841009140015,1114.85888671875,-0.6211827993392944,1042.86962890625,-0.5571596026420593,1132.314697265625,-0.6197887659072876,0.6920126080513,0.48796769976615906,0.4059557020664215,0.4592995345592499,0.4767214357852936,0.4722898006439209,-0.0029748943634331226,-0.0006207719561643898,0.007616599090397358,0.00293943053111434,-0.006553397048264742,-0.009365719743072987,2.814042091369629,0.4690070152282715,-0.009715495631098747,6.180221589602297e-06,0.0009308867738582194,2.7949471473693848,5690149.0
50.900001525878906,48.19349670410156,0.22132037580013275,-0.01979098841547966,858.8497314453125,-0.378344863653183,1114.7967529296875,-0.6212366223335266,1042.81396484375,-0.5566492676734924,1132.252685546875,-0.6214058995246887,0.6917146444320679,0.4879041314125061,0.40670695900917053,0.45957452058792114,0.47605305910110474,0.4713485836982727,-0.0029839070048183203,-0.0006505653727799654,0.007408243138343096,0.002561366418376565,-0.006812655832618475,-0.00945808831602335,2.8082008361816406,0.46803346276283264,-0.009791813790798187,-8.56110273161903e-06,-0.001289503532461822,2.7946479320526123,5689540.0
51.0,48.21544647216797,0.21949920058250427,-0.018211709335446358,858.8119506835938,-0.3775791525840759,1114.734619140625,-0.6213231682777405,1042.75830078125,-0.5561767220497131,1132.1904296875,-0.6230238080024719,0.6914157867431641,0.487837553024292,0.40743741393089294,0.4598121643066406,0.4753594994544983,0.47039833664894104,-0.002993013709783554,-0.0006805209559388459,0.007201435510069132,0.0021922101732343435,-0.007057264447212219,-0.009547240100800991,2.802311658859253,0.4670519530773163,-0.009871372953057289,-2.3145281375036575e-05,-0.003486223751679063,2.794349431991577,5688932.0
51.099998474121094,48.237213134765625,0.21766416728496552,-0.018350379541516304,858.7742309570312,-0.37684109807014465,1114.6724853515625,-0.6214416027069092,1042.70263671875,-0.5557411909103394,1132.1280517578125,-0.6246420741081238,0.6911160349845886,0.4877680242061615,0.40814730525016785,0.4600133001804352,0.47464215755462646,0.4694393277168274,-0.0030022093560546637,-0.000710626132786274,0.006996201816946268,0.0018318066140636802,-0.00728811277076602,-0.009633024223148823,2.796377182006836,0.46606287360191345,-0.009943622164428234,-3.75708841602318e-05,-0.005659059155732393,2.794051170349121,5688325.0
51.20000076293945,48.25882339477539,0.21609579026699066,-0.015683701261878014,858.736572265625,-0.37613043189048767,1114.6103515625,-0.6215914487838745,1042.6470947265625,-0.5553420186042786,1132.0654296875,-0.626261830329895,0.6908153891563416,0.4876954257488251,0.4088367223739624,0.46017885208129883,0.4739023745059967,0.46847182512283325,-0.003011499997228384,-0.0007408962119370699,0.006792465224862099,0.0014797498006373644,-0.007506721653044224,-0.009717538952827454,2.7903945446014404,0.46506574749946594,-0.010027233511209488,-5.1860555686289445e-05,-0.007811420131474733,2.7937538623809814,5687719.5
51.29999923706055,48.28030776977539,0.21485890448093414,-0.012368938885629177,858.698974609375,-0.37544700503349304,1114.5482177734375,-0.6217729449272156,1042.591552734375,-0.5549784898757935,1132.0028076171875,-0.6278855204582214,0.6905137300491333,0.4876198172569275,0.40950584411621094,0.46030956506729126,0.47314122319221497,0.46749573945999146,-0.00302090379409492,-0.0007713751983828843,0.006590044125914574,0.0011353838490322232,-0.007715199142694473,-0.009804504923522472,2.7843551635742188,0.46405917406082153,-0.010125838220119476,-6.604251393582672e-05,-0.009947557002305984,2.793456792831421,5687115.0
51.400001525878906,48.30168151855469,0.21374911069869995,-0.011097807437181473,858.6614990234375,-0.3747905194759369,1114.4859619140625,-0.6219857931137085,1042.5361328125,-0.5546500086784363,1131.93994140625,-0.6295145153999329,0.6902111768722534,0.487541139125824,0.410154789686203,0.46040621399879456,0.47235968708992004,0.4665108025074005,-0.003030429594218731,-0.0008020843379199505,0.00638884212821722,0.0007982804672792554,-0.007914911955595016,-0.00989493727684021,2.7782552242279053,0.46304255723953247,-0.010226840153336525,-8.012748003238812e-05,-0.012069083750247955,2.7931604385375977,5686511.5
51.5,48.32292175292969,0.21240076422691345,-0.013483538292348385,858.6240234375,-0.3741607666015625,1114.423828125,-0.6222289204597473,1042.480712890625,-0.5543559789657593,1131.8768310546875,-0.6311469674110413,0.6899076700210571,0.4874593913555145,0.41078367829322815,0.460469514131546,0.4715586304664612,0.4655168056488037,-0.003040060866624117,-0.0008329831762239337,0.006188990548253059,0.00046858523273840547,-0.008105580694973469,-0.009984888136386871,2.772102117538452,0.4620170295238495,-0.01030802447348833,-9.409477206645533e-05,-0.014172886498272419,2.7928645610809326,5685909.5
51.599998474121094,48.3439826965332,0.21060939133167267,-0.017913661897182465,858.586669921875,-0.3735574781894684,1114.361572265625,-0.6225003600120544,1042.42529296875,-0.5540957450866699,1131.813720703125,-0.6327785849571228,0.6896031498908997,0.48737454414367676,0.4113926589488983,0.46050024032592773,0.4707390069961548,0.4645141661167145,-0.0030497610569000244,-0.0008639810257591307,0.005990803707391024,0.00014689959061797708,-0.008285692892968655,-0.010067583993077278,2.7659122943878174,0.460985392332077,-0.010357429273426533,-0.00010790614760480821,-0.01625320501625538,2.792569160461426,5685308.0
51.70000076293945,48.364776611328125,0.20793595910072327,-0.02673439309000969,858.54931640625,-0.37298041582107544,1114.29931640625,-0.6227971911430359,1042.369873046875,-0.5538685917854309,1131.7503662109375,-0.6344013214111328,0.6892976760864258,0.48728659749031067,0.4119819104671478,0.46049928665161133,0.46990203857421875,0.4635040760040283,-0.003059463808313012,-0.000894915487151593,0.0057948580943048,-0.00016553465684410185,-0.00845205970108509,-0.010132402181625366,2.7597155570983887,0.45995259284973145,-0.010347586125135422,-0.00012148563109803945,-0.018298594281077385,2.792274236679077,5684707.5
51.79999923706055,48.38520431518555,0.2042488157749176,-0.03687145560979843,858.5120239257812,-0.3724292516708374,1114.2369384765625,-0.623115599155426,1042.314453125,-0.5536733865737915,1131.686767578125,-0.6360049843788147,0.6889912486076355,0.48719558119773865,0.41255173087120056,0.4604675769805908,0.469049334526062,0.46248894929885864,-0.0030690834391862154,-0.0009255771292373538,0.005601895973086357,-0.00046708082663826644,-0.008600574918091297,-0.010167817585170269,2.7535502910614014,0.4589250385761261,-0.010270749218761921,-0.00013474587467499077,-0.020295899361371994,2.7919797897338867,5684108.0
51.900001525878906,48.40520095825195,0.19997327029705048,-0.04275543615221977,858.474853515625,-0.3719036877155304,1114.1746826171875,-0.6234523057937622,1042.2591552734375,-0.5535091161727905,1131.6231689453125,-0.6375815272331238,0.6886838674545288,0.4871014952659607,0.4131024479866028,0.4604063332080841,0.468182772397995,0.4614720046520233,-0.0030785538256168365,-0.0009558037854731083,0.005412480793893337,-0.0007565761916339397,-0.008728636428713799,-0.01016880851238966,2.7474465370178223,0.4579077363014221,-0.010152790695428848,-0.0001476360484957695,-0.022237462922930717,2.7916858196258545,5683509.5
52.0,48.42473602294922,0.19534842669963837,-0.04624834656715393,858.4376831054688,-0.37140339612960815,1114.1123046875,-0.6238048672676086,1042.2037353515625,-0.5533744692802429,1131.559326171875,-0.6391260027885437,0.6883755922317505,0.48700442910194397,0.41363438963890076,0.4603167772293091,0.4673044979572296,0.46045663952827454,-0.0030878314282745123,-0.0009854903910309076,0.005226961337029934,-0.001033409615047276,-0.008835261687636375,-0.010135883465409279,2.7414236068725586,0.45690393447875977,-0.010006735101342201,-0.00016012588457670063,-0.024118725210428238,2.7913920879364014,5682911.5
52.099998474121094,48.443782806396484,0.19049414992332458,-0.04854283109307289,858.4005737304688,-0.37092798948287964,1114.0499267578125,-0.6241711974143982,1042.1484375,-0.5532680153846741,1131.4952392578125,-0.6406348943710327,0.688066303730011,0.48690444231033325,0.4141480028629303,0.4602001905441284,0.466416597366333,0.4594461917877197,-0.0030968855135142803,-0.0010145612759515643,0.005045574624091387,-0.0012972522526979446,-0.008920268155634403,-0.010071603581309319,2.7354960441589355,0.45591598749160767,-0.009839324280619621,-0.00017219537403434515,-0.02593667432665825,2.7910988330841064,5682314.5
52.20000076293945,48.462318420410156,0.18532252311706543,-0.05171623080968857,858.3634643554688,-0.3704770803451538,1113.9874267578125,-0.6245492100715637,1042.0931396484375,-0.5531885623931885,1131.43115234375,-0.6421043872833252,0.6877561807632446,0.4868015646934509,0.41464367508888245,0.4600578844547272,0.46552133560180664,0.45844364166259766,-0.003105682320892811,-0.0010429366957396269,0.004868572112172842,-0.0015477447304874659,-0.008983377367258072,-0.009977525100111961,2.7296786308288574,0.4549464285373688,-0.009644969366490841,-0.00018381699919700623,-0.02768716588616371,2.7908060550689697,5681718.0
52.29999923706055,48.48028564453125,0.17969860136508942,-0.05623919889330864,858.3264770507812,-0.37005025148391724,1113.925048828125,-0.6249362826347351,1042.037841796875,-0.553134560585022,1131.3668212890625,-0.6435296535491943,0.6874452233314514,0.48669588565826416,0.4151219129562378,0.4598912000656128,0.4646208882331848,0.45745202898979187,-0.0031141797080636024,-0.001070513972081244,0.004696286283433437,-0.0017843268578872085,-0.009023752994835377,-0.009853046387434006,2.7239906787872314,0.4539984464645386,-0.009415755979716778,-0.00019495161541271955,-0.02936430089175701,2.790513515472412,5681122.5
52.400001525878906,48.49766159057617,0.17374415695667267,-0.05954444408416748,858.2894897460938,-0.3696470260620117,1113.8624267578125,-0.6253299713134766,1041.9825439453125,-0.5531046986579895,1131.302490234375,-0.6449061632156372,0.6871333718299866,0.4865874946117401,0.41558313369750977,0.4597015976905823,0.4637175500392914,0.4564743638038635,-0.0031223385594785213,-0.0010971983429044485,0.0045290179550647736,-0.002006527269259095,-0.009040828794240952,-0.009698357433080673,2.7184500694274902,0.45307502150535583,-0.009159454144537449,-0.00020557054085657,-0.03096376173198223,2.7902212142944336,5680527.5
52.5,48.51442337036133,0.1676318496465683,-0.06112311780452728,858.2525024414062,-0.36926689743995667,1113.7999267578125,-0.6257282495498657,1041.92724609375,-0.5530973076820374,1131.2379150390625,-0.646230936050415,0.6868207454681396,0.48647648096084595,0.4160279333591461,0.45949047803878784,0.46281367540359497,0.455513596534729,-0.0031301318667829037,-0.0011229260126128793,0.004366952460259199,-0.002214164240285754,-0.009034836664795876,-0.009515912272036076,2.713069200515747,0.4521781802177429,-0.008886163122951984,-0.00021566000941675156,-0.03248346969485283,2.7899293899536133,5679933.5
52.599998474121094,48.53056716918945,0.16144932806491852,-0.06182529032230377,858.2156372070312,-0.3689093589782715,1113.7373046875,-0.6261293888092041,1041.871826171875,-0.5531110763549805,1131.1732177734375,-0.6475022435188293,0.6865073442459106,0.48636293411254883,0.41645675897598267,0.45925936102867126,0.46191149950027466,0.45457229018211365,-0.003137541702017188,-0.0011476549552753568,0.004210192710161209,-0.002407262334600091,-0.009006536565721035,-0.009309208020567894,2.7078561782836914,0.45130935311317444,-0.008600863628089428,-0.00022521376376971602,-0.03392249345779419,2.789637565612793,5679339.5
52.70000076293945,48.54607391357422,0.15503418445587158,-0.06415142863988876,858.1787109375,-0.3685739040374756,1113.6746826171875,-0.6265313625335693,1041.8165283203125,-0.5531443953514099,1131.1083984375,-0.6487174034118652,0.6861932873725891,0.4862470030784607,0.4168701767921448,0.45900964736938477,0.4610132873058319,0.45365282893180847,-0.003144544083625078,-0.0011713281273841858,0.004058897495269775,-0.0025857023429125547,-0.008956235833466053,-0.009079644456505775,2.702821969985962,0.45047032833099365,-0.008293697610497475,-0.00023421163496095687,-0.03527778387069702,2.789346218109131,5678746.5
52.79999923706055,48.56090545654297,0.14833058416843414,-0.06703589111566544,858.1419067382812,-0.36825987696647644,1113.612060546875,-0.6269320845603943,1041.76123046875,-0.5531957745552063,1131.04345703125,-0.6498729586601257,0.6858784556388855,0.48612871766090393,0.4172687530517578,0.45874282717704773,0.46012118458747864,0.45275744795799255,-0.0031511078123003244,-0.0011938713723793626,0.003913284745067358,-0.0027492153458297253,-0.008883795700967312,-0.008827007375657558,2.697981119155884,0.44966351985931396,-0.007961875759065151,-0.00024262862280011177,-0.03654557839035988,2.789055109024048,5678154.0
52.900001525878906,48.57504653930664,0.1413945108652115,-0.06936074048280716,858.1051025390625,-0.36796677112579346,1113.54931640625,-0.6273292303085327,1041.7059326171875,-0.5532636642456055,1130.9783935546875,-0.650965690612793,0.6855630874633789,0.48600825667381287,0.41765308380126953,0.45846042037010193,0.4592374563217163,0.4518885016441345,-0.0031572035513818264,-0.0012152153067290783,0.0037735558580607176,-0.002897578524425626,-0.008789196610450745,-0.008551479317247868,2.6933467388153076,0.44889113306999207,-0.007608823478221893,-0.00025044457288458943,-0.03772284463047981,2.788764476776123,5677561.5
53.0,48.58846664428711,0.13421490788459778,-0.07179614156484604,858.0682983398438,-0.3676939010620117,1113.486572265625,-0.6277207136154175,1041.650634765625,-0.553346574306488,1130.913330078125,-0.6519924402236938,0.6852470636367798,0.48588573932647705,0.4180237352848053,0.45816391706466675,0.4583642780780792,0.45104822516441345,-0.003162803128361702,-0.0012352924095466733,0.0036399022210389376,-0.0030305928084999323,-0.008672465570271015,-0.008253317326307297,2.688932180404663,0.44815537333488464,-0.007233592681586742,-0.00025763839948922396,-0.038806404918432236,2.7884738445281982,5676970.0
53.099998474121094,48.601192474365234,0.12726639211177826,-0.06948507577180862,858.0315551757812,-0.3674406409263611,1113.423828125,-0.6281052231788635,1041.59521484375,-0.5534428954124451,1130.8480224609375,-0.6529531478881836,0.6849305033683777,0.48576125502586365,0.41838130354881287,0.45785489678382874,0.4575038254261017,0.4502386748790741,-0.003167902585119009,-0.001254095695912838,0.0035122919362038374,-0.003148613963276148,-0.008535132743418217,-0.007937385700643063,2.684739351272583,0.44745656847953796,-0.006864746566861868,-0.00026422995142638683,-0.03979925066232681,2.7881832122802734,5676379.0
53.20000076293945,48.6132926940918,0.12100694328546524,-0.06259451806545258,857.9948120117188,-0.367206335067749,1113.3609619140625,-0.6284828186035156,1041.5399169921875,-0.553551197052002,1130.78271484375,-0.6538521647453308,0.6846135258674622,0.4856349527835846,0.4187264144420624,0.4575347602367401,0.45665794610977173,0.4494611620903015,-0.003172533819451928,-0.0012717063073068857,0.0033903687726706266,-0.003252794500440359,-0.008380807936191559,-0.0076140607707202435,2.6807541847229004,0.4467923641204834,-0.006528764497488737,-0.0002702786587178707,-0.04071032628417015,2.787893056869507,5675788.0
53.29999923706055,48.62482833862305,0.11534599959850311,-0.05660944804549217,857.9581298828125,-0.36699026823043823,1113.298095703125,-0.6288538575172424,1041.4844970703125,-0.5536701679229736,1130.71728515625,-0.654694676399231,0.6842960119247437,0.48550695180892944,0.4190596044063568,0.4572048485279083,0.4558282196521759,0.4487159252166748,-0.003176735946908593,-0.001288222847506404,0.003273717360571027,-0.0033444100990891457,-0.008213229477405548,-0.0072923628613352776,2.67695951461792,0.44615989923477173,-0.006219995673745871,-0.0002758361224550754,-0.04154741019010544,2.7876031398773193,5675197.5
53.400001525878906,48.63583755493164,0.11007671803236008,-0.05269278585910797,857.92138671875,-0.3667917847633362,1113.235107421875,-0.6292184591293335,1041.42919921875,-0.5537987351417542,1130.6517333984375,-0.6554844379425049,0.6839781403541565,0.48537737131118774,0.41938135027885437,0.4568663537502289,0.45501574873924255,0.44800257682800293,-0.0031805364415049553,-0.0013037140015512705,0.0031620352528989315,-0.003424428403377533,-0.008035095408558846,-0.006976800970733166,2.6733429431915283,0.4455571472644806,-0.005927536636590958,-0.0002809361321851611,-0.042315591126680374,2.787313222885132,5674607.0
53.5,48.646331787109375,0.10494769364595413,-0.05129023268818855,857.884765625,-0.36661019921302795,1113.1722412109375,-0.6295761466026306,1041.373779296875,-0.5539358258247375,1130.586181640625,-0.6562228798866272,0.6836599707603455,0.4852462708950043,0.41969218850135803,0.4565204083919525,0.45422157645225525,0.44732043147087097,-0.0031839453149586916,-0.0013182065449655056,0.0030551764648407698,-0.0034934100694954395,-0.007847849279642105,-0.006667604204267263,2.669900417327881,0.4449833929538727,-0.005637682508677244,-0.0002855907951015979,-0.043016694486141205,2.7870233058929443,5674017.5
53.599998474121094,48.656333923339844,0.10002904385328293,-0.04918653145432472,857.8480834960938,-0.36644479632377625,1113.1092529296875,-0.629926323890686,1041.318359375,-0.5540804266929626,1130.5205078125,-0.6569114327430725,0.683341383934021,0.4851137697696686,0.419992595911026,0.4561680853366852,0.45344653725624084,0.44666892290115356,-0.00318697071634233,-0.0013317232951521873,0.002953010844066739,-0.0035518635995686054,-0.007652722764760256,-0.006364695727825165,2.666628122329712,0.44443804025650024,-0.005355627741664648,-0.00028981835930608213,-0.0436534620821476,2.786733865737915,5673428.0
53.70000076293945,48.66587829589844,0.09543196856975555,-0.04597074165940285,857.8114624023438,-0.3662949502468109,1113.0462646484375,-0.6302688717842102,1041.262939453125,-0.554231584072113,1130.454833984375,-0.6575524210929871,0.6830225586891174,0.4849799573421478,0.4202829897403717,0.45581042766571045,0.45269131660461426,0.446047306060791,-0.003189629875123501,-0.001344307092949748,0.0028553372249007225,-0.003600462805479765,-0.007451343350112438,-0.006069533061236143,2.6635191440582275,0.4439198672771454,-0.005087960045784712,-0.0002936465898528695,-0.044230084866285324,2.7864444255828857,5672838.5
53.79999923706055,48.675010681152344,0.09133965522050858,-0.040923167020082474,857.7748413085938,-0.36615991592407227,1112.983154296875,-0.6306040287017822,1041.20751953125,-0.5543884634971619,1130.3890380859375,-0.6581497192382812,0.6827034950256348,0.4848449230194092,0.42056381702423096,0.45544835925102234,0.45195645093917847,0.4454546570777893,-0.0031919514294713736,-0.0013560311635956168,0.0027618431486189365,-0.0036401436664164066,-0.00724597554653883,-0.005785576067864895,2.6605606079101562,0.4434267580509186,-0.00484567042440176,-0.0002971191133838147,-0.04475312680006027,2.7861549854278564,5672249.5
53.900001525878906,48.683780670166016,0.08769021183252335,-0.0364944189786911,857.7382202148438,-0.3660390377044678,1112.920166015625,-0.6309323310852051,1041.152099609375,-0.554550290107727,1130.3231201171875,-0.658707320690155,0.682384192943573,0.4847087860107422,0.4208354949951172,0.4550827443599701,0.45124220848083496,0.44488969445228577,-0.0031939668115228415,-0.001366973272524774,0.0026722035836428404,-0.0036718558985739946,-0.0070388102903962135,-0.005515726283192635,2.657738447189331,0.4429563879966736,-0.004625206813216209,-0.00030027423053979874,-0.04522836580872536,2.7858657836914062,5671660.5
54.0,48.69221496582031,0.08433931320905685,-0.033508963882923126,857.7015991210938,-0.3659316599369049,1112.8570556640625,-0.6312539577484131,1041.0966796875,-0.5547164678573608,1130.25732421875,-0.6592283248901367,0.6820647120475769,0.48457157611846924,0.42109841108322144,0.454714298248291,0.4505487382411957,0.4443509876728058,-0.0031956981401890516,-0.001377190463244915,0.0025861719623208046,-0.003696334082633257,-0.0068313502706587315,-0.005260600708425045,2.6550426483154297,0.4425071179866791,-0.004418876953423023,-0.0003031378146260977,-0.045659683644771576,2.785576581954956,5671071.5
54.099998474121094,48.70033264160156,0.08117914944887161,-0.03160161152482033,857.6650390625,-0.3658371865749359,1112.7938232421875,-0.6315688490867615,1041.0411376953125,-0.5548863410949707,1130.1912841796875,-0.6597146987915039,0.6817450523376465,0.4844333827495575,0.4213528633117676,0.4543437361717224,0.44987595081329346,0.44383710622787476,-0.003197160316631198,-0.0013867191737517715,0.00250357948243618,-0.0037141048815101385,-0.006624467205256224,-0.005019113887101412,2.6524672508239746,0.4420778751373291,-0.004221116658300161,-0.0003057263675145805,-0.046049583703279495,2.785287380218506,5670483.0
54.20000076293945,48.70813751220703,0.07806146144866943,-0.03117692470550537,857.6284790039062,-0.3657549321651459,1112.730712890625,-0.6318767070770264,1040.985595703125,-0.5550593137741089,1130.1253662109375,-0.6601670384407043,0.6814252734184265,0.48429426550865173,0.42159926891326904,0.4539717435836792,0.4492238163948059,0.4433467984199524,-0.0031983572989702225,-0.0013955718604847789,0.0024243476800620556,-0.0037254609633237123,-0.006418365053832531,-0.004788618069142103,2.650010108947754,0.4416683614253998,-0.004023617599159479,-0.0003080436435993761,-0.046398621052503586,2.7849984169006348,5669894.5
54.29999923706055,48.71562576293945,0.07486903667449951,-0.031924255192279816,857.5918579101562,-0.36568430066108704,1112.66748046875,-0.6321768164634705,1040.93017578125,-0.555234968662262,1130.059326171875,-0.6605850458145142,0.681105375289917,0.48415428400039673,0.42183786630630493,0.45359891653060913,0.44859227538108826,0.44287917017936707,-0.003199284430593252,-0.0014037374639883637,0.0023484849371016026,-0.003730473108589649,-0.006212649866938591,-0.0045653581619262695,2.6476738452911377,0.44127899408340454,-0.003819818142801523,-0.00031008326914161444,-0.046705834567546844,2.7847094535827637,5669306.5
54.400001525878906,48.72277069091797,0.07145094126462936,-0.03418092802166939,857.5552978515625,-0.36562472581863403,1112.604248046875,-0.632468044757843,1040.8746337890625,-0.5554125308990479,1129.9931640625,-0.6609669327735901,0.6807854175567627,0.48401352763175964,0.42206910252571106,0.45322591066360474,0.4479813277721405,0.4424337148666382,-0.003199925646185875,-0.001411178964190185,0.0022760953288525343,-0.003728970419615507,-0.006006304640322924,-0.004344505723565817,2.645465612411499,0.4409109354019165,-0.003600852331146598,-0.0003118258318863809,-0.04696830362081528,2.7844204902648926,5668718.5
54.5,48.72954559326172,0.06776799261569977,-0.036829493939876556,857.5187377929688,-0.36557555198669434,1112.541015625,-0.6327491402626038,1040.819091796875,-0.5555915236473083,1129.9271240234375,-0.6613100171089172,0.6804654002189636,0.48387208580970764,0.4222932457923889,0.45285338163375854,0.4473911225795746,0.44201046228408813,-0.0032002595253288746,-0.0014178443234413862,0.002207336714491248,-0.0037206511478871107,-0.005798026453703642,-0.004121317993849516,2.64339542388916,0.44056591391563416,-0.003364357864484191,-0.0003132485144305974,-0.047182597219944,2.7841317653656006,5668130.0
54.599998474121094,48.735965728759766,0.0641881451010704,-0.035798441618680954,857.482177734375,-0.36553627252578735,1112.4776611328125,-0.6330194473266602,1040.763427734375,-0.5557711720466614,1129.8609619140625,-0.6616141200065613,0.6801453828811646,0.4837299883365631,0.42251071333885193,0.45248204469680786,0.44682183861732483,0.441609650850296,-0.0032002816442400217,-0.0014237245777621865,0.002142207697033882,-0.0037056156434118748,-0.005587694235146046,-0.003895573550835252,2.641465187072754,0.44024422764778137,-0.003131604753434658,-0.000314360368065536,-0.047350067645311356,2.7838428020477295,5667542.0
54.70000076293945,48.742034912109375,0.060682713985443115,-0.03505432605743408,857.4456787109375,-0.36550629138946533,1112.4144287109375,-0.6332784295082092,1040.7078857421875,-0.5559508204460144,1129.7947998046875,-0.6618796586990356,0.6798253655433655,0.4835873544216156,0.42272183299064636,0.4521125257015228,0.44627368450164795,0.44123148918151855,-0.003199995029717684,-0.001428828458301723,0.002080642618238926,-0.0036841181572526693,-0.005375622771680355,-0.0036683534272015095,2.639674186706543,0.43994569778442383,-0.002899724058806896,-0.000315167912049219,-0.047471705824136734,2.7835540771484375,5666954.0
54.79999923706055,48.747737884521484,0.0570400170981884,-0.03642699867486954,857.4091186523438,-0.3654850423336029,1112.35107421875,-0.6335253715515137,1040.65234375,-0.5561299324035645,1129.728515625,-0.6621057391166687,0.6795054078102112,0.4834442734718323,0.42292699217796326,0.45174548029899597,0.44574683904647827,0.44087618589401245,-0.003199390135705471,-0.001433134893886745,0.002022684318944812,-0.003656137967482209,-0.005161368753761053,-0.0034382089506834745,2.638026237487793,0.4396710693836212,-0.0026565140578895807,-0.00031565941753797233,-0.04754573479294777,2.7832653522491455,5666366.5
54.900001525878906,48.75305938720703,0.05322716757655144,-0.03812849894165993,857.37255859375,-0.3654719591140747,1112.2877197265625,-0.633759081363678,1040.5966796875,-0.5563076734542847,1129.662353515625,-0.6622905135154724,0.6791855096817017,0.4833007752895355,0.4231265187263489,0.4513815641403198,0.4452415406703949,0.44054412841796875,-0.0031984515953809023,-0.001436606515198946,0.0019684371072798967,-0.003621502313762903,-0.004944109357893467,-0.003202811349183321,2.6365292072296143,0.43942153453826904,-0.0024004641454666853,-0.00031582030351273715,-0.047569967806339264,2.7829763889312744,5665778.5
55.0,48.75800704956055,0.04947013780474663,-0.0375702790915966,857.3359985351562,-0.36546650528907776,1112.224365234375,-0.6339789032936096,1040.541015625,-0.5564834475517273,1129.5960693359375,-0.6624335050582886,0.6788657307624817,0.4831569790840149,0.42332082986831665,0.4510214626789093,0.4447581470012665,0.4402359127998352,-0.00319717382080853,-0.0014392322627827525,0.0019179070368409157,-0.003580284072086215,-0.004723748657852411,-0.002962452592328191,2.6351852416992188,0.4391975402832031,-0.002144597703590989,-0.00031565551762469113,-0.04754514619708061,2.7826876640319824,5665190.5
55.099998474121094,48.76256561279297,0.04559972882270813,-0.03870410844683647,857.2994384765625,-0.36546817421913147,1112.160888671875,-0.634183943271637,1040.4853515625,-0.556656539440155,1129.5299072265625,-0.6625337600708008,0.6785460710525513,0.48301297426223755,0.42351025342941284,0.45066580176353455,0.4442969560623169,0.43995195627212524,-0.0031955481972545385,-0.001440992346033454,0.001871132175438106,-0.0035324743948876858,-0.004499976523220539,-0.002716627437621355,2.6339986324310303,0.4389997720718384,-0.0018782108090817928,-0.0003151554265059531,-0.04746982082724571,2.7823989391326904,5664602.5
55.20000076293945,48.766746520996094,0.04180200770497322,-0.037977185100317,857.262939453125,-0.3654763698577881,1112.097412109375,-0.6343735456466675,1040.4296875,-0.5568262934684753,1129.463623046875,-0.6625910997390747,0.6782266497612,0.48286882042884827,0.4236952066421509,0.4503152370452881,0.4438583254814148,0.4396928548812866,-0.00319357099942863,-0.0014418798964470625,0.0018281033262610435,-0.0034781801514327526,-0.00427282927557826,-0.0024659803602844477,2.6329710483551025,0.4388284981250763,-0.0016126814298331738,-0.00031432646210305393,-0.047344960272312164,2.7821102142333984,5664014.5
55.29999923706055,48.770572662353516,0.03826463222503662,-0.0353737473487854,857.2263793945312,-0.3654906153678894,1112.0340576171875,-0.6345476508140564,1040.3740234375,-0.5569920539855957,1129.3973388671875,-0.662606954574585,0.677907407283783,0.4827246367931366,0.423876017332077,0.44997039437294006,0.44344252347946167,0.4394589066505432,-0.0031912534032016993,-0.0014419227372854948,0.0017886832356452942,-0.0034178250934928656,-0.004043211694806814,-0.0022136589977890253,2.6320979595184326,0.43868300318717957,-0.0013584850821644068,-0.00031319132540374994,-0.04717398062348366,2.7818214893341064,5663427.0
55.400001525878906,48.77408981323242,0.035153042525053024,-0.031115928664803505,857.1898193359375,-0.36551034450531006,1111.9705810546875,-0.6347066760063171,1040.318359375,-0.5571531057357788,1129.3310546875,-0.6625843644142151,0.6775884032249451,0.4825804531574249,0.4240530729293823,0.44963186979293823,0.44304972887039185,0.43925005197525024,-0.0031886189244687557,-0.0014411811716854572,0.0017526175361126661,-0.0033521137665957212,-0.003812758019194007,-0.0019644785206764936,2.63136887550354,0.43856149911880493,-0.0011252514086663723,-0.00031178697827272117,-0.04696245491504669,2.7815325260162354,5662839.0
55.5,48.77734375,0.032558098435401917,-0.025949422270059586,857.1532592773438,-0.36553508043289185,1111.9071044921875,-0.634851336479187,1040.2625732421875,-0.557309091091156,1129.264892578125,-0.6625276803970337,0.677269697189331,0.4824364185333252,0.42422667145729065,0.4493001699447632,0.4426799416542053,0.43906572461128235,-0.0031857008580118418,-0.001439737738110125,0.001719571533612907,-0.0032819376792758703,-0.0035835360176861286,-0.0017237748252227902,2.6307692527770996,0.4384615421295166,-0.0009186060633510351,-0.000310158240608871,-0.04671712964773178,2.7812438011169434,5662251.0
55.599998474121094,48.7803955078125,0.0305156446993351,-0.02042454108595848,857.11669921875,-0.3655642867088318,1111.8436279296875,-0.6349826455116272,1040.206787109375,-0.5574595928192139,1129.1986083984375,-0.6624417304992676,0.6769512891769409,0.4822925329208374,0.4243970811367035,0.4489756226539612,0.4423328936100006,0.4389048218727112,-0.0031825369223952293,-0.0014376873150467873,0.001689169555902481,-0.003208273323252797,-0.003357748268172145,-0.0014964801957830787,2.630281686782837,0.43838027119636536,-0.0007413418497890234,-0.0003083530464209616,-0.046445224434137344,2.7809550762176514,5661663.0
55.70000076293945,48.78330993652344,0.02915000542998314,-0.01365638617426157,857.0801391601562,-0.36559751629829407,1111.780029296875,-0.6351021528244019,1040.151123046875,-0.5576043128967285,1129.13232421875,-0.6623322367668152,0.6766331791877747,0.4821488857269287,0.4245645999908447,0.44865861535072327,0.4420081675052643,0.4387657046318054,-0.003179173916578293,-0.0014351450372487307,0.0016609643353149295,-0.003132257144898176,-0.003137937281280756,-0.001287895836867392,2.629885673522949,0.438314288854599,-0.0006016793777234852,-0.00030643006903119385,-0.046155575662851334,2.7806661128997803,5661075.0
55.79999923706055,48.786163330078125,0.028526434674859047,-0.006235719192773104,857.0435791015625,-0.3656342625617981,1111.716552734375,-0.6352115273475647,1040.0953369140625,-0.5577431917190552,1129.066162109375,-0.6622060537338257,0.676315426826477,0.4820055365562439,0.4247293472290039,0.4483492374420166,0.44170495867729187,0.4386462867259979,-0.0031756660901010036,-0.0014322444330900908,0.0016344436444342136,-0.0030551659874618053,-0.0029269123915582895,-0.0011034433264285326,2.6295571327209473,0.4382595121860504,-0.0005042467964813113,-0.0003044535405933857,-0.04585786536335945,2.7803773880004883,5660486.5
55.900001525878906,48.78900909423828,0.028441179543733597,-0.0008525410084985197,857.0070190429688,-0.36567410826683044,1111.653076171875,-0.6353124380111694,1040.03955078125,-0.5578761696815491,1128.9998779296875,-0.6620689630508423,0.6759980320930481,0.48186245560646057,0.42489153146743774,0.44804757833480835,0.44142234325408936,0.4385439455509186,-0.003172059776261449,-0.0014291009865701199,0.0016091687139123678,-0.0029780715703964233,-0.002726795384660363,-0.0009457613341510296,2.629274845123291,0.43821245431900024,-0.0004381242615636438,-0.0003024701145477593,-0.0455591194331646,2.780088424682617,5659898.5
56.0,48.79187774658203,0.028691913932561874,0.002507341094315052,856.970458984375,-0.3657166659832001,1111.5894775390625,-0.6354060769081116,1039.9837646484375,-0.5580034255981445,1128.9337158203125,-0.6619250178337097,0.6756810545921326,0.4817197024822235,0.425051212310791,0.44775357842445374,0.44115912914276123,0.43845608830451965,-0.0031683880370110273,-0.0014257950242608786,0.0015848316252231598,-0.002901701023802161,-0.0025386810302734375,-0.0008142252336256206,2.629024028778076,0.4381707012653351,-0.00039292933070100844,-0.00030050892382860184,-0.04526371508836746,2.779799461364746,5659310.0
56.099998474121094,48.79482650756836,0.029488956555724144,0.007970424368977547,856.9338989257812,-0.36576151847839355,1111.5260009765625,-0.635493814945221,1039.927978515625,-0.5581251382827759,1128.8675537109375,-0.6617791652679443,0.6753643751144409,0.4815773069858551,0.42520850896835327,0.4474671483039856,0.4409140646457672,0.43838000297546387,-0.0031646902207285166,-0.0014224242186173797,0.001561064855195582,-0.002826918847858906,-0.0023640140425413847,-0.0007097573252394795,2.6287875175476074,0.4381312429904938,-0.00038210288039408624,-0.0002986172621604055,-0.0449787862598896,2.779510498046875,5658722.0
56.20000076293945,48.79792022705078,0.03094896674156189,0.014600110240280628,856.8972778320312,-0.3658083379268646,1111.46240234375,-0.6355777382850647,1039.8720703125,-0.558241605758667,1128.8013916015625,-0.6616376638412476,0.6750481128692627,0.48143523931503296,0.4253634214401245,0.4471880793571472,0.4406856894493103,0.4383128881454468,-0.0031610180158168077,-0.0014191153459250927,0.0015373959904536605,-0.0027548340149223804,-0.0022048577666282654,-0.0006352874333970249,2.6285412311553955,0.4380902349948883,-0.0004125424020458013,-0.0002968524640891701,-0.044712964445352554,2.779221534729004,5658133.5
56.29999923706055,48.80120849609375,0.032858554273843765,0.019095882773399353,856.8607177734375,-0.3658568263053894,1111.3988037109375,-0.6356595754623413,1039.8162841796875,-0.5583531856536865,1128.7352294921875,-0.6615060567855835,0.6747321486473083,0.4812934696674347,0.4255159795284271,0.44691604375839233,0.44047239422798157,0.43825167417526245,-0.0031574158929288387,-0.001415977138094604,0.0015134242130443454,-0.0026863582897931337,-0.0020626576151698828,-0.0005915979854762554,2.628265857696533,0.43804430961608887,-0.0004723214660771191,-0.0002952534123323858,-0.044472113251686096,2.7789323329925537,5657545.0
56.400001525878906,48.80470275878906,0.03496676683425903,0.02108212374150753,856.8241577148438,-0.3659067153930664,1111.3353271484375,-0.6357406377792358,1039.760498046875,-0.5584604144096375,1128.6690673828125,-0.66138756275177,0.6744166016578674,0.4811520278453827,0.42566609382629395,0.4466506540775299,0.4402724802494049,0.4381934106349945,-0.003153911093249917,-0.0014130756026133895,0.0014889079611748457,-0.002621992724016309,-0.0019376918207854033,-0.0005760707426816225,2.6279489994049072,0.43799149990081787,-0.000547947536688298,-0.0002938373072538525,-0.044258810579776764,2.7786433696746826,5656956.5
56.5,48.80841064453125,0.03705912455916405,0.020923562347888947,856.7875366210938,-0.36595770716667175,1111.271728515625,-0.635821521282196,1039.70458984375,-0.558563768863678,1128.6029052734375,-0.6612834930419922,0.6741014122962952,0.4810108542442322,0.4258137345314026,0.4463914632797241,0.44008418917655945,0.4381355047225952,-0.0031505138613283634,-0.0014104367000982165,0.0014637564308941364,-0.0025618562940508127,-0.0018292129971086979,-0.0005836790078319609,2.6275854110717773,0.4379309117794037,-0.0006275925552472472,-0.00029260266455821693,-0.044072847813367844,2.7783541679382324,5656368.0
56.599998474121094,48.812320709228516,0.039110343903303146,0.020512184128165245,856.7509155273438,-0.3660096526145935,1111.2081298828125,-0.6359027028083801,1039.648681640625,-0.5586637258529663,1128.5367431640625,-0.6611941456794739,0.6737865209579468,0.48086991906166077,0.4259588122367859,0.4461381137371063,0.4399060010910034,0.4380759000778198,-0.0031472290866076946,-0.0014080702094361186,0.0014379379572346807,-0.0025059208273887634,-0.0017361461650580168,-0.0006094823474995792,2.627173662185669,0.4378622770309448,-0.0007100410293787718,-0.00029154596268199384,-0.04391368106007576,2.7780649662017822,5655779.0
56.70000076293945,48.816429138183594,0.041085127741098404,0.019747860729694366,856.71435546875,-0.36606231331825256,1111.14453125,-0.6359845399856567,1039.5928955078125,-0.5587607026100159,1128.470703125,-0.6611196994781494,0.6734719276428223,0.48072922229766846,0.42610129714012146,0.4458901286125183,0.43973639607429504,0.4380130171775818,-0.0031440577004104853,-0.001405979273840785,0.001411445438861847,-0.0024540983140468597,-0.0016573367174714804,-0.0006492577376775444,2.6267125606536865,0.43778544664382935,-0.0007928271661512554,-0.0002906605077441782,-0.043780311942100525,2.777775764465332,5655190.5
56.79999923706055,48.82072448730469,0.04294987767934799,0.018647508695721626,856.677734375,-0.36611559987068176,1111.0809326171875,-0.6360672116279602,1039.5369873046875,-0.5588551163673401,1128.404541015625,-0.6610597968101501,0.6731576919555664,0.4805887043476105,0.42624107003211975,0.44564712047576904,0.4395740032196045,0.4379456043243408,-0.003140998538583517,-0.0014041594695299864,0.0013843001797795296,-0.0024062329903244972,-0.0015915328403934836,-0.0006992474081926048,2.6262030601501465,0.4377005100250244,-0.0008736501331441104,-0.0002899367827922106,-0.043671298772096634,2.777486562728882,5654601.5
56.900001525878906,48.82516098022461,0.044368136674165726,0.01418258249759674,856.64111328125,-0.36616936326026917,1111.017333984375,-0.6361503005027771,1039.4810791015625,-0.5589473247528076,1128.3385009765625,-0.6610118746757507,0.6728437542915344,0.4804483652114868,0.42637813091278076,0.44540873169898987,0.43941766023635864,0.437872976064682,-0.003138030879199505,-0.0014025605050846934,0.0013566918205469847,-0.002361754886806011,-0.001536436378955841,-0.000753082858864218,2.6256542205810547,0.4376090168952942,-0.0009323026752099395,-0.0002893360797315836,-0.04358081892132759,2.7771971225738525,5654012.5
57.0,48.829689025878906,0.04528435692191124,0.009162189438939095,856.6044921875,-0.3662234842777252,1110.9537353515625,-0.6362327337265015,1039.4251708984375,-0.5590375661849976,1128.2723388671875,-0.6609719395637512,0.6725300550460815,0.4803082048892975,0.4265124201774597,0.4451746642589569,0.4392664134502411,0.43779510259628296,-0.003135122824460268,-0.0014011027524247766,0.001328915124759078,-0.00231984443962574,-0.0014892122708261013,-0.0008038057712838054,2.625080108642578,0.4375133514404297,-0.000965596700552851,-0.00028881491743959486,-0.0435023233294487,2.7769079208374023,5653423.5
57.099998474121094,48.83424758911133,0.04557650536298752,0.0029214981477707624,856.56787109375,-0.36627787351608276,1110.8900146484375,-0.636313259601593,1039.3692626953125,-0.5591260194778442,1128.206298828125,-0.6609347462654114,0.6722167134284973,0.4801681637763977,0.42664390802383423,0.44494470953941345,0.4391196370124817,0.4377126097679138,-0.0031322333961725235,-0.0013996859779581428,0.001301339128986001,-0.0022795130498707294,-0.0014467270812019706,-0.0008445608546026051,2.624499559402466,0.43741658329963684,-0.0009653233573772013,-0.0002883193374145776,-0.04342767596244812,2.776618480682373,5652834.5
57.20000076293945,48.838768005371094,0.04520335793495178,-0.0037314987275749445,856.53125,-0.36633244156837463,1110.826416015625,-0.636390209197998,1039.3133544921875,-0.5592126250267029,1128.14013671875,-0.6608943939208984,0.6719036102294922,0.48002827167510986,0.42677271366119385,0.44471874833106995,0.4389770030975342,0.4376268684864044,-0.0031293153297156096,-0.0013981939991936088,0.001274388050660491,-0.002239653840661049,-0.0014056996442377567,-0.0008689792593941092,2.6239335536956787,0.4373222887516022,-0.000928188266698271,-0.0002877917140722275,-0.04334820434451103,2.7763290405273438,5652245.0
57.29999923706055,48.843204498291016,0.0443565808236599,-0.008467762731015682,856.49462890625,-0.36638709902763367,1110.7628173828125,-0.6364621520042419,1039.2574462890625,-0.5592972636222839,1128.0740966796875,-0.6608460545539856,0.6715908646583557,0.47988852858543396,0.4268988370895386,0.4444968104362488,0.43883854150772095,0.43753963708877563,-0.003126328345388174,-0.0013965287944301963,0.0012484148610383272,-0.0021993578411638737,-0.001363568939268589,-0.0008736882591620088,2.6234004497528076,0.4372333884239197,-0.0008643376058898866,-0.0002871911274269223,-0.04325774312019348,2.7760396003723145,5651656.0
57.400001525878906,48.84749984741211,0.04296308755874634,-0.013934941962361336,856.4579467773438,-0.3664417862892151,1110.6990966796875,-0.6365274786949158,1039.2015380859375,-0.5593796968460083,1128.008056640625,-0.6607846021652222,0.6712783575057983,0.4797489643096924,0.42702242732048035,0.44427892565727234,0.4387044608592987,0.4374530613422394,-0.003123232163488865,-0.0013945915270596743,0.0012237727642059326,-0.002157730981707573,-0.0013179463567212224,-0.0008560088463127613,2.622918128967285,0.43715301156044006,-0.0007679580594412982,-0.0002864702546503395,-0.04314916208386421,2.775750160217285,5651066.5
57.5,48.85166931152344,0.041710712015628815,-0.012523750774562359,856.4213256835938,-0.36649638414382935,1110.635498046875,-0.6365858316421509,1039.1455078125,-0.5594595670700073,1127.94189453125,-0.6607090830802917,0.6709662079811096,0.4796096086502075,0.4271436631679535,0.44406530261039734,0.4385751187801361,0.437369167804718,-0.003120018867775798,-0.0013923629885539412,0.0012005202006548643,-0.0021146293729543686,-0.0012686228146776557,-0.0008200917509384453,2.622490406036377,0.4370817244052887,-0.0006790225743316114,-0.00028564140666276217,-0.04302431643009186,2.7754604816436768,5650477.0
57.599998474121094,48.85575866699219,0.040888749063014984,-0.008219631388783455,856.3846435546875,-0.3665508031845093,1110.57177734375,-0.6366379261016846,1039.089599609375,-0.5595366954803467,1127.8758544921875,-0.6606224775314331,0.6706543564796448,0.47947049140930176,0.4272626042366028,0.44385606050491333,0.43845081329345703,0.43728941679000854,-0.003116711275652051,-0.001389900455251336,0.0011784330708906054,-0.002070612506940961,-0.0012173110153526068,-0.0007748171337880194,2.6221070289611816,0.4370178282260895,-0.0006126842927187681,-0.00028474186547100544,-0.0428888238966465,2.7751710414886475,5649887.5
57.70000076293945,48.85979461669922,0.040335606783628464,-0.005531391594558954,856.3480224609375,-0.3666049540042877,1110.5081787109375,-0.6366844773292542,1039.03369140625,-0.559610903263092,1127.809814453125,-0.6605274677276611,0.6703428626060486,0.4793316423892975,0.4273793697357178,0.4436511993408203,0.438331663608551,0.43721434473991394,-0.0031133315060287714,-0.0013872580602765083,0.0011573012452572584,-0.0020261944737285376,-0.001165500725619495,-0.0007265471504069865,2.621757984161377,0.4369596838951111,-0.0005596413975581527,-0.0002837949723470956,-0.04274619743227959,2.774881362915039,5649297.5
57.79999923706055,48.86376190185547,0.03967130556702614,-0.006643031723797321,856.3113403320312,-0.3666587173938751,1110.4444580078125,-0.6367254257202148,1038.9776611328125,-0.5596820116043091,1127.7437744140625,-0.660423994064331,0.670031726360321,0.4791930615901947,0.427494078874588,0.44345083832740784,0.43821772933006287,0.4371442198753357,-0.003109878860414028,-0.0013844342902302742,0.0011371211148798466,-0.0019813673570752144,-0.0011131741339340806,-0.0006758023519068956,2.6214439868927,0.4369073510169983,-0.0004987610736861825,-0.00028279112302698195,-0.042594995349645615,2.7745916843414307,5648708.0
57.900001525878906,48.86764144897461,0.0388031080365181,-0.008681965991854668,856.274658203125,-0.36671197414398193,1110.380859375,-0.6367602348327637,1038.9217529296875,-0.5597499012947083,1127.677734375,-0.6603102684020996,0.6697208881378174,0.4790547788143158,0.42760685086250305,0.4432549774646759,0.4381090998649597,0.43707939982414246,-0.0031063391361385584,-0.0013813949190080166,0.0011180090950801969,-0.0019358255667611957,-0.001059503760188818,-0.0006205332465469837,2.621171236038208,0.43686187267303467,-0.0004256717802491039,-0.00028171270969323814,-0.04243256151676178,2.7743020057678223,5648118.0
58.0,48.87137985229492,0.03740294277667999,-0.014001645147800446,856.2379760742188,-0.36676469445228577,1110.317138671875,-0.6367875337600708,1038.86572265625,-0.559814453125,1127.6116943359375,-0.6601822376251221,0.6694104671478271,0.47891679406166077,0.42771774530410767,0.44306373596191406,0.4380059838294983,0.43702054023742676,-0.003102679271250963,-0.0013780592707917094,0.0011002520332112908,-0.0018888458143919706,-0.0010025619994848967,-0.0005556008545681834,2.620954751968384,0.43682578206062317,-0.00032084077247418463,-0.00028051374829374254,-0.04225196689367294,2.7740120887756348,5647528.0
58.099998474121094,48.87491989135742,0.03537791594862938,-0.02025029808282852,856.2012939453125,-0.3668166995048523,1110.25341796875,-0.636805534362793,1038.809814453125,-0.5598752498626709,1127.545654296875,-0.6600341796875,0.6691003441810608,0.4787791669368744,0.42782697081565857,0.44287729263305664,0.4379088282585144,0.43696895241737366,-0.0030988522339612246,-0.0013743133749812841,0.001084255171008408,-0.001839423319324851,-0.0009397529065608978,-0.0004746550985146314,2.6208155155181885,0.43680259585380554,-0.00017884522094391286,-0.00027914016391150653,-0.042045075446367264,2.7737224102020264,5646938.0
58.20000076293945,48.87822723388672,0.033088065683841705,-0.022898506373167038,856.1646118164062,-0.36686792969703674,1110.1898193359375,-0.6368128657341003,1038.7537841796875,-0.5599319338798523,1127.479736328125,-0.659862220287323,0.6687906980514526,0.47864195704460144,0.4279346764087677,0.4426959753036499,0.437818318605423,0.43692636489868164,-0.00309482729062438,-0.0013700812123715878,0.0010702820727601647,-0.0017869248986244202,-0.0008696303120814264,-0.00037584826350212097,2.620767831802368,0.436794638633728,-1.9970755602116697e-05,-0.00027756913914345205,-0.04180844500660896,2.773432493209839,5646348.0
58.29999923706055,48.88127899169922,0.03052349202334881,-0.02564571425318718,856.1279296875,-0.3669182360172272,1110.1260986328125,-0.6368083953857422,1038.69775390625,-0.559984028339386,1127.4136962890625,-0.6596634984016418,0.6684814095497131,0.4785051643848419,0.42804110050201416,0.44252005219459534,0.43773525953292847,0.43689456582069397,-0.0030905797611922026,-0.0013653043424710631,0.0010585281997919083,-0.001730895834043622,-0.0007912968285381794,-0.0002590584335848689,2.6208226680755615,0.43680375814437866,0.00015806268493179232,-0.00027577701257541776,-0.041538506746292114,2.7731425762176514,5645758.0
58.400001525878906,48.884056091308594,0.02776201255619526,-0.02761480025947094,856.0912475585938,-0.36696749925613403,1110.0623779296875,-0.6367911100387573,1038.6417236328125,-0.560030996799469,1127.3477783203125,-0.6594353914260864,0.6681725978851318,0.4783689081668854,0.42814648151397705,0.44234994053840637,0.43766042590141296,0.4368753135204315,-0.0030860884580761194,-0.0013599315425381064,0.0010491623543202877,-0.0016709559131413698,-0.0007040965720079839,-0.00012472311209421605,2.6209895610809326,0.43683159351348877,0.0003509506641421467,-0.0002737468166742474,-0.04123271256685257,2.772852659225464,5645167.5
58.5,48.886558532714844,0.02503702975809574,-0.02724982425570488,856.0545654296875,-0.367015540599823,1109.998779296875,-0.6367602944374084,1038.5858154296875,-0.5600724220275879,1127.2818603515625,-0.6591770052909851,0.667864203453064,0.4782332181930542,0.4282510280609131,0.44218602776527405,0.43759480118751526,0.4368702471256256,-0.00308134569786489,-0.0013539445353671908,0.00104222958907485,-0.0016070394776761532,-0.0006082561449147761,2.427765321044717e-05,2.621272563934326,0.4368787705898285,0.0005454266793094575,-0.00027148189838044345,-0.04089156165719032,2.7725627422332764,5644577.0
58.599998474121094,48.888797760009766,0.022380918264389038,-0.026561114937067032,856.017822265625,-0.3670622706413269,1109.93505859375,-0.6367157101631165,1038.52978515625,-0.5601076483726501,1127.2159423828125,-0.6588884592056274,0.6675562858581543,0.47809815406799316,0.42835503816604614,0.4420287013053894,0.43753913044929504,0.4368806779384613,-0.0030763503164052963,-0.0013473429717123508,0.0010377096477895975,-0.001539242803119123,-0.0005044190911576152,0.00018447628826834261,2.6216721534729004,0.4369453489780426,0.0007401335751637816,-0.00026898831129074097,-0.0405159667134285,2.7722725868225098,5643987.0
58.70000076293945,48.89076614379883,0.019670354202389717,-0.027105635032057762,855.9811401367188,-0.36710745096206665,1109.871337890625,-0.6366568207740784,1038.4737548828125,-0.5601363182067871,1127.1500244140625,-0.6585689187049866,0.6672489643096924,0.47796377539634705,0.42845869064331055,0.4418783485889435,0.4374942183494568,0.4369075894355774,-0.0030710967257618904,-0.0013401128817349672,0.0010356322163715959,-0.001467535155825317,-0.0003928352380171418,0.000354329269612208,2.6221907138824463,0.4370318055152893,0.0009421466384083033,-0.0002662614861037582,-0.040105246007442474,2.7719826698303223,5643396.5
58.79999923706055,48.892433166503906,0.016669899225234985,-0.030004553496837616,855.9443969726562,-0.3671509325504303,1109.8077392578125,-0.6365824937820435,1038.417724609375,-0.5601578950881958,1127.084228515625,-0.6582159399986267,0.6669421195983887,0.4778301417827606,0.4285622537136078,0.4417353868484497,0.43746089935302734,0.43695205450057983,-0.0030655632726848125,-0.0013322033919394016,0.001036162255331874,-0.0013915508752688766,-0.00027281552320346236,0.0005354963941499591,2.6228384971618652,0.43713974952697754,0.0011650023516267538,-0.00026327650994062424,-0.03965563699603081,2.7716925144195557,5642806.0
58.900001525878906,48.893768310546875,0.013360707089304924,-0.03309192508459091,855.90771484375,-0.3671925663948059,1109.7440185546875,-0.6364913582801819,1038.3616943359375,-0.5601717829704285,1127.0184326171875,-0.6578261256217957,0.6666358113288879,0.47769737243652344,0.42866602540016174,0.4416002333164215,0.43744006752967834,0.4370153248310089,-0.0030597220174968243,-0.0013235470978543162,0.0010395246790722013,-0.0013107809936627746,-0.0001433084689779207,0.0007304748869501054,2.6236281394958496,0.4372713565826416,0.001409604912623763,-0.00026000681100413203,-0.03916314244270325,2.771402359008789,5642215.0
59.0,48.894718170166016,0.009512653574347496,-0.03848053514957428,855.8709716796875,-0.367232084274292,1109.680419921875,-0.6363816261291504,1038.3056640625,-0.5601774454116821,1126.95263671875,-0.6573944687843323,0.6663301587104797,0.4775654673576355,0.4287703037261963,0.44147345423698425,0.43743273615837097,0.43709897994995117,-0.003053532214835286,-0.0013140450464561582,0.0010460575576871634,-0.001224443200044334,-2.558173491706839e-06,0.0009435832616873085,2.6245782375335693,0.4374297261238098,0.0016902260249480605,-0.00025640588137321174,-0.038620758801698685,2.7711122035980225,5641624.5
59.099998474121094,48.89525604248047,0.00536199240013957,-0.04150661081075668,855.8342895507812,-0.3672693371772766,1109.6168212890625,-0.6362513899803162,1038.2496337890625,-0.5601741075515747,1126.886962890625,-0.6569167971611023,0.6660251617431641,0.47743460536003113,0.4288753867149353,0.4413556158542633,0.43744006752967834,0.4372049570083618,-0.003046958241611719,-0.001303612138144672,0.0010560457594692707,-0.0011319020995870233,0.0001507063425378874,0.0011769597185775638,2.6257050037384033,0.4376174807548523,0.001993190962821245,-0.00025244776043109596,-0.03802457079291344,2.770822048187256,5641033.5
59.20000076293945,48.895362854003906,0.0010738803539425135,-0.04288111999630928,855.7975463867188,-0.3673040568828583,1109.55322265625,-0.6360995173454285,1038.1937255859375,-0.5601610541343689,1126.8212890625,-0.6563904881477356,0.6657208204269409,0.4773047864437103,0.4289816617965698,0.4412473440170288,0.4374634027481079,0.4373352527618408,-0.0030399782117456198,-0.0012921963352710009,0.0010696497047320008,-0.001032841275446117,0.0003168329130858183,0.0014297195011749864,2.6270182132720947,0.4378363788127899,0.002310166833922267,-0.00024812077754177153,-0.03737282752990723,2.7705318927764893,5640443.0
59.29999923706055,48.89502716064453,-0.003355825785547495,-0.04429706186056137,855.7608032226562,-0.3673360049724579,1109.4896240234375,-0.635924756526947,1038.1376953125,-0.5601374506950378,1126.755615234375,-0.6558133959770203,0.6654171943664551,0.4771761894226074,0.4290894567966461,0.4411493241786957,0.43750399351119995,0.4374917149543762,-0.0030325734987854958,-0.001279753283597529,0.0010870015248656273,-0.0009270189912058413,0.0004959656507708132,0.0017006824491545558,2.6285269260406494,0.4380878210067749,0.0026421344373375177,-0.00024341295647900552,-0.036663718521595,2.7702417373657227,5639852.0
59.400001525878906,48.89421081542969,-0.008145883679389954,-0.04790057986974716,855.7240600585938,-0.36736494302749634,1109.426025390625,-0.6357254385948181,1038.0816650390625,-0.5601025223731995,1126.6900634765625,-0.6551817059516907,0.6651142835617065,0.4770489037036896,0.42919921875,0.44106224179267883,0.4375631809234619,0.4376762807369232,-0.0030247129034250975,-0.0012662089429795742,0.0011083398712798953,-0.0008139321580529213,0.000688972300849855,0.0019912351854145527,2.6302452087402344,0.43837422132492065,0.0030023297294974327,-0.00023829338897485286,-0.03589259088039398,2.769951581954956,5639261.0
59.5,48.89287567138672,-0.013357856310904026,-0.052119724452495575,855.6873168945312,-0.36739057302474976,1109.3624267578125,-0.6354994773864746,1038.025634765625,-0.5600553750991821,1126.6246337890625,-0.6544907689094543,0.6648122668266296,0.47692298889160156,0.4293113052845001,0.44098684191703796,0.4376424252986908,0.4378909766674042,-0.0030163561459630728,-0.0012514672707766294,0.001133983489125967,-0.0006928864750079811,0.0008972116047516465,0.0023041139356791973,2.6321916580200195,0.43869858980178833,0.0033944814931601286,-0.00023272585531231016,-0.03505399078130722,2.7696611881256104,5638670.0
59.599998474121094,48.89097213745117,-0.01903175562620163,-0.05673898383975029,855.6505737304688,-0.36741262674331665,1109.2989501953125,-0.6352447271347046,1037.9696044921875,-0.5599951148033142,1126.5592041015625,-0.6537351012229919,0.6645110249519348,0.4767986536026001,0.4294261932373047,0.4409240186214447,0.43774333596229553,0.4381382167339325,-0.0030074589885771275,-0.0012354211648926139,0.0011642880272120237,-0.0005631073727272451,0.0011222067987546325,0.0026422133669257164,2.6343860626220703,0.4390643537044525,0.003821817459538579,-0.00022667070152238011,-0.034141942858695984,2.7693707942962646,5638079.0
59.70000076293945,48.88848114013672,-0.024922283366322517,-0.058905281126499176,855.6138305664062,-0.367430716753006,1109.2353515625,-0.6349591612815857,1037.91357421875,-0.559920608997345,1126.493896484375,-0.6529108285903931,0.6642107963562012,0.47667598724365234,0.4295443594455719,0.4408746063709259,0.4378676116466522,0.4384205639362335,-0.002997987437993288,-0.001217989600263536,0.0011995106469839811,-0.0004240780835971236,0.0013647134182974696,0.0030057046096771955,2.6368446350097656,0.43947410583496094,0.0042706504464149475,-0.00022010959219187498,-0.033153682947158813,2.769080638885498,5637488.0
59.79999923706055,48.885406494140625,-0.030768821015954018,-0.058465376496315,855.5770874023438,-0.36744457483291626,1109.171875,-0.6346415281295776,1037.857666015625,-0.5598308444023132,1126.4285888671875,-0.6520161032676697,0.6639114618301392,0.47655510902404785,0.42966631054878235,0.44083958864212036,0.43801698088645935,0.4387403726577759,-0.002987925661727786,-0.0011991376522928476,0.0012397378450259566,-0.00027571310056373477,0.001624288852326572,0.0033912446815520525,2.6395742893218994,0.4399290382862091,0.004726738668978214,-0.00021304679103195667,-0.03208985924720764,2.7687902450561523,5636897.0
59.900001525878906,48.881744384765625,-0.03659787029027939,-0.0582905076444149,855.5403442382812,-0.36745384335517883,1109.1083984375,-0.6342907547950745,1037.8016357421875,-0.5597248077392578,1126.363525390625,-0.6510498523712158,0.6636132001876831,0.47643619775772095,0.42979252338409424,0.4408198595046997,0.438193142414093,0.4390996992588043,-0.002977263182401657,-0.001178840990178287,0.0012850152561441064,-0.00011802827793871984,0.0019002604531124234,0.0037955453153699636,2.642580270767212,0.44043007493019104,0.005192409735172987,-0.00020548426255118102,-0.030950764194130898,2.7684998512268066,5636306.0
60.0,48.87749099731445,-0.04253866523504257,-0.05940794199705124,855.5036010742188,-0.3674580752849579,1109.0450439453125,-0.6339054107666016,1037.7457275390625,-0.5596014261245728,1126.2984619140625,-0.6500099301338196,0.6633160710334778,0.47631940245628357,0.42992353439331055,0.44081637263298035,0.43839773535728455,0.4395003318786621,-0.002965981140732765,-0.0011570568894967437,0.0013354573165997863,4.913320663035847e-05,0.002192481653764844,0.004217587877064943,2.645871877670288,0.44097861647605896,0.005675298161804676,-0.00019741282449103892,-0.029735017567873,2.76820969581604,5635715.0
60.099998474121094,48.87263870239258,-0.0485135056078434,-0.05974840000271797,855.4668579101562,-0.36745691299438477,1108.981689453125,-0.6334840655326843,1037.689697265625,-0.5594596266746521,1126.2335205078125,-0.6488944292068481,0.6630200743675232,0.47620484232902527,0.4300598204135895,0.4408300817012787,0.4386323094367981,0.4399440288543701,-0.002954061608761549,-0.0011337441392242908,0.0013911706628277898,0.00022590825392398983,0.0025007736403495073,0.0046564447693526745,2.649456739425659,0.44157615303993225,0.006170675158500671,-0.0001888300757855177,-0.028442252427339554,2.7679193019866943,5635124.0
60.20000076293945,48.86720275878906,-0.054367806762456894,-0.05854302644729614,855.4301147460938,-0.36744993925094604,1108.9183349609375,-0.6330257058143616,1037.6337890625,-0.5592984557151794,1126.168701171875,-0.6477023959159851,0.6627252697944641,0.47609272599220276,0.4302019774913788,0.44086194038391113,0.4388985335826874,0.4404323101043701,-0.0029414966702461243,-0.0011088858591392636,0.001452172757126391,0.00041220977436751127,0.002824370749294758,0.005109572783112526,2.6533396244049072,0.44222328066825867,0.006669716443866491,-0.00017974695947486907,-0.027074120938777924,2.7676289081573486,5634533.0
60.29999923706055,48.861167907714844,-0.06033845618367195,-0.05970646068453789,855.3933715820312,-0.3674367368221283,1108.8551025390625,-0.6325290203094482,1037.577880859375,-0.559116780757904,1126.10400390625,-0.6464320421218872,0.6624317765235901,0.4759831428527832,0.43035048246383667,0.4409129023551941,0.439197838306427,0.4409666359424591,-0.0029282693285495043,-0.0010824435157701373,0.0015185597585514188,0.0006081509054638445,0.0031631141901016235,0.00557677773758769,2.6575279235839844,0.44292134046554565,0.007187154144048691,-0.0001701540022622794,-0.0256291963160038,2.767338514328003,5633941.5
60.400001525878906,48.85451126098633,-0.06658193469047546,-0.062434788793325424,855.3566284179688,-0.3674168586730957,1108.7918701171875,-0.631991982460022,1037.52197265625,-0.5589135885238647,1126.0394287109375,-0.6450796723365784,0.6621396541595459,0.4758763015270233,0.4305059015750885,0.44098398089408875,0.4395318329334259,0.44154849648475647,-0.0029143476858735085,-0.0010543428361415863,0.0015905590262264013,0.0008141699945554137,0.0035177546087652445,0.006060637999325991,2.662036657333374,0.443672776222229,0.0077322106808424,-0.00016002815391402692,-0.024104004725813866,2.7670483589172363,5633350.5
60.5,48.847206115722656,-0.0730351060628891,-0.06453171372413635,855.3198852539062,-0.3673897981643677,1108.7286376953125,-0.63141268491745,1037.466064453125,-0.5586877465248108,1125.9749755859375,-0.6436414122581482,0.6618489623069763,0.47577235102653503,0.43066883087158203,0.4410761892795563,0.43990209698677063,0.4421796500682831,-0.0028996996115893126,-0.0010245065204799175,0.0016684074653312564,0.001030721701681614,0.003889058716595173,0.006563300266861916,2.6668808460235596,0.44448015093803406,0.008301597088575363,-0.00014935192302800715,-0.02249591238796711,2.7667579650878906,5632759.5
60.599998474121094,48.83924865722656,-0.07957504689693451,-0.06539944559335709,855.2831420898438,-0.3673551380634308,1108.66552734375,-0.6307893991470337,1037.4102783203125,-0.5584381222724915,1125.91064453125,-0.6421142816543579,0.6615597605705261,0.4756714701652527,0.4308398365974426,0.44119057059288025,0.44031035900115967,0.44286206364631653,-0.0028842987958341837,-0.0009928744984790683,0.0017522755078971386,0.0012580899056047201,0.004277301486581564,0.007085056509822607,2.672072649002075,0.4453454315662384,0.00888893287628889,-0.00013811845565214753,-0.020803889259696007,2.766467809677124,5632168.5
60.70000076293945,48.8306770324707,-0.08572997152805328,-0.06154925003647804,855.2463989257812,-0.36731234192848206,1108.6025390625,-0.6301212310791016,1037.3543701171875,-0.558163583278656,1125.8465576171875,-0.640498697757721,0.6612721085548401,0.4755738377571106,0.43101951479911804,0.441328227519989,0.44075819849967957,0.44359737634658813,-0.0028681468684226274,-0.0009594541625119746,0.0018420862033963203,0.0014959395630285144,0.00468106335029006,0.007620975375175476,2.6776115894317627,0.44626858830451965,0.009466184303164482,-0.00012636181781999767,-0.01903306320309639,2.7661774158477783,5631578.0
60.79999923706055,48.8215446472168,-0.09130662679672241,-0.05576654151082039,855.209716796875,-0.3672609031200409,1108.53955078125,-0.6294082999229431,1037.298583984375,-0.5578629970550537,1125.7825927734375,-0.6387978792190552,0.6609861254692078,0.4754796326160431,0.4312084913253784,0.44149014353752136,0.4412471055984497,0.44438663125038147,-0.002851268043741584,-0.0009243075037375093,0.0019375612027943134,0.0017434436595067382,0.005097672808915377,0.0081632100045681,2.6834874153137207,0.4472478926181793,0.010022149421274662,-0.00011413274478400126,-0.017191076651215553,2.7658872604370117,5630987.0
60.900001525878906,48.81193161010742,-0.09612957388162613,-0.04822947457432747,855.1729736328125,-0.3672003149986267,1108.4766845703125,-0.6286513209342957,1037.2427978515625,-0.5575354695320129,1125.71875,-0.6370168924331665,0.6607018709182739,0.4753890335559845,0.43140724301338196,0.4416772723197937,0.44177815318107605,0.44523000717163086,-0.0028337014373391867,-0.0008875341736711562,0.0020382872316986322,0.001999456435441971,0.005523738916963339,0.008703002706170082,2.689682960510254,0.4482804834842682,0.010545050725340843,-0.00010149712034035474,-0.0152878537774086,2.765597105026245,5630396.5
61.0,48.80190658569336,-0.10027657449245453,-0.041470013558864594,855.13623046875,-0.3671300709247589,1108.413818359375,-0.6278511881828308,1037.1871337890625,-0.5571802854537964,1125.6551513671875,-0.6351610422134399,0.6604194045066833,0.47530218958854675,0.43161633610725403,0.4418903589248657,0.4423521161079407,0.44612693786621094,-0.0028154884930700064,-0.0008492394117638469,0.002143834251910448,0.0022628121078014374,0.0059560006484389305,0.00923336111009121,2.6961798667907715,0.4493632912635803,0.01103826891630888,-8.851404709275812e-05,-0.013332298025488853,2.7653069496154785,5629805.5
61.099998474121094,48.79151153564453,-0.10393598675727844,-0.036594077944755554,855.0995483398438,-0.3670496344566345,1108.35107421875,-0.6270083785057068,1037.1314697265625,-0.556796669960022,1125.5916748046875,-0.6332343816757202,0.6601387858390808,0.4752192497253418,0.43183618783950806,0.44213008880615234,0.44296953082084656,0.4470762610435486,-0.002796661341562867,-0.0008095038938336074,0.0022538662888109684,0.0025326015893369913,0.0063920700922608376,0.009750904515385628,2.7029643058776855,0.45049402117729187,0.011511501856148243,-7.522630039602518e-05,-0.011330850422382355,2.765017032623291,5629215.0
61.20000076293945,48.780799865722656,-0.10711867362260818,-0.0318269208073616,855.0628662109375,-0.36695849895477295,1108.2884521484375,-0.6261234879493713,1037.0758056640625,-0.5563842058181763,1125.528564453125,-0.6312406063079834,0.6598601341247559,0.47514036297798157,0.43206727504730225,0.4423970878124237,0.4436306357383728,0.44807660579681396,-0.0027772479224950075,-0.0007683993899263442,0.0023680829908698797,0.002808019984513521,0.006829963997006416,0.010253706946969032,2.7100236415863037,0.4516706168651581,0.011963674798607826,-6.167565879877657e-05,-0.009289804846048355,2.7647271156311035,5628625.0
61.29999923706055,48.76980972290039,-0.10990861803293228,-0.027899404987692833,855.026123046875,-0.3668561577796936,1108.225830078125,-0.6251969933509827,1037.0201416015625,-0.5559422969818115,1125.4654541015625,-0.6291828155517578,0.6595833897590637,0.4750656187534332,0.43230998516082764,0.4426918923854828,0.44433555006980896,0.4491264522075653,-0.002757273381575942,-0.0007259899866767228,0.002486215438693762,0.003088356927037239,0.00726805254817009,0.010740919969975948,2.7173473834991455,0.4528912305831909,0.012398972176015377,-4.789661034010351e-05,-0.007214356679469347,2.764437198638916,5628034.5
61.400001525878906,48.758548736572266,-0.1125946193933487,-0.026859987527132034,854.989501953125,-0.36674216389656067,1108.163330078125,-0.6242287158966064,1036.964599609375,-0.5554706454277039,1125.4027099609375,-0.627062201499939,0.659308671951294,0.4749951958656311,0.4325646758079529,0.4430149495601654,0.44508424401283264,0.4502243399620056,-0.0027367458678781986,-0.0006822983268648386,0.0026081488467752934,0.0033732980955392122,0.00770586496219039,0.011215072125196457,2.7249319553375244,0.454155296087265,0.012834528461098671,-3.389865014469251e-05,-0.005105934571474791,2.7641472816467285,5627444.5
61.5,48.74699783325195,-0.11553497612476349,-0.029403628781437874,854.9528198242188,-0.36661598086357117,1108.1009521484375,-0.6232176423072815,1036.9090576171875,-0.5549687147140503,1125.340087890625,-0.6248765587806702,0.6590360403060913,0.47492921352386475,0.4328317642211914,0.44336676597595215,0.4458767771720886,0.4513692855834961,-0.0027156472206115723,-0.0006372813950292766,0.0027340115047991276,0.0036631375551223755,0.00814460776746273,0.011683076620101929,2.732785940170288,0.45546430349349976,0.013292268849909306,-1.9660297766677104e-05,-0.002961303573101759,2.76385760307312,5626855.0
61.599998474121094,48.73511505126953,-0.11879518628120422,-0.03260207176208496,854.9161376953125,-0.36647719144821167,1108.0386962890625,-0.6221621036529541,1036.853515625,-0.5544360876083374,1125.2777099609375,-0.6226218938827515,0.6587655544281006,0.4748678207397461,0.43311163783073425,0.4437478184700012,0.44671329855918884,0.45256108045578003,-0.0026939446106553078,-0.0005908622988499701,0.0028640541713684797,0.003958470653742552,0.00858622882515192,0.012152654118835926,2.740924119949341,0.45682069659233093,0.013776583597064018,-5.154450718691805e-06,-0.0007763815228827298,2.7635679244995117,5626265.0
61.70000076293945,48.722904205322266,-0.12213381379842758,-0.0333862341940403,854.8795166015625,-0.366325318813324,1107.9765625,-0.6210609674453735,1036.7982177734375,-0.5538721680641174,1125.215576171875,-0.620295524597168,0.6584972739219666,0.4748111069202423,0.43340474367141724,0.4441587030887604,0.44759419560432434,0.45380011200904846,-0.0026716161519289017,-0.000542989291716367,0.002998434007167816,0.004259647335857153,0.00903189554810524,0.012627663090825081,2.749357223510742,0.45822620391845703,0.014273419044911861,9.625088750908617e-06,0.0014497648226097226,2.7632784843444824,5625676.0
61.79999923706055,48.71038055419922,-0.12523359060287476,-0.0309977475553751,854.8428955078125,-0.36615991592407227,1107.91455078125,-0.6199135780334473,1036.7427978515625,-0.5532763004302979,1125.1536865234375,-0.6178977489471436,0.658231258392334,0.4747592806816101,0.4337114989757538,0.444599986076355,0.44851985573768616,0.4550868570804596,-0.0026486623100936413,-0.0004936665645800531,0.003137100487947464,0.004566497635096312,0.009481286630034447,0.013106733560562134,2.758085250854492,0.4596808850765228,0.014763828366994858,2.4657094400026836e-05,0.0037139386404305696,2.762989044189453,5625086.5
61.900001525878906,48.69758987426758,-0.12789702415466309,-0.02663434110581875,854.8062744140625,-0.36598050594329834,1107.8525390625,-0.6187204122543335,1036.6875,-0.5526479482650757,1125.0919189453125,-0.615431010723114,0.6579675674438477,0.47471243143081665,0.4340323209762573,0.445072203874588,0.44949057698249817,0.45642149448394775,-0.002625103108584881,-0.00044294557301327586,0.003279830561950803,0.0048784250393509865,0.009932927787303925,0.013585255481302738,2.767099380493164,0.46118324995040894,0.01523551344871521,3.990330151282251e-05,0.0060103763826191425,2.762699842453003,5624498.0
62.0,48.68458557128906,-0.13004659116268158,-0.021495694294571877,854.7697143554688,-0.36578670144081116,1107.790771484375,-0.6174820065498352,1036.63232421875,-0.5519866943359375,1125.030517578125,-0.6128993034362793,0.6577062606811523,0.47467073798179626,0.4343676269054413,0.4455758333206177,0.4505064785480499,0.45780372619628906,-0.0026009688153862953,-0.00039090373320505023,0.0034263080451637506,0.0051946137100458145,0.010384821332991123,0.014057807624340057,2.7763864994049072,0.46273109316825867,0.01568274386227131,5.5318796512437984e-05,0.008332312107086182,2.762410879135132,5623909.0
62.099998474121094,48.67142105102539,-0.13164940476417542,-0.016028232872486115,854.7330932617188,-0.3655780255794525,1107.7291259765625,-0.6161993741989136,1036.5771484375,-0.5512921214103699,1124.9693603515625,-0.610306978225708,0.6574473977088928,0.4746342897415161,0.43471771478652954,0.446111261844635,0.45156747102737427,0.4592326581478119,-0.0025762959849089384,-0.0003376320528332144,0.0035761690232902765,0.0055141448974609375,0.010834785178303719,0.014519265852868557,2.785930633544922,0.4643217623233795,0.016101999208331108,7.085588003974408e-05,0.010672562755644321,2.7621219158172607,5623321.0
62.20000076293945,48.65817642211914,-0.13243582844734192,-0.007864181883633137,854.6965942382812,-0.36535409092903137,1107.6676025390625,-0.6148743033409119,1036.52197265625,-0.5505640506744385,1124.908447265625,-0.6076610088348389,0.6571910381317139,0.47460323572158813,0.43508297204971313,0.4466787278652191,0.4526732265949249,0.4607068598270416,-0.002551138633862138,-0.0002832661848515272,0.0037288896273821592,0.005835717543959618,0.011279689148068428,0.01496230810880661,2.7957074642181396,0.46595126390457153,0.016473911702632904,8.644363697385415e-05,0.013020445592701435,2.7618331909179688,5622733.0
62.29999923706055,48.64494705200195,-0.13228890299797058,0.0014692863915115595,854.6600341796875,-0.3651144504547119,1107.6060791015625,-0.6135091185569763,1036.467041015625,-0.5498024225234985,1124.847900390625,-0.6049701571464539,0.6569371819496155,0.4745776951313019,0.4354635775089264,0.4472784101963043,0.4538230299949646,0.46222400665283203,-0.002525568474084139,-0.0002279836480738595,0.0038837965112179518,0.0061576832085847855,0.011715607717633247,0.015378247015178204,2.80568528175354,0.46761423349380493,0.016788847744464874,0.00010200116958003491,0.015363776125013828,2.7615444660186768,5622145.5
62.400001525878906,48.63181686401367,-0.13129402697086334,0.00994869414716959,854.62353515625,-0.3648587763309479,1107.5447998046875,-0.6121065616607666,1036.412109375,-0.5490072965621948,1124.7874755859375,-0.6022434830665588,0.6566859483718872,0.47455766797065735,0.4358597695827484,0.44791021943092346,0.4550158381462097,0.46378111839294434,-0.0024996590800583363,-0.00017196651606354862,0.004040205385535955,0.006478395313024521,0.012138810008764267,0.015760201960802078,2.815831184387207,0.4693051874637604,0.01704954169690609,0.00011745504889404401,0.017691494897007942,2.761256217956543,5621558.5
62.5,48.61884307861328,-0.12975554168224335,0.01538492925465107,854.5870971679688,-0.3645867109298706,1107.4837646484375,-0.6106687188148499,1036.357177734375,-0.5481790900230408,1124.7274169921875,-0.5994881391525269,0.6564372777938843,0.4745433032512665,0.43627166748046875,0.4485739767551422,0.4562501907348633,0.46537458896636963,-0.002473468193784356,-0.00011535723024280742,0.0041975839994847775,0.006796614732593298,0.012546847574412823,0.016106022521853447,2.8261191844940186,0.4710198640823364,0.017273085191845894,0.00013275821402203292,0.019996510818600655,2.760967969894409,5620972.0
62.599998474121094,48.60609817504883,-0.1274362951517105,0.023192450404167175,854.5506591796875,-0.36429792642593384,1107.4227294921875,-0.6091982126235962,1036.3023681640625,-0.5473182201385498,1124.6676025390625,-0.5967121720314026,0.6561912298202515,0.47453463077545166,0.4366993010044098,0.4492693841457367,0.45752447843551636,0.46700069308280945,-0.0024470610078424215,-5.831787711940706e-05,0.0043553318828344345,0.00711095379665494,0.01293695904314518,0.01641245000064373,2.836520195007324,0.4727533757686615,0.017440810799598694,0.00014784320956096053,0.022268665954470634,2.7606799602508545,5620385.5
62.70000076293945,48.59366226196289,-0.12438920140266418,0.030470943078398705,854.5142211914062,-0.36399218440055847,1107.36181640625,-0.6076979637145996,1036.2476806640625,-0.5464252829551697,1124.6080322265625,-0.593924343585968,0.6559478640556335,0.4745316505432129,0.4371427297592163,0.4499959647655487,0.45883673429489136,0.4686552882194519,-0.0024205108638852835,-1.0276027069267002e-06,0.004512792453169823,0.007419905625283718,0.013306175358593464,0.016675760969519615,2.847001552581787,0.47450026869773865,0.01755441166460514,0.00016264725127257407,0.024498503655195236,2.760392189025879,5619800.0
62.79999923706055,48.58157730102539,-0.12085262686014175,0.035365696996450424,854.4778442382812,-0.363669216632843,1107.3011474609375,-0.6061704754829407,1036.193115234375,-0.5455011129379272,1124.548828125,-0.5911321043968201,0.6557071208953857,0.47453442215919495,0.43760183453559875,0.4507530927658081,0.460184782743454,0.4703340232372284,-0.0023938780650496483,5.636517744278535e-05,0.004669426009058952,0.007722285110503435,0.01365252397954464,0.016895489767193794,2.8575360774993896,0.47625601291656494,0.01762731745839119,0.00017712819681037217,0.02667967416346073,2.7601048946380615,5619214.5
62.900001525878906,48.569854736328125,-0.11719959229230881,0.03653038665652275,854.4414672851562,-0.3633289039134979,1107.2406005859375,-0.6046174764633179,1036.138671875,-0.5445464253425598,1124.4898681640625,-0.5883393883705139,0.6554691195487976,0.47454291582107544,0.43807655572891235,0.45154011249542236,0.461566299200058,0.47203272581100464,-0.0023671966046094894,0.0001137764411396347,0.004824936389923096,0.00801752507686615,0.01397578977048397,0.01707618124783039,2.8681085109710693,0.4780180752277374,0.01768265664577484,0.00019127610721625388,0.028810681775212288,2.759817600250244,5618630.0
63.0,48.55849075317383,-0.11366374045610428,0.03535852208733559,854.4051513671875,-0.36297106742858887,1107.1802978515625,-0.6030399203300476,1036.084228515625,-0.543562114238739,1124.43115234375,-0.5855473875999451,0.6552337408065796,0.47455719113349915,0.43856677412986755,0.4523563086986542,0.4629790484905243,0.47374793887138367,-0.002340477192774415,0.00017117981042247266,0.00497923931106925,0.00830559991300106,0.014277201145887375,0.017225589603185654,2.878713846206665,0.47978565096855164,0.01773521490395069,0.00020510118338279426,0.03089306317269802,2.759530544281006,5618045.5
63.099998474121094,48.54747009277344,-0.1102004423737526,0.03463299572467804,854.368896484375,-0.3625955879688263,1107.1199951171875,-0.6014385223388672,1036.0299072265625,-0.5425490736961365,1124.372802734375,-0.5827566981315613,0.6550009846687317,0.4745771586894989,0.4390723407268524,0.45320096611976624,0.4644209146499634,0.47547680139541626,-0.0023137268144637346,0.00022855964198242873,0.0051322923973202705,0.008586579002439976,0.014558146707713604,0.017350297421216965,2.8893492221832275,0.4815582036972046,0.01778203621506691,0.00021860979904886335,0.03292778134346008,2.759243965148926,5617462.0
63.20000076293945,48.53679656982422,-0.10670890659093857,0.03491529822349548,854.3326416015625,-0.3622024655342102,1107.0599365234375,-0.5998141765594482,1035.9757080078125,-0.5415079593658447,1124.3145751953125,-0.5799687504768372,0.6547709703445435,0.4746028780937195,0.4395931661128998,0.45407333970069885,0.4658898711204529,0.47721707820892334,-0.0022869580425322056,0.0002858838706742972,0.005283992737531662,0.00886038038879633,0.014819491654634476,0.017453983426094055,2.9000089168548584,0.48333483934402466,0.017816871404647827,0.00023179964045993984,0.03491447865962982,2.758957624435425,5616879.0
63.29999923706055,48.526485443115234,-0.10314562916755676,0.03563281521201134,854.2964477539062,-0.36179161071777344,1107.0001220703125,-0.598168134689331,1035.921630859375,-0.5404396057128906,1124.2567138671875,-0.5771855711936951,0.6545436382293701,0.4746343493461609,0.4401291012763977,0.4549727439880371,0.46738401055336,0.47896674275398254,-0.00226018950343132,0.0003431079094298184,0.005434191320091486,0.009126810356974602,0.015061714686453342,0.017538459971547127,2.910684585571289,0.48511412739753723,0.01783706247806549,0.0002446646394673735,0.03685224801301956,2.758671760559082,5616297.0
63.400001525878906,48.51655197143555,-0.09932359308004379,0.0382203571498394,854.2603149414062,-0.36136308312416077,1106.9403076171875,-0.5965020060539246,1035.86767578125,-0.5393447875976562,1124.19921875,-0.5744107961654663,0.6543189287185669,0.47467151284217834,0.4406799376010895,0.45589837431907654,0.4689014256000519,0.48072385787963867,-0.002233451697975397,0.00040015665581449866,0.005582629237323999,0.009385400451719761,0.015284490771591663,0.017602723091840744,2.9213626384735107,0.48689374327659607,0.017829464748501778,0.00025718260440044105,0.03873775154352188,2.7583858966827393,5615715.0
63.5,48.50703811645508,-0.09513590484857559,0.04187685623764992,854.2241821289062,-0.3609168529510498,1106.8807373046875,-0.5948179364204407,1035.813720703125,-0.5382243990898132,1124.141845703125,-0.5716496109962463,0.6540969014167786,0.47471436858177185,0.44124552607536316,0.45684945583343506,0.4704400599002838,0.4824862480163574,-0.002206788631156087,0.00045692361891269684,0.005728934891521931,0.009635405614972115,0.015486733056604862,0.017643628641963005,2.9320228099823,0.4886704683303833,0.017786167562007904,0.00026932224864140153,0.04056626930832863,2.7581005096435547,5615134.5
63.599998474121094,48.497989654541016,-0.09047921001911163,0.04656696692109108,854.1881103515625,-0.3604530692100525,1106.8214111328125,-0.5931186079978943,1035.760009765625,-0.5370794534683228,1124.0848388671875,-0.5689084529876709,0.6538775563240051,0.47476285696029663,0.44182562828063965,0.45782506465911865,0.47199785709381104,0.48425135016441345,-0.0021802543196827173,0.0005132759106345475,0.005872642155736685,0.009875861927866936,0.0156667772680521,0.017656777054071426,2.942641258239746,0.4904401898384094,0.01769874431192875,0.0002810433798003942,0.0423317477107048,2.7578155994415283,5614554.0
63.70000076293945,48.48945999145508,-0.0853058323264122,0.051733773201704025,854.152099609375,-0.3599717617034912,1106.7620849609375,-0.5914069414138794,1035.706298828125,-0.535910964012146,1124.028076171875,-0.5661949515342712,0.6536608338356018,0.4748169779777527,0.4424199163913727,0.45882418751716614,0.47357243299484253,0.4860161542892456,-0.0021539118606597185,0.0005690611433237791,0.0060132164508104324,0.010105649940669537,0.015822598710656166,0.017637351527810097,2.9531891345977783,0.4921981990337372,0.01756228692829609,0.0002923017891589552,0.044027525931596756,2.757530927658081,5613974.5
63.79999923706055,48.48149108886719,-0.07968606054782867,0.05619775503873825,854.1161499023438,-0.3594731390476227,1106.703125,-0.5896859765052795,1035.65283203125,-0.5347201228141785,1123.9715576171875,-0.56351637840271,0.6534467935562134,0.47487664222717285,0.44302812218666077,0.45984572172164917,0.47516128420829773,0.4877772331237793,-0.002127822721377015,0.0006241282681003213,0.006150135304778814,0.010323693975806236,0.01595235988497734,0.017581835389137268,2.9636390209198,0.4939398169517517,0.017379973083734512,0.0003030592924915254,0.04564785957336426,2.757246732711792,5613396.0
63.900001525878906,48.47415542602539,-0.07334907352924347,0.06336981803178787,854.0802001953125,-0.35895735025405884,1106.6441650390625,-0.5879595279693604,1035.599365234375,-0.5335083603858948,1123.9154052734375,-0.5608822107315063,0.6532352566719055,0.47494176030158997,0.4436497688293457,0.4608883857727051,0.47676169872283936,0.4895307123661041,-0.0021020660642534494,0.0006782857235521078,0.006282728631049395,0.010528573766350746,0.016053345054388046,0.017484376206994057,2.973954677581787,0.49565911293029785,0.01713048480451107,0.0003132545098196715,0.047183502465486526,2.756963014602661,5612818.0
64.0,48.46751403808594,-0.0664001926779747,0.06948882341384888,854.0443115234375,-0.3584246337413788,1106.58544921875,-0.5862315893173218,1035.546142578125,-0.5322771072387695,1123.859375,-0.5583025217056274,0.6530263423919678,0.47501227259635925,0.44428443908691406,0.4619508385658264,0.47837066650390625,0.49127206206321716,-0.0020767254754900932,0.000731330132111907,0.006410291418433189,0.010718798264861107,0.016122758388519287,0.017339717596769333,2.9840986728668213,0.4973497688770294,0.01681959256529808,0.00032283522887155414,0.04862658306956291,2.7566795349121094,5612241.0
64.0999984741211,48.461639404296875,-0.05876806378364563,0.0763213187456131,854.008544921875,-0.357875257730484,1106.5269775390625,-0.5845065116882324,1035.492919921875,-0.531028151512146,1123.8037109375,-0.5557878017425537,0.6528199315071106,0.4750880002975464,0.44493159651756287,0.46303150057792664,0.479984849691391,0.49299636483192444,-0.0020518884994089603,0.0007830490358173847,0.006532089784741402,0.010892832651734352,0.016157781705260277,0.017143134027719498,2.9940311908721924,0.49900516867637634,0.01643957756459713,0.00033174309646710753,0.04996831715106964,2.756396532058716,5611665.0
64.19999694824219,48.45656204223633,-0.05077085644006729,0.079972043633461,853.9727783203125,-0.3573095500469208,1106.4686279296875,-0.5827881097793579,1035.43994140625,-0.5297632217407227,1123.748291015625,-0.5533466339111328,0.6526159644126892,0.47516879439353943,0.445590615272522,0.464128702878952,0.48160073161125183,0.4946983754634857,-0.002027628244832158,0.0008332659490406513,0.006647528614848852,0.011049511842429638,0.016156718134880066,0.016893845051527023,3.003718852996826,0.5006198287010193,0.01601148210465908,0.00033994720433838665,0.05120404437184334,2.7561140060424805,5611090.0
64.30000305175781,48.45232391357422,-0.042360302060842514,0.08410555124282837,853.9370727539062,-0.3567279279232025,1106.410400390625,-0.5810801982879639,1035.386962890625,-0.5284842848777771,1123.6929931640625,-0.5509870052337646,0.6524143815040588,0.4752545654773712,0.44626080989837646,0.4652406573295593,0.4832146465778351,0.49637284874916077,-0.0020040126983076334,0.0008818174828775227,0.006756066344678402,0.011187815107405186,0.016118310391902924,0.016592133790254593,3.0131311416625977,0.502188503742218,0.015529817901551723,0.0003474125114735216,0.05232849717140198,2.7558319568634033,5610515.5
64.4000015258789,48.4489860534668,-0.03341320902109146,0.08947095274925232,853.9014282226562,-0.35613080859184265,1106.3524169921875,-0.5793870091438293,1035.334228515625,-0.5271934866905212,1123.6380615234375,-0.548718273639679,0.6522151231765747,0.47534510493278503,0.4469415247440338,0.4663654565811157,0.48482275009155273,0.4980144202709198,-0.0019811205565929413,0.0009285135311074555,0.006857067346572876,0.011306509375572205,0.016040725633502007,0.016236133873462677,3.0222318172454834,0.5037053227424622,0.01498468779027462,0.00035409341217018664,0.0533348023891449,2.7555503845214844,5609942.5
64.5,48.446556091308594,-0.02427779883146286,0.09135409444570541,853.8658447265625,-0.3555186688899994,1106.2945556640625,-0.57771235704422,1035.281494140625,-0.5258929133415222,1123.583251953125,-0.5465476512908936,0.652018129825592,0.47544020414352417,0.4476318955421448,0.46750110387802124,0.486421138048172,0.4996177554130554,-0.0019590144511312246,0.0009732048492878675,0.006950051989406347,0.011404759250581264,0.015923291444778442,0.01582759991288185,3.0309927463531494,0.5051654577255249,0.014400608837604523,0.00035997433587908745,0.05422060564160347,2.7552692890167236,5609370.0
64.5999984741211,48.445037841796875,-0.015193868428468704,0.09083929657936096,853.830322265625,-0.3548921048641205,1106.23681640625,-0.5760589838027954,1035.22900390625,-0.5245848298072815,1123.5286865234375,-0.5444791913032532,0.6518232822418213,0.4755396544933319,0.44833117723464966,0.4686455726623535,0.4880058169364929,0.5011778473854065,-0.0019377308199182153,0.0010158054064959288,0.007034775801002979,0.011482332833111286,0.015766948461532593,0.015372607856988907,3.0393965244293213,0.5065661072731018,0.013794162310659885,0.0003650602884590626,0.05498667061328888,2.754988431930542,5608798.5
64.69999694824219,48.44443893432617,-0.005996875464916229,0.09196992963552475,853.7948608398438,-0.3542516827583313,1106.1793212890625,-0.5744299292564392,1035.1766357421875,-0.5232714414596558,1123.474365234375,-0.5425173044204712,0.6516305208206177,0.4756432771682739,0.4490385055541992,0.46979671716690063,0.4895729422569275,0.502690315246582,-0.0019173090113326907,0.0010562234092503786,0.00711097614839673,0.011538945138454437,0.015572411008179188,0.014875177294015884,3.0474252700805664,0.5079042315483093,0.013153421692550182,0.0003693421313073486,0.0556316152215004,2.7547082901000977,5608228.0
64.80000305175781,48.44477462768555,0.003369993530213833,0.09366869181394577,853.7594604492188,-0.35359805822372437,1106.1219482421875,-0.5728285312652588,1035.1243896484375,-0.5219549536705017,1123.4202880859375,-0.5406672358512878,0.6514397859573364,0.47575080394744873,0.4497530162334442,0.47095248103141785,0.49111872911453247,0.5041510462760925,-0.0018977962899953127,0.0010943467495962977,0.007178317755460739,0.011574135161936283,0.015339814126491547,0.014336778782308102,3.0550570487976074,0.5091761946678162,0.012475022114813328,0.00037280580727383494,0.056153327226638794,2.7544286251068115,5607659.0
64.9000015258789,48.44607162475586,0.012958183884620667,0.09588190168142319,853.72412109375,-0.352931946516037,1106.064697265625,-0.5712583065032959,1035.072265625,-0.5206376314163208,1123.3662109375,-0.5389350056648254,0.6512508988380432,0.4758620262145996,0.4504737854003906,0.47211065888404846,0.49263930320739746,0.5055558085441589,-0.0018792449263855815,0.001130052376538515,0.00723642623052001,0.011587347835302353,0.015069003216922283,0.013757651671767235,3.062268018722534,0.5103780031204224,0.011755387298762798,0.00037543289363384247,0.05654902756214142,2.7541496753692627,5607090.5
65.0,48.4483642578125,0.02292812615633011,0.09969943016767502,853.6888427734375,-0.35225412249565125,1106.0076904296875,-0.5697231888771057,1035.020263671875,-0.519321858882904,1123.3125,-0.5373279452323914,0.651063859462738,0.47597670555114746,0.4511999189853668,0.4732690155506134,0.4941308796405792,0.5069006085395813,-0.0018617185996845365,0.0011631886009126902,0.007284826599061489,0.011577783152461052,0.014759108424186707,0.013135741464793682,3.069028615951538,0.5115047693252563,0.010982661508023739,0.0003771910851355642,0.05681385099887848,2.753870964050293,5606523.5
65.0999984741211,48.45164489746094,0.032825175672769547,0.09897050261497498,853.6536865234375,-0.3515653610229492,1105.9508056640625,-0.5682263970375061,1034.9683837890625,-0.5180100798606873,1123.2587890625,-0.5358505845069885,0.6508785486221313,0.4760945737361908,0.45193037390708923,0.4744252860546112,0.49558955430984497,0.5081811547279358,-0.0018452575895935297,0.0011936617083847523,0.007323260884732008,0.011545189656317234,0.014410782605409622,0.012474033050239086,3.075320243835449,0.5125533938407898,0.010190831497311592,0.00037808725028298795,0.05694883316755295,2.7535929679870605,5605957.5
65.19999694824219,48.45591354370117,0.04266972467303276,0.09844547510147095,853.6185302734375,-0.35086649656295776,1105.89404296875,-0.566770613193512,1034.9166259765625,-0.5167046189308167,1123.205322265625,-0.5345054864883423,0.6506947875022888,0.47621533274650574,0.4526641368865967,0.47557711601257324,0.4970115125179291,0.5093937516212463,-0.001829887623898685,0.0012214136077091098,0.0073516033589839935,0.011489646509289742,0.014025491662323475,0.011777345091104507,3.0811307430267334,0.5135217905044556,0.009378124959766865,0.00037812645314261317,0.05695474147796631,2.7533154487609863,5605392.5
65.30000305175781,48.46115493774414,0.05241014063358307,0.09740415960550308,853.58349609375,-0.3501584529876709,1105.83740234375,-0.5653584003448486,1034.864990234375,-0.5154078602790833,1123.15185546875,-0.5332948565483093,0.6505125164985657,0.4763387441635132,0.45340025424957275,0.47672227025032043,0.49839314818382263,0.5105351209640503,-0.001815631054341793,0.0012463955208659172,0.0073697627522051334,0.01141130831092596,0.013604806736111641,0.011049991473555565,3.086449384689331,0.5144082307815552,0.008549702353775501,0.0003773182106669992,0.05683300271630287,2.7530384063720703,5604828.5
65.4000015258789,48.467323303222656,0.061701659113168716,0.09291519969701767,853.5485229492188,-0.34944212436676025,1105.781005859375,-0.5639913082122803,1034.8135986328125,-0.5141221284866333,1123.0986328125,-0.532217800617218,0.6503316164016724,0.47646450996398926,0.4541376829147339,0.4778584837913513,0.4997311234474182,0.5116025805473328,-0.0018024842720478773,0.001268621301278472,0.007377879228442907,0.011310902424156666,0.013151739723980427,0.010300055146217346,3.0912771224975586,0.5152128338813782,0.007732624653726816,0.0003757016675081104,0.056589510291814804,2.7527620792388916,5604266.0
65.5,48.474365234375,0.07041630148887634,0.08714642375707626,853.5136108398438,-0.3487184941768646,1105.724609375,-0.5626700520515442,1034.76220703125,-0.5128495097160339,1123.04541015625,-0.5312706232070923,0.6501519680023193,0.47659236192703247,0.4548754394054413,0.478983610868454,0.5010223388671875,0.5125944018363953,-0.0017904216656461358,0.0012881588190793991,0.007376290392130613,0.011189624667167664,0.012670404277741909,0.009537684731185436,3.0956246852874756,0.5159374475479126,0.006937857251614332,0.0003733269404619932,0.056231819093227386,2.752486228942871,5603704.5
65.5999984741211,48.482215881347656,0.07851286232471466,0.0809655636548996,853.478759765625,-0.3479885458946228,1105.66845703125,-0.561394989490509,1034.7109375,-0.5115920901298523,1122.9923095703125,-0.5304483771324158,0.6499735116958618,0.47672203183174133,0.45561257004737854,0.48009562492370605,0.5022642016410828,0.5135098099708557,-0.001779407961294055,0.0013051002752035856,0.0073654185980558395,0.011048858053982258,0.01216517761349678,0.008772325702011585,3.0995075702667236,0.516584575176239,0.006170840002596378,0.0003702476678881794,0.05576800927519798,2.752211093902588,5603144.0
65.69999694824219,48.49079132080078,0.0857451856136322,0.07232323288917542,853.4440307617188,-0.3472532331943512,1105.6123046875,-0.5601654648780823,1034.659912109375,-0.5103515982627869,1122.9393310546875,-0.5297437310218811,0.6497960686683655,0.47685328125953674,0.456348180770874,0.4811926782131195,0.5034545660018921,0.5143490433692932,-0.0017693870468065143,0.001319587929174304,0.007345866411924362,0.010890406556427479,0.011641349643468857,0.008014973253011703,3.102950096130371,0.5171583294868469,0.0054526422172784805,0.0003665386757347733,0.05520934984087944,2.751936435699463,5602585.0
65.80000305175781,48.499977111816406,0.09184814989566803,0.06102968007326126,853.4093627929688,-0.3465135991573334,1105.556396484375,-0.5589797496795654,1034.60888671875,-0.5091295838356018,1122.8863525390625,-0.5291457772254944,0.6496195793151855,0.4769858419895172,0.4570814371109009,0.48227307200431824,0.5045919418334961,0.5151135325431824,-0.0017602741718292236,0.0013318349374458194,0.007318492978811264,0.010716669261455536,0.011105555109679699,0.0072793299332261086,3.105989933013916,0.5176649689674377,0.004805670119822025,0.00036229757824912667,0.05457053706049919,2.751662254333496,5602027.0
65.9000015258789,48.5096435546875,0.09668748080730438,0.04839329794049263,853.3746948242188,-0.3457706570625305,1105.5006103515625,-0.5578351020812988,1034.55810546875,-0.5079272389411926,1122.83349609375,-0.528640866279602,0.6494439840316772,0.4771195650100708,0.4578116238117218,0.4833354949951172,0.5056754946708679,0.5158061981201172,-0.0017519623506814241,0.001342107425443828,0.007284342311322689,0.010530464351177216,0.010565218515694141,0.0065797194838523865,3.1086747646331787,0.5181124806404114,0.004242979921400547,0.0003576334856916219,0.053868018090724945,2.7513887882232666,5601470.0
66.0,48.51963806152344,0.09991849213838577,0.03231014311313629,853.3402099609375,-0.34502533078193665,1105.44482421875,-0.5567273497581482,1034.50732421875,-0.5067453980445862,1122.7806396484375,-0.5282117128372192,0.649269163608551,0.4772542119026184,0.45853808522224426,0.4843788146972656,0.506705105304718,0.5164315104484558,-0.0017443137476220727,0.0013507474213838577,0.007244728039950132,0.010335227474570274,0.010029085911810398,0.005932820960879326,3.1110661029815674,0.5185109972953796,0.003794013289734721,0.00035268525243736804,0.05312269553542137,2.7511160373687744,5600914.5
66.0999984741211,48.529788970947266,0.10151505470275879,0.015965592116117477,853.3057250976562,-0.34427860379219055,1105.38916015625,-0.5556514859199524,1034.4566650390625,-0.5055844783782959,1122.7279052734375,-0.5278387665748596,0.6490950584411621,0.4773896634578705,0.45926040410995483,0.48540231585502625,0.5076817870140076,0.5169954895973206,-0.0017371720168739557,0.0013581413077190518,0.007201116532087326,0.010134704411029816,0.00950631219893694,0.005354541819542646,3.113233804702759,0.5188722610473633,0.003464161418378353,0.0003475939156487584,0.052355822175741196,2.7508435249328613,5600360.0
66.19999694824219,48.539981842041016,0.10193554311990738,0.004204864148050547,853.2713012695312,-0.34353137016296387,1105.333740234375,-0.554603099822998,1034.40625,-0.5044444799423218,1122.675048828125,-0.5275054574012756,0.6489217281341553,0.4775258004665375,0.4599781930446625,0.4864056706428528,0.5086072087287903,0.517505407333374,-0.0017304045613855124,0.001364616909995675,0.0071547445841133595,0.00993200670927763,0.009003865532577038,0.00485234847292304,3.115237236022949,0.5192062258720398,0.0032230147626250982,0.0003424609894864261,0.051582686603069305,2.7505719661712646,5599807.0
66.30000305175781,48.55015563964844,0.1017514020204544,-0.001841400284320116,853.2369995117188,-0.34278443455696106,1105.2783203125,-0.5535792708396912,1034.3558349609375,-0.5033251047134399,1122.622314453125,-0.5272011756896973,0.6487489938735962,0.4776625633239746,0.46069127321243286,0.4873887300491333,0.5094835162162781,0.5179688334465027,-0.0017239265143871307,0.0013703838922083378,0.007106404285877943,0.009729083627462387,0.00852523185312748,0.004422926343977451,3.117114782333374,0.5195190906524658,0.003031488973647356,0.0003373388317413628,0.05081116408109665,2.750300884246826,5599255.0
66.4000015258789,48.560279846191406,0.10122100263834,-0.0053040022030472755,853.2027587890625,-0.3420386016368866,1105.2230224609375,-0.5525781512260437,1034.3055419921875,-0.5022260546684265,1122.5697021484375,-0.5269196033477783,0.6485769152641296,0.4777998626232147,0.4613994359970093,0.4883515238761902,0.5103132724761963,0.5183925628662109,-0.001717685954645276,0.0013755708932876587,0.007056582719087601,0.009527094662189484,0.008071612566709518,0.004057728219777346,3.118889093399048,0.5198148488998413,0.0028726074378937483,0.00033225741935893893,0.05004578456282616,2.750030279159546,5598704.0
66.5,48.5703239440918,0.10046210885047913,-0.007588901091367006,853.1685791015625,-0.34129461646080017,1105.167724609375,-0.5515983700752258,1034.25537109375,-0.5011467933654785,1122.5169677734375,-0.5266561508178711,0.6484054327011108,0.47793763875961304,0.4621025323867798,0.4892942011356354,0.5110988616943359,0.5187826156616211,-0.0017116459785029292,0.001380269299261272,0.007005627732723951,0.00932682678103447,0.0076432004570961,0.003747571026906371,3.120576858520508,0.5200961232185364,0.00273822876624763,0.00032723663025535643,0.049289535731077194,2.749760150909424,5598154.5
66.5999984741211,48.580284118652344,0.09960047155618668,-0.008616381324827671,853.134521484375,-0.34055304527282715,1105.1126708984375,-0.5506389737129211,1034.205322265625,-0.5000868439674377,1122.46435546875,-0.5264078378677368,0.6482345461845398,0.47807589173316956,0.4628005027770996,0.4902169704437256,0.5118428468704224,0.5191439390182495,-0.001705781789496541,0.0013845412759110332,0.006953774485737085,0.009128781966865063,0.007239446043968201,0.0034833333920687437,3.1221892833709717,0.5203648805618286,0.0026189496275037527,0.00032228545751422644,0.048543769866228104,2.749490976333618,5597606.0
66.69999694824219,48.590179443359375,0.09896022081375122,-0.006402525119483471,853.1004638671875,-0.33981457352638245,1105.0576171875,-0.5496998429298401,1034.1553955078125,-0.49904581904411316,1122.4117431640625,-0.526174783706665,0.6480642557144165,0.4782145321369171,0.4634932577610016,0.49112004041671753,0.5125476121902466,0.5194806456565857,-0.0017000939697027206,0.0013883860083296895,0.006901025306433439,0.008932873606681824,0.0068582808598876,0.003253352828323841,3.123725652694702,0.5206209421157837,0.002490175189450383,0.0003173849545419216,0.04780564084649086,2.7492220401763916,5597059.0
66.80000305175781,48.60002517700195,0.09844335168600082,-0.005168653558939695,853.0665283203125,-0.33907967805862427,1105.002685546875,-0.548781156539917,1034.10546875,-0.49802327156066895,1122.359130859375,-0.5259578227996826,0.647894561290741,0.4783535599708557,0.46418067812919617,0.4920036196708679,0.5132153034210205,0.5197955965995789,-0.001694588572718203,0.0013917895266786218,0.0068473354913294315,0.008738896809518337,0.006497480906546116,0.003047953126952052,3.125183582305908,0.520863950252533,0.0023590216878801584,0.000312524673063308,0.04707356542348862,2.7489538192749023,5596513.0
66.9000015258789,48.60981369018555,0.09786989539861679,-0.00573456147685647,853.0326538085938,-0.3383488953113556,1104.9478759765625,-0.5478824377059937,1034.0557861328125,-0.4970189332962036,1122.3065185546875,-0.5257560610771179,0.6477253437042236,0.4784928858280182,0.4648627042770386,0.49286791682243347,0.5138478875160217,0.5200909972190857,-0.001689257682301104,0.0013947718543931842,0.006792782805860043,0.008546962402760983,0.006155852694064379,0.0028624660335481167,3.126566171646118,0.5210943222045898,0.002237802604213357,0.00030770956072956324,0.04634829983115196,2.7486863136291504,5595968.0
67.0,48.61948776245117,0.09674833714962006,-0.011215612292289734,852.9989013671875,-0.33762267231941223,1104.8931884765625,-0.5470019578933716,1034.006103515625,-0.4960324466228485,1122.25390625,-0.5255640149116516,0.6475566625595093,0.47863247990608215,0.46553921699523926,0.4937131404876709,0.5144473314285278,0.5203690528869629,-0.0016840569442138076,0.0013974430039525032,0.006737778894603252,0.008358005434274673,0.005834558513015509,0.0027003390714526176,3.1278932094573975,0.5213155150413513,0.002162804128602147,0.00030298708588816226,0.04563698172569275,2.7484192848205566,5595424.5
67.0999984741211,48.62897491455078,0.09487572312355042,-0.018726103007793427,852.9651489257812,-0.3369014263153076,1104.8385009765625,-0.5461369156837463,1033.95654296875,-0.49506330490112305,1122.201416015625,-0.5253725647926331,0.6473885178565979,0.47877237200737,0.466210275888443,0.49453970789909363,0.515015721321106,0.5206323862075806,-0.0016789117362350225,0.0013999859802424908,0.006682997569441795,0.008173597976565361,0.005536479875445366,0.002569654257968068,3.1291985511779785,0.5215330719947815,0.002148970728740096,0.00029842209187336266,0.04494938999414444,2.748152732849121,5594882.0
67.19999694824219,48.638221740722656,0.09247266501188278,-0.024030622094869614,852.9315185546875,-0.3361855149269104,1104.783935546875,-0.5452843904495239,1033.9071044921875,-0.4941108524799347,1122.1488037109375,-0.5251733660697937,0.6472209095954895,0.47891250252723694,0.4668758511543274,0.49534809589385986,0.5155556201934814,0.5208845138549805,-0.0016737541882321239,0.0014025679556652904,0.006629046984016895,0.007995122112333775,0.005263872444629669,0.002475217217579484,3.1305124759674072,0.5217520594596863,0.002180827548727393,0.0002940605045296252,0.04429243132472038,2.747886896133423,5594340.5
67.30000305175781,48.647186279296875,0.08965950459241867,-0.028131568804383278,852.8978881835938,-0.33547526597976685,1104.7294921875,-0.5444419980049133,1033.8577880859375,-0.493174284696579,1122.0963134765625,-0.5249599814414978,0.6470537781715393,0.47905290126800537,0.4675361216068268,0.4961390197277069,0.5160695910453796,0.5211290121078491,-0.0016685298178344965,0.0014053222257643938,0.0065764086320996284,0.007823620922863483,0.005017988849431276,0.002418157644569874,3.131859540939331,0.5219765901565552,0.0022511121351271868,0.0002899377141147852,0.043671440333127975,2.747621536254883,5593800.0
67.4000015258789,48.655853271484375,0.08664872497320175,-0.030107811093330383,852.8643798828125,-0.33477091789245605,1104.675048828125,-0.5436078906059265,1033.8084716796875,-0.49225279688835144,1122.0438232421875,-0.5247277021408081,0.6468871831893921,0.4791935682296753,0.4681912064552307,0.4969131350517273,0.5165603160858154,0.5213695764541626,-0.0016632004408165812,0.0014083419227972627,0.006525410804897547,0.007659740746021271,0.004798982758074999,0.0023962620180100203,3.1332571506500244,0.5222095251083374,0.002344798529520631,0.00028607083368115127,0.04308899864554405,2.747356653213501,5593261.0
67.5,48.66421127319336,0.08357817679643631,-0.03070550411939621,852.8309326171875,-0.3340727388858795,1104.6207275390625,-0.5427806973457336,1033.75927734375,-0.49134546518325806,1121.991455078125,-0.5244739651679993,0.6467211842536926,0.4793345630168915,0.4688412845134735,0.4976712763309479,0.5170304775238037,0.5216095447540283,-0.0016577433561906219,0.0014116824604570866,0.006476239766925573,0.007503766566514969,0.004606061149388552,0.0024050234351307154,3.1347153186798096,0.5224525332450867,0.002452203771099448,0.0002824651019182056,0.04254588857293129,2.7470924854278564,5592723.0
67.5999984741211,48.67226791381836,0.08058339357376099,-0.029947834089398384,852.797607421875,-0.3333808481693268,1104.5665283203125,-0.5419595241546631,1033.710205078125,-0.490451455116272,1121.93896484375,-0.5241978168487549,0.6465556621551514,0.4794759154319763,0.4694865345954895,0.49841421842575073,0.5174825191497803,0.521851658821106,-0.0016521490179002285,0.001415366306900978,0.006428961176425219,0.007355677429586649,0.00443768547847867,0.002438583178445697,3.1362385749816895,0.5227063894271851,0.0025631811004132032,0.00027911391225643456,0.042041122913360596,2.74682879447937,5592186.5
67.69999694824219,48.68002700805664,0.07759400457143784,-0.0298939049243927,852.7642822265625,-0.3326954245567322,1104.5123291015625,-0.5411434173583984,1033.6611328125,-0.48956993222236633,1121.8865966796875,-0.5238983035087585,0.6463907361030579,0.4796176552772522,0.4701271653175354,0.49914273619651794,0.5179189443588257,0.522098183631897,-0.0016464084619656205,0.0014194149989634752,0.006383634638041258,0.0072154453955590725,0.004292422905564308,0.0024925146717578173,3.137830972671509,0.5229718089103699,0.002682811813428998,0.00027601688634604216,0.0415746346116066,2.746565580368042,5591650.5
67.80000305175781,48.68748474121094,0.07456947863101959,-0.03024519979953766,852.7310180664062,-0.3320164978504181,1104.458251953125,-0.5403314232826233,1033.6123046875,-0.4887000620365143,1121.834228515625,-0.5235739946365356,0.6462264060974121,0.4797598123550415,0.47076335549354553,0.499857634305954,0.5183418989181519,0.5223509669303894,-0.0016405080677941442,0.0014238610165193677,0.006340360268950462,0.007083142641931772,0.004169226624071598,0.0025643096305429935,3.139498710632324,0.5232497453689575,0.0028135094325989485,0.00027317696367390454,0.04114687815308571,2.746303081512451,5591116.0
67.9000015258789,48.69463348388672,0.07148930430412292,-0.030801735818386078,852.6978759765625,-0.3313441872596741,1104.404296875,-0.5395224094390869,1033.5634765625,-0.48784101009368896,1121.7818603515625,-0.5232231616973877,0.6460626721382141,0.479902446269989,0.4713953137397766,0.5005596876144409,0.5187536478042603,0.5226117372512817,-0.0016344323521479964,0.0014287418453022838,0.006299256347119808,0.00695888651534915,0.004067268222570419,0.0026524842251092196,3.141248941421509,0.5235415101051331,0.002956500044092536,0.000270599004579708,0.04075857624411583,2.7460410594940186,5590582.5
68.0,48.701480865478516,0.06846969574689865,-0.03019614890217781,852.664794921875,-0.33067843317985535,1104.350341796875,-0.5387154221534729,1033.5146484375,-0.4869920313358307,1121.7294921875,-0.5228449106216431,0.6458995342254639,0.4800455868244171,0.47202327847480774,0.5012497305870056,0.5191561579704285,0.5228821039199829,-0.0016281727002933621,0.0014340775087475777,0.006260375026613474,0.006842631846666336,0.003985347226262093,0.00275456253439188,3.143085479736328,0.5238475799560547,0.0031028343364596367,0.00026827771216630936,0.04040893539786339,2.745779514312744,5590050.0
68.0999984741211,48.708038330078125,0.06556188315153122,-0.029078073799610138,852.6317138671875,-0.3300192654132843,1104.2965087890625,-0.5379098653793335,1033.466064453125,-0.486152321100235,1121.67724609375,-0.5224393606185913,0.6457369923591614,0.4801892936229706,0.472647488117218,0.5019285082817078,0.5195514559745789,0.5231631994247437,-0.0016217281809076667,0.0014398692874237895,0.006223700940608978,0.006734167225658894,0.003921903669834137,0.002867296803742647,3.1450090408325195,0.5241681933403015,0.003248619381338358,0.0002662033948581666,0.04009649530053139,2.745518445968628,5589518.5
68.19999694824219,48.71430969238281,0.06271795928478241,-0.028439262881875038,852.5987548828125,-0.32936662435531616,1104.2427978515625,-0.5371052026748657,1033.41748046875,-0.48532116413116455,1121.6251220703125,-0.5220064520835876,0.6455751657485962,0.4803335666656494,0.4732681214809418,0.5025968551635742,0.5199412703514099,0.5234559774398804,-0.0016150969313457608,0.0014461210230365396,0.006189226172864437,0.006633308250457048,0.0038755652494728565,0.0029884485993534327,3.1470205783843994,0.5245034098625183,0.0033971029333770275,0.00026437046471983194,0.039820414036512375,2.74525785446167,5588988.5
68.30000305175781,48.72027587890625,0.05964898318052292,-0.030689770355820656,852.5658569335938,-0.32872048020362854,1104.1890869140625,-0.536300003528595,1033.3690185546875,-0.4844978153705597,1121.5728759765625,-0.5215436816215515,0.6454139947891235,0.48047852516174316,0.4738854169845581,0.5032554864883423,0.5203272700309753,0.5237613916397095,-0.0016082572983577847,0.0014528853353112936,0.006157123018056154,0.006540321744978428,0.00384628982283175,0.003120099427178502,3.149129867553711,0.5248550176620483,0.003569657914340496,0.00026279836311005056,0.03958361595869064,2.744997978210449,5588459.0
68.4000015258789,48.72589111328125,0.05618056282401085,-0.0346841923892498,852.5330200195312,-0.3280806839466095,1104.135498046875,-0.5354921221733093,1033.320556640625,-0.48368147015571594,1121.520751953125,-0.521045982837677,0.6452535390853882,0.48062416911125183,0.4744996428489685,0.5039052963256836,0.5207113027572632,0.5240806937217712,-0.0016011663246899843,0.0014602658338844776,0.006127750501036644,0.006455934140831232,0.0038353176787495613,0.0032676977571099997,3.1513564586639404,0.5252260565757751,0.0037790993228554726,0.0002615214616525918,0.03939128667116165,2.7447385787963867,5587930.5
68.5,48.73112869262695,0.052354391664266586,-0.038261715322732925,852.500244140625,-0.32744714617729187,1104.08203125,-0.5346792936325073,1033.272216796875,-0.48287129402160645,1121.4686279296875,-0.5205078125,0.6450937986373901,0.48077061772346497,0.47511109709739685,0.5045470595359802,0.5210951566696167,0.5244158506393433,-0.0015937777934595942,0.0014683749759569764,0.006101496983319521,0.006380935199558735,0.0038440129719674587,0.0034359910059720278,3.1537210941314697,0.52562016248703,0.004022839013487101,0.0002605706104077399,0.039248064160346985,2.7444794178009033,5587403.5
68.5999984741211,48.7359619140625,0.048355817794799805,-0.039985720068216324,852.467529296875,-0.3268197178840637,1104.028564453125,-0.5338595509529114,1033.2239990234375,-0.48206627368927,1121.4166259765625,-0.5199251174926758,0.6449347734451294,0.48091790080070496,0.4757201075553894,0.5051818490028381,0.521480917930603,0.5247688889503479,-0.0015860575949773192,0.0014772950671613216,0.006078634411096573,0.006315814796835184,0.003872874891385436,0.003626217832788825,3.1562395095825195,0.5260398983955383,0.0042879399843513966,0.0002599605650175363,0.03915617614984512,2.7442209720611572,5586877.5
68.69999694824219,48.74040603637695,0.0444076806306839,-0.03948137164115906,852.4348754882812,-0.32619819045066833,1103.9752197265625,-0.5330315828323364,1033.17578125,-0.48126542568206787,1121.36474609375,-0.5192964673042297,0.6447765827178955,0.48106610774993896,0.47632697224617004,0.5058106780052185,0.5218705534934998,0.5251419544219971,-0.0015779915265738964,0.0014870594022795558,0.006059254985302687,0.006260607857257128,0.003921155352145433,0.003835619892925024,3.1589181423187256,0.5264863967895508,0.004558451008051634,0.00025968681438826025,0.03911494463682175,2.7439630031585693,5586352.0
68.80000305175781,48.744476318359375,0.04072488471865654,-0.036827970296144485,852.4022827148438,-0.3255823850631714,1103.9219970703125,-0.5321950316429138,1033.1278076171875,-0.480467826128006,1121.312744140625,-0.518622875213623,0.6446192264556885,0.48121532797813416,0.4769320785999298,0.5064343810081482,0.5222658514976501,0.5255366563796997,-0.0015695863403379917,0.0014976494712755084,0.0060432590544223785,0.0062148733995854855,0.003986875060945749,0.004058177582919598,3.1617543697357178,0.5269590616226196,0.004818401765078306,0.0002597262500785291,0.039120886474847794,2.7437055110931396,5585828.0
68.9000015258789,48.74819564819336,0.037186864763498306,-0.03538021817803383,852.3697509765625,-0.32497209310531616,1103.8687744140625,-0.5313494205474854,1033.0797119140625,-0.47967255115509033,1121.260986328125,-0.5179054737091064,0.6444627046585083,0.4813656806945801,0.47753575444221497,0.5070539712905884,0.5226685404777527,0.525954008102417,-0.0015608487883582711,0.0015090473461896181,0.006030549295246601,0.006178190000355244,0.0040682340040802956,0.004289476200938225,3.1647450923919678,0.5274575352668762,0.005076659843325615,0.0002600662410259247,0.03917209804058075,2.743448495864868,5585304.5
69.0,48.75154113769531,0.03346429765224457,-0.03722565621137619,852.3372802734375,-0.3243670165538788,1103.815673828125,-0.5304933786392212,1033.0318603515625,-0.47887876629829407,1121.209228515625,-0.5171422362327576,0.6443070769309998,0.4815171957015991,0.4781383275985718,0.5076704025268555,0.5230801701545715,0.5263950228691101,-0.0015517608262598515,0.0015212957514449954,0.006021253764629364,0.006150702480226755,0.004165096208453178,0.004530873615294695,3.1678988933563232,0.5279831290245056,0.00535731203854084,0.0002607225615065545,0.039270948618650436,2.743191957473755,5584782.5
69.0999984741211,48.75444793701172,0.02906987816095352,-0.04394419118762016,852.3048706054688,-0.32376688718795776,1103.7626953125,-0.5296240448951721,1032.9840087890625,-0.4780854880809784,1121.1575927734375,-0.516325831413269,0.6441523432731628,0.48166996240615845,0.4787401854991913,0.5082845687866211,0.5235023498535156,0.5268610715866089,-0.0015422618016600609,0.0015345418360084295,0.006015882361680269,0.006133507005870342,0.00427995016798377,0.004791395738720894,3.171243190765381,0.5285404920578003,0.0056970128789544106,0.0002617530117277056,0.03942616283893585,2.7429358959198,5584261.0
69.19999694824219,48.756839752197266,0.02391153573989868,-0.0515834279358387,852.2725219726562,-0.323171466588974,1103.709716796875,-0.528737485408783,1032.9361572265625,-0.47729164361953735,1121.10595703125,-0.5154460072517395,0.6439986228942871,0.48182412981987,0.47934168577194214,0.508897602558136,0.5239370465278625,0.5273546576499939,-0.001532267197035253,0.0015489906072616577,0.006015152204781771,0.00612819567322731,0.004416516982018948,0.005082142073661089,3.174816131591797,0.5291360020637512,0.006103388499468565,0.00026322348276153207,0.039647649973630905,2.742680311203003,5583740.5
69.30000305175781,48.75868225097656,0.018406694754958153,-0.05504840984940529,852.240234375,-0.32258036732673645,1103.656982421875,-0.5278306007385254,1032.8885498046875,-0.4764959216117859,1121.054443359375,-0.5144954323768616,0.6438459157943726,0.4819798171520233,0.4799434244632721,0.5095106959342957,0.5243865847587585,0.5278790593147278,-0.0015217149630188942,0.0015647922409698367,0.00601957505568862,0.006135821342468262,0.00457686698064208,0.005407250486314297,3.1786460876464844,0.5297743082046509,0.0065467641688883305,0.00026516354409977794,0.039939869195222855,2.7424252033233643,5583221.5
69.4000015258789,48.75997543334961,0.01294312160462141,-0.054635729640722275,852.2080078125,-0.32199326157569885,1103.604248046875,-0.5269014239311218,1032.8409423828125,-0.47569695115089417,1121.0030517578125,-0.513471245765686,0.643694281578064,0.48213714361190796,0.4805458188056946,0.5101252794265747,0.5248534083366394,0.5284374952316284,-0.0015105798374861479,0.0015820057597011328,0.006029320880770683,0.006156574934720993,0.0047606308944523335,0.005762902088463306,3.1827445030212402,0.5304574370384216,0.00699992198497057,0.00026756932493299246,0.04030223563313484,2.742170572280884,5582703.0
69.5,48.760704040527344,0.0073062963783741,-0.05636825039982796,852.1758422851562,-0.32140976190567017,1103.551513671875,-0.5259480476379395,1032.7933349609375,-0.47489336133003235,1120.9517822265625,-0.5123704671859741,0.6435438394546509,0.48229628801345825,0.48114949464797974,0.5107426047325134,0.5253397226333618,0.5290328860282898,-0.0014988345792517066,0.0016006954247131944,0.006044579204171896,0.006190693937242031,0.0049676233902573586,0.0061467960476875305,3.187124490737915,0.5311874151229858,0.007480314467102289,0.0002704554353840649,0.04073695093393326,2.7419164180755615,5582185.5
69.5999984741211,48.760860443115234,0.00153773941565305,-0.05768556892871857,852.1437377929688,-0.3208294212818146,1103.4990234375,-0.5249682664871216,1032.7459716796875,-0.4740837514400482,1120.900634765625,-0.5111892223358154,0.6433945298194885,0.48245736956596375,0.48175498843193054,0.5113639831542969,0.5258479118347168,0.5296680927276611,-0.0014864468248561025,0.0016209378372877836,0.0060655828565359116,0.006238522008061409,0.0051979804411530495,0.006558092776685953,3.191800594329834,0.5319667458534241,0.007984442636370659,0.0002738328475970775,0.04124566912651062,2.7416627407073975,5581669.0
69.69999694824219,48.760414123535156,-0.004462546668946743,-0.06000285968184471,852.1116943359375,-0.32025185227394104,1103.446533203125,-0.5239596962928772,1032.6986083984375,-0.47326669096946716,1120.8494873046875,-0.5099232792854309,0.643246591091156,0.4826205372810364,0.48236286640167236,0.5119908452033997,0.5263803005218506,0.5303457975387573,-0.0014733787393197417,0.001642822753638029,0.006092611234635115,0.006300517823547125,0.005452167242765427,0.006997227668762207,3.1967902183532715,0.5327984094619751,0.008520642295479774,0.000277721177553758,0.04183134064078331,2.7414095401763916,5581153.5
69.80000305175781,48.75931930541992,-0.010945376008749008,-0.0648282989859581,852.0797119140625,-0.3196765184402466,1103.3941650390625,-0.5229189991950989,1032.6512451171875,-0.4724406599998474,1120.798583984375,-0.5085656642913818,0.6430999040603638,0.48278599977493286,0.48297375440597534,0.5126246809959412,0.5269393920898438,0.5310689806938171,-0.00145957141648978,0.0016664911527186632,0.006126129999756813,0.0063775936141610146,0.005731894634664059,0.007468472700566053,3.202120542526245,0.5336867570877075,0.00910880696028471,0.00028216163627803326,0.04250017926096916,2.741156578063965,5580638.5
69.9000015258789,48.757545471191406,-0.017740553244948387,-0.06795177608728409,852.0477905273438,-0.3191029131412506,1103.342041015625,-0.5218430757522583,1032.60400390625,-0.47160404920578003,1120.747802734375,-0.5071096420288086,0.6429547071456909,0.48295390605926514,0.4835883677005768,0.5132670402526855,0.5275278091430664,0.5318410992622375,-0.0014449674636125565,0.0016920806374400854,0.006166587583720684,0.006470608524978161,0.00603865273296833,0.00797471683472395,3.207817792892456,0.5346362590789795,0.009736749343574047,0.0002871807082556188,0.04325617104768753,2.7409043312072754,5580125.0
70.0,48.755088806152344,-0.024541111662983894,-0.06800557672977448,852.015869140625,-0.31853052973747253,1103.289794921875,-0.5207294225692749,1032.556884765625,-0.47075513005256653,1120.6971435546875,-0.5055513381958008,0.6428109407424927,0.4831244945526123,0.4842073619365692,0.513919472694397,0.5281482338905334,0.5326654314994812,-0.0014295339351519942,0.001719668391160667,0.006214207038283348,0.0065798466093838215,0.0063723111525177956,0.00851353071630001,3.2138969898223877,0.5356494784355164,0.010382534004747868,0.0002927782479673624,0.044099293649196625,2.740652322769165,5579612.0
70.0999984741211,48.75196838378906,-0.03121238946914673,-0.06671277433633804,851.9840698242188,-0.3179587423801422,1103.23779296875,-0.5195763111114502,1032.5098876953125,-0.4698922634124756,1120.646728515625,-0.5038895010948181,0.6426687836647034,0.4832979440689087,0.4848315119743347,0.5145836472511292,0.5288033485412598,0.5335450768470764,-0.0014132560463622212,0.001749286544509232,0.006269045174121857,0.00670517748221755,0.006731640547513962,0.009079731069505215,3.220365524291992,0.5367275476455688,0.01103684026747942,0.00029894246836192906,0.04502777010202408,2.740401029586792,5579100.0
70.19999694824219,48.74820327758789,-0.037675097584724426,-0.06462709605693817,851.9522705078125,-0.3173869550228119,1103.1859130859375,-0.5183823704719543,1032.4630126953125,-0.4690137803554535,1120.596435546875,-0.5021237134933472,0.6425283551216125,0.4834744334220886,0.4854614734649658,0.515261173248291,0.5294955968856812,0.5344824194908142,-0.0013961289077997208,0.0017809434793889523,0.006331069860607386,0.006846259348094463,0.007114926353096962,0.009667638689279556,3.2272260189056396,0.5378710031509399,0.011693546548485756,0.00030565468478016555,0.04603878781199455,2.740149974822998,5578589.0
70.30000305175781,48.743778228759766,-0.044239409267902374,-0.06564310938119888,851.9205932617188,-0.3168145418167114,1103.1341552734375,-0.5171455144882202,1032.4161376953125,-0.4681181013584137,1120.5462646484375,-0.5002516508102417,0.6423895955085754,0.4836542010307312,0.4860980212688446,0.515953540802002,0.5302273035049438,0.5354796051979065,-0.0013781297020614147,0.0018146912334486842,0.0064004105515778065,0.0070031569339334965,0.007521681487560272,0.010276379995048046,3.2344892024993896,0.5390815734863281,0.012376632541418076,0.00031292304629459977,0.04713357239961624,2.7398993968963623,5578079.0
70.4000015258789,48.73869323730469,-0.05082735791802406,-0.06587950140237808,851.888916015625,-0.3162408173084259,1103.08251953125,-0.5158635377883911,1032.369384765625,-0.4672035574913025,1120.496337890625,-0.49827006459236145,0.6422527432441711,0.48383745551109314,0.4867418706417084,0.5166624188423157,0.5310009121894836,0.5365387201309204,-0.0013592300238087773,0.0018505952320992947,0.006477245129644871,0.007176057435572147,0.007951793260872364,0.010906253941357136,3.242168664932251,0.5403614640235901,0.01307962741702795,0.0003207488334737718,0.04831232130527496,2.7396492958068848,5577570.0
70.5,48.73295211791992,-0.057435788214206696,-0.06608428806066513,851.8573608398438,-0.3156651258468628,1103.031005859375,-0.5145342946052551,1032.3226318359375,-0.46626853942871094,1120.4466552734375,-0.49617618322372437,0.6421177983283997,0.48402440547943115,0.4873937666416168,0.5173894166946411,0.5318186283111572,0.5376618504524231,-0.0013394042616710067,0.001888714381493628,0.006561725400388241,0.007365087047219276,0.008405007421970367,0.011557035148143768,3.2502760887145996,0.5417127013206482,0.013803106732666492,0.0003291330940555781,0.049575187265872955,2.7393996715545654,5577061.5
70.5999984741211,48.72655487060547,-0.06397400796413422,-0.06538219749927521,851.8258056640625,-0.3150867223739624,1102.9796142578125,-0.5131557583808899,1032.276123046875,-0.4653114080429077,1120.3970947265625,-0.49396780133247375,0.6419848799705505,0.48421528935432434,0.4880545139312744,0.5181361436843872,0.5326828360557556,0.5388510823249817,-0.001318632042966783,0.0019290943164378405,0.006653954274952412,0.007570245768874884,0.008880754001438618,0.012227516621351242,3.258821487426758,0.5431369543075562,0.014540405943989754,0.00033806898863986135,0.05092114582657814,2.7391505241394043,5576554.5
70.69999694824219,48.71951675415039,-0.07038956880569458,-0.06415558606386185,851.7943115234375,-0.3145049214363098,1102.9283447265625,-0.5117262601852417,1032.2296142578125,-0.4643305242061615,1120.347900390625,-0.49164360761642456,0.6418541073799133,0.4844103157520294,0.48872488737106323,0.5189041495323181,0.5335956811904907,0.5401082634925842,-0.0012968993978574872,0.0019717649556696415,0.0067539759911596775,0.007791393436491489,0.009378128685057163,0.01291563268750906,3.2678117752075195,0.5446352958679199,0.015287845395505428,0.00034754510852508247,0.05234847217798233,2.7389018535614014,5576048.0
70.80000305175781,48.71186065673828,-0.07653700560331345,-0.06147438660264015,851.7628784179688,-0.31391891837120056,1102.8773193359375,-0.5102444887161255,1032.1832275390625,-0.46332427859306335,1120.298828125,-0.4892036020755768,0.6417255401611328,0.4846097230911255,0.48940563201904297,0.5196950435638428,0.5345593094825745,0.5414349436759949,-0.0012742038816213608,0.0020167280454188585,0.006861729547381401,0.008028136566281319,0.00989559292793274,0.013617652468383312,3.2772481441497803,0.5462080240249634,0.016033954918384552,0.00035753747215494514,0.053853556513786316,2.7386534214019775,5575542.5
70.9000015258789,48.70362854003906,-0.08233773708343506,-0.05800732970237732,851.7315063476562,-0.31332799792289734,1102.8262939453125,-0.5087094902992249,1032.136962890625,-0.4622911512851715,1120.25,-0.48664918541908264,0.6415992975234985,0.48481374979019165,0.4900975227355957,0.5205103754997253,0.5355755686759949,0.5428323149681091,-0.0012505539925768971,0.002063958439975977,0.006977058481425047,0.008279847912490368,0.010431068949401379,0.014328758232295513,3.287127733230591,0.5478546619415283,0.016772281378507614,0.0003680153167806566,0.05543176457285881,2.738405704498291,5575038.0
71.0,48.69483947753906,-0.08787613362073898,-0.05538395419716835,851.7002563476562,-0.3127313256263733,1102.7755126953125,-0.5071203708648682,1032.0908203125,-0.46122968196868896,1120.2015380859375,-0.48398149013519287,0.6414754986763,0.485022634267807,0.4908013343811035,0.5213515758514404,0.5366461873054504,0.5443010926246643,-0.0012259561335667968,0.002113436348736286,0.007099825888872147,0.008545969612896442,0.010982786305248737,0.015045768581330776,3.2974483966827393,0.5495747327804565,0.01750888302922249,0.0003789550974033773,0.057079557329416275,2.7381584644317627,5574534.5
71.0999984741211,48.68550109863281,-0.09338735789060593,-0.05511222034692764,851.6690063476562,-0.3121281564235687,1102.724853515625,-0.505475640296936,1032.044677734375,-0.4601384401321411,1120.1531982421875,-0.4811992943286896,0.6413541436195374,0.4852365255355835,0.4915178120136261,0.5222201347351074,0.5377727746963501,0.5458418726921082,-0.001200397964566946,0.002165186917409301,0.007230062503367662,0.008826370351016521,0.01155023742467165,0.015769755467772484,3.308215856552124,0.551369309425354,0.018261918798089027,0.0003903536999132484,0.05879645049571991,2.7379114627838135,5574032.0
71.19999694824219,48.67561340332031,-0.09887944906949997,-0.05492090433835983,851.6378173828125,-0.3115176856517792,1102.6744384765625,-0.5037733912467957,1031.998779296875,-0.4590160548686981,1120.105224609375,-0.4783003628253937,0.6412354707717896,0.4854557514190674,0.49224767088890076,0.5231174230575562,0.5389569401741028,0.5474555492401123,-0.0011738588800653815,0.0022192574106156826,0.007367878220975399,0.009121119044721127,0.012133496813476086,0.016503119841217995,3.3194401264190674,0.5532400012016296,0.0190318301320076,0.00040220856317318976,0.06058207526803017,2.7376651763916016,5573530.5
71.30000305175781,48.66518020629883,-0.10432048887014389,-0.054410453885793686,851.606689453125,-0.3108990788459778,1102.6241455078125,-0.5020118355751038,1031.952880859375,-0.457861065864563,1120.0576171875,-0.47528257966041565,0.6411194205284119,0.485680490732193,0.49299168586730957,0.524044930934906,0.5402001738548279,0.5491430759429932,-0.0011463194387033582,0.002275690669193864,0.0075133685022592545,0.009430252946913242,0.012732542119920254,0.017247390002012253,3.3311307430267334,0.5551884770393372,0.019816651940345764,0.0004145144484937191,0.06243562698364258,2.7374191284179688,5573029.5
71.4000015258789,48.6541862487793,-0.10995190590620041,-0.056314148008823395,851.5756225585938,-0.31027156114578247,1102.573974609375,-0.500188410282135,1031.9072265625,-0.4566720128059387,1120.01025390625,-0.4721418023109436,0.6410062313079834,0.48591098189353943,0.493750661611557,0.5250040888786316,0.5415041446685791,0.5509058237075806,-0.0011177435517311096,0.00233457051217556,0.007666777353733778,0.009754174388945103,0.013348367996513844,0.018006863072514534,3.34330415725708,0.5572173595428467,0.02063681185245514,0.00042728681000880897,0.06435944885015488,2.7371737957000732,5572530.0
71.5,48.6425895690918,-0.11597301810979843,-0.06021108478307724,851.5446166992188,-0.3096342980861664,1102.524169921875,-0.49829989671707153,1031.861572265625,-0.4554472863674164,1119.963134765625,-0.4688708484172821,0.6408959031105042,0.4861474931240082,0.49452537298202515,0.5259964466094971,0.5428706407546997,0.5527455806732178,-0.001088071265257895,0.002396039664745331,0.007828563451766968,0.010093823075294495,0.013983377255499363,0.01878931187093258,3.3559882640838623,0.5593313574790955,0.021509671583771706,0.0004405583313200623,0.06635844707489014,2.736928939819336,5572031.5
71.5999984741211,48.63033676147461,-0.12251957505941391,-0.06546560674905777,851.513671875,-0.3089864253997803,1102.474365234375,-0.49634209275245667,1031.8160400390625,-0.45418524742126465,1119.9163818359375,-0.4654602110385895,0.6407886743545532,0.4863903224468231,0.495316743850708,0.5270235538482666,0.5443018078804016,0.5546651482582092,-0.0010572226019576192,0.00246028951369226,0.0079993586987257,0.010450547561049461,0.01464097574353218,0.01960422284901142,3.3692195415496826,0.5615366101264954,0.02244868502020836,0.0004543733084574342,0.0684393122792244,2.736684560775757,5571534.0
71.69999694824219,48.617374420166016,-0.12961143255233765,-0.07091857492923737,851.4828491210938,-0.3083270788192749,1102.4248046875,-0.49431031942367554,1031.770751953125,-0.45288392901420593,1119.8701171875,-0.4618991017341614,0.6406845450401306,0.48663967847824097,0.49612563848495483,0.528087317943573,0.545799970626831,0.5566682815551758,-0.0010251074563711882,0.002527535194531083,0.008179881609976292,0.010825890116393566,0.015324929729104042,0.02046065591275692,3.3830394744873047,0.5638399124145508,0.02345868945121765,0.00046877763816155493,0.0706089437007904,2.736440658569336,5571037.5
71.80000305175781,48.603694915771484,-0.13679559528827667,-0.07184155285358429,851.4520263671875,-0.3076554238796234,1102.37548828125,-0.4922008514404297,1031.7254638671875,-0.45154133439064026,1119.8240966796875,-0.4581800401210785,0.6405836939811707,0.48689594864845276,0.4969531297683716,0.5291895270347595,0.5473679304122925,0.5587592124938965,-0.0009916627313941717,0.002597925951704383,0.008370598778128624,0.011220746673643589,0.016037043184041977,0.02136026695370674,3.3974769115448,0.5662461519241333,0.02450539357960224,0.00048377804341726005,0.07286835461854935,2.7361972332000732,5570542.0
71.9000015258789,48.58932113647461,-0.14376001060009003,-0.06964415311813354,851.4213256835938,-0.3069705069065094,1102.326416015625,-0.49001118540763855,1031.680419921875,-0.4501552879810333,1119.7784423828125,-0.4543001055717468,0.6404862403869629,0.48715940117836,0.49780017137527466,0.5303322076797485,0.5490085482597351,0.5609419941902161,-0.000956861418671906,0.002671522321179509,0.008571646176278591,0.011635174974799156,0.01677677221596241,0.022297607734799385,3.4125452041625977,0.5687575340270996,0.02556534856557846,0.0004993542679585516,0.07521449774503708,2.735954523086548,5570047.5
72.0,48.57428741455078,-0.15033486485481262,-0.06574857234954834,851.390625,-0.30627137422561646,1102.2774658203125,-0.4877396523952484,1031.635498046875,-0.44872376322746277,1119.733154296875,-0.4502592384815216,0.6403923630714417,0.4874303638935089,0.4986678659915924,0.5315173268318176,0.5507243871688843,0.5632200837135315,-0.0009206993272528052,0.0027483284939080477,0.008782953955233097,0.012068727985024452,0.01754222996532917,0.02326437085866928,3.42824649810791,0.5713744163513184,0.02662479691207409,0.0005154713871888816,0.07764212042093277,2.7357122898101807,5569554.5
72.0999984741211,48.55860137939453,-0.15686513483524323,-0.0653027817606926,851.3600463867188,-0.30555710196495056,1102.2288818359375,-0.4853839874267578,1031.5906982421875,-0.4472447335720062,1119.6883544921875,-0.44605502486228943,0.6403021812438965,0.4877091944217682,0.4995571970939636,0.5327467322349548,0.5525180101394653,0.5655961632728577,-0.0008831542218104005,0.0028283928986638784,0.009004615247249603,0.012521372176706791,0.018332799896597862,0.02425781823694706,3.444592237472534,0.5740987062454224,0.0277126282453537,0.0005321242497302592,0.08015043288469315,2.7354705333709717,5569062.5
72.19999694824219,48.54227066040039,-0.16329264640808105,-0.06427505612373352,851.3295288085938,-0.30482667684555054,1102.180419921875,-0.48294150829315186,1031.5460205078125,-0.44571617245674133,1119.64404296875,-0.4416840374469757,0.6402158141136169,0.4879961907863617,0.5004692077636719,0.5340223908424377,0.5543919801712036,0.5680728554725647,-0.0008441946702077985,0.0029117860831320286,0.009236807003617287,0.0129932826384902,0.019148463383316994,0.02527748979628086,3.461596965789795,0.5769328474998474,0.028823576867580414,0.0005493026692420244,0.08273790776729584,2.7352294921875,5568571.5
72.30000305175781,48.52528762817383,-0.16981357336044312,-0.06520935893058777,851.299072265625,-0.3040790855884552,1102.13232421875,-0.4804091453552246,1031.5015869140625,-0.4441360533237457,1119.60009765625,-0.43714115023612976,0.6401333808898926,0.4882916808128357,0.5014050006866455,0.5353462100028992,0.5563488006591797,0.570652961730957,-0.0008037767256610096,0.0029986100271344185,0.009479813277721405,0.013484911993145943,0.019989987835288048,0.026325490325689316,3.4792816638946533,0.5798802971839905,0.029975587502121925,0.0005670133396051824,0.08540555089712143,2.7349889278411865,5568081.5
72.4000015258789,48.507625579833984,-0.1766311675310135,-0.06817583739757538,851.2687377929688,-0.30331331491470337,1102.0843505859375,-0.47778284549713135,1031.4571533203125,-0.4425021708011627,1119.556640625,-0.4324183464050293,0.6400551199913025,0.4885960519313812,0.5023656487464905,0.5367202162742615,0.5583911538124084,0.573339581489563,-0.0007618317031301558,0.0030890265479683876,0.009734143503010273,0.013997252099215984,0.02085958607494831,0.02740800753235817,3.497677803039551,0.5829463005065918,0.031187741085886955,0.0005852802423760295,0.08815697580575943,2.7347488403320312,5567593.0
72.5,48.48926544189453,-0.18360775709152222,-0.06976599991321564,851.2384033203125,-0.3025282919406891,1102.0367431640625,-0.475058376789093,1031.4130859375,-0.44081228971481323,1119.5135498046875,-0.42750734090805054,0.6399810910224915,0.48890966176986694,0.5033522844314575,0.5381465554237366,0.5605219602584839,0.5761363506317139,-0.0007182899862527847,0.0031831995584070683,0.010000304318964481,0.014531288295984268,0.02175934799015522,0.02852979488670826,3.516817569732666,0.5861362814903259,0.0324506014585495,0.0006041156593710184,0.09099403023719788,2.7345094680786133,5567106.0
72.5999984741211,48.47019577026367,-0.19069041311740875,-0.07082647830247879,851.2081909179688,-0.3017229437828064,1101.9893798828125,-0.47223177552223206,1031.3690185546875,-0.43906405568122864,1119.4710693359375,-0.4224007725715637,0.6399115324020386,0.4892328381538391,0.5043661594390869,0.5396273732185364,0.5627443194389343,0.5790473818778992,-0.0006730879540555179,0.003281278070062399,0.010278746485710144,0.015087844803929329,0.022690830752253532,0.029693350195884705,3.536731004714966,0.5894551277160645,0.03376249969005585,0.0006235269829630852,0.0939178317785263,2.7342708110809326,5566620.0
72.69999694824219,48.45038604736328,-0.19809788465499878,-0.07407471537590027,851.1781005859375,-0.30089613795280457,1101.9422607421875,-0.46929827332496643,1031.3251953125,-0.437254935503006,1119.4290771484375,-0.41708898544311523,0.6398465633392334,0.48956605792045593,0.5054085850715637,0.5411650538444519,0.5650615692138672,0.5820770859718323,-0.0006261441158130765,0.0033834544010460377,0.010570078156888485,0.015668122097849846,0.023656576871871948,0.030903974547982216,3.55745530128479,0.5929092168807983,0.03514555096626282,0.0006435405230149627,0.09693234413862228,2.7340328693389893,5566135.5
72.80000305175781,48.42977523803711,-0.20611518621444702,-0.08017304539680481,851.1480102539062,-0.30004677176475525,1101.8955078125,-0.46625176072120667,1031.2816162109375,-0.43538224697113037,1119.3876953125,-0.41155800223350525,0.6397863626480103,0.48990970849990845,0.5064807534217834,0.542762041091919,0.567477285861969,0.5852307081222534,-0.0005773419397883117,0.003490006783977151,0.010875212959945202,0.01627407595515251,0.02466106042265892,0.032172225415706635,3.5790441036224365,0.5965073704719543,0.0366288498044014,0.0006642069201916456,0.10004519671201706,2.733795404434204,5565652.0
72.9000015258789,48.4083251953125,-0.21448126435279846,-0.08366075903177261,851.1180419921875,-0.29917362332344055,1101.8489990234375,-0.46308597922325134,1031.2381591796875,-0.4334430694580078,1119.3468017578125,-0.405794233083725,0.6397311687469482,0.49026426672935486,0.5075842142105103,0.5444210171699524,0.5699955224990845,0.5885143876075745,-0.0005265668733045459,0.0036012076307088137,0.011195040307939053,0.016907554119825363,0.02570827677845955,0.03350556269288063,3.601550340652466,0.6002583503723145,0.03819397836923599,0.0006855542305856943,0.1032605990767479,2.7335586547851562,5565170.0
73.0,48.38600158691406,-0.2232568860054016,-0.08775617182254791,851.0881958007812,-0.2982754707336426,1101.8028564453125,-0.4597946107387543,1031.1949462890625,-0.4314342737197876,1119.3065185546875,-0.3997839093208313,0.6396811604499817,0.4906301498413086,0.5087203979492188,0.5461447834968567,0.5726208686828613,0.5919349193572998,-0.00047370378160849214,0.0037173305172473192,0.011530445888638496,0.0175703763961792,0.0268019437789917,0.034909799695014954,3.6250267028808594,0.604171097278595,0.039852067828178406,0.0007076155743561685,0.10658355057239532,2.7333226203918457,5564689.5
73.0999984741211,48.3627815246582,-0.23220205307006836,-0.08945173770189285,851.0584106445312,-0.29735103249549866,1101.757080078125,-0.4563714861869812,1031.15185546875,-0.4293525218963623,1119.266845703125,-0.39351457357406616,0.6396365165710449,0.491007924079895,0.5098909735679626,0.5479363203048706,0.575357973575592,0.595499575138092,-0.00041864681406877935,0.003838625969365239,0.011882218532264233,0.01826409250497818,0.027944913133978844,0.036387525498867035,3.649522066116333,0.6082536578178406,0.041586022824048996,0.000730403233319521,0.11001591384410858,2.7330873012542725,5564210.5
73.19999694824219,48.33869934082031,-0.240827739238739,-0.08625678718090057,851.0287475585938,-0.29639893770217896,1101.711669921875,-0.45281192660331726,1031.1090087890625,-0.42719441652297974,1119.227783203125,-0.3869790732860565,0.639597475528717,0.4913980960845947,0.5110974907875061,0.549798846244812,0.5782118439674377,0.5992153882980347,-0.000361333106411621,0.003965238109230995,0.012250755913555622,0.018989253789186478,0.02913716807961464,0.03793259337544441,3.6750662326812744,0.6125110387802124,0.0433545857667923,0.0007538874633610249,0.11355318874120712,2.7328526973724365,5563733.0
73.30000305175781,48.31377410888672,-0.249249666929245,-0.08421938866376877,850.9991455078125,-0.29541778564453125,1101.66650390625,-0.4491114914417267,1031.06640625,-0.42495644092559814,1119.189453125,-0.38017141819000244,0.6395643353462219,0.4918012022972107,0.5123417973518372,0.5517354607582092,0.5811874270439148,0.6030887365341187,-0.0003017089329659939,0.004097288940101862,0.012636366300284863,0.019746191799640656,0.030378172174096107,0.03953888267278671,3.7016847133636475,0.6169474720954895,0.04517045244574547,0.0007780483574606478,0.11719238758087158,2.732618808746338,5563257.0
73.4000015258789,48.28803634643555,-0.25737282633781433,-0.08123140782117844,850.9696655273438,-0.29440614581108093,1101.621826171875,-0.4452657997608185,1031.0240478515625,-0.42263519763946533,1119.15185546875,-0.37308570742607117,0.6395372748374939,0.4922177791595459,0.5136255025863647,0.5537493824958801,0.5842894911766052,0.6071256399154663,-0.00023972144117578864,0.004234897438436747,0.01303934957832098,0.020535210147500038,0.03166736289858818,0.041201576590538025,3.729402780532837,0.6215671300888062,0.04702547565102577,0.0008028579177334905,0.1209292933344841,2.7323858737945557,5562782.5
73.5,48.26150894165039,-0.2652575373649597,-0.07884718477725983,850.9402465820312,-0.293362557888031,1101.5775146484375,-0.4412703514099121,1030.98193359375,-0.42022716999053955,1119.1148681640625,-0.36571580171585083,0.6395164728164673,0.4926483929157257,0.5149503946304321,0.5558438301086426,0.5875228643417358,0.6113314628601074,-0.0001753159740474075,0.00437818793579936,0.013460017740726471,0.021356645971536636,0.033004358410835266,0.04291745275259018,3.7582461833953857,0.626374363899231,0.04892650619149208,0.0008282932103611529,0.12476044148206711,2.7321536540985107,5562309.5
73.5999984741211,48.23421859741211,-0.27290448546409607,-0.07646963745355606,850.9109497070312,-0.29228538274765015,1101.5335693359375,-0.4371204972267151,1030.9400634765625,-0.41772887110710144,1119.0787353515625,-0.35805511474609375,0.6395022869110107,0.4930936396121979,0.5163182020187378,0.5580220222473145,0.5908923149108887,0.6157113909721375,-0.00010843366908375174,0.004527293145656586,0.013898717239499092,0.022210918366909027,0.03438904881477356,0.044684868305921555,3.788243055343628,0.6313738226890564,0.050874751061201096,0.0008543313015252352,0.12868238985538483,2.7319223880767822,5561838.5
73.69999694824219,48.206180572509766,-0.2804007828235626,-0.07496288418769836,850.8817749023438,-0.29117313027381897,1101.4901123046875,-0.4328111708164215,1030.8983154296875,-0.4151367247104645,1119.0433349609375,-0.3500958979129791,0.6394948959350586,0.49355408549308777,0.5177308320999146,0.560287356376648,0.5944026112556458,0.6202707290649414,-3.9006710721878335e-05,0.004682368598878384,0.014355872757732868,0.023098643869161606,0.03582190349698067,0.04650431126356125,3.819425106048584,0.6365708708763123,0.05288029834628105,0.0008809567661955953,0.13269281387329102,2.731691837310791,5561369.5
73.80000305175781,48.17740249633789,-0.28776639699935913,-0.07365605980157852,850.8527221679688,-0.290024071931839,1101.447021484375,-0.4283370077610016,1030.85693359375,-0.41244715452194214,1119.0086669921875,-0.34182941913604736,0.6394945979118347,0.4940303564071655,0.5191901326179504,0.5626431703567505,0.5980587005615234,0.6250146627426147,3.3040927519323304e-05,0.004843589849770069,0.014831977896392345,0.024020599201321602,0.037303853780031204,0.04837767034769058,3.8518285751342773,0.6419714093208313,0.05494725704193115,0.0009081558091565967,0.13678963482379913,2.731462240219116,5560902.0
73.9000015258789,48.14790344238281,-0.2950131297111511,-0.07246745377779007,850.8237915039062,-0.28883659839630127,1101.4044189453125,-0.4236923158168793,1030.81591796875,-0.4096563756465912,1118.9749755859375,-0.33324629068374634,0.6395016312599182,0.4945230782032013,0.5206980109214783,0.5650928616523743,0.6018654704093933,0.6299487352371216,0.0001077903580153361,0.005011144559830427,0.015327566303312778,0.024977657943964005,0.03883606940507889,0.05030733719468117,3.885491132736206,0.6475818753242493,0.05707945302128792,0.0009359156247228384,0.14097091555595398,2.731233596801758,5560436.5
74.0,48.11767578125,-0.3022771179676056,-0.07263994961977005,850.7949829101562,-0.28760895133018494,1101.3623046875,-0.41887080669403076,1030.7750244140625,-0.4067606031894684,1118.9420166015625,-0.3243352174758911,0.6395162343978882,0.4950328469276428,0.5222564935684204,0.5676401257514954,0.605828046798706,0.6350787878036499,0.00018533857655711472,0.005185258109122515,0.015843311324715614,0.025971023365855217,0.04042061045765877,0.052298128604888916,3.9204583168029785,0.6534097194671631,0.05929376929998398,0.0009642349323257804,0.14523646235466003,2.7310056686401367,5559973.0
74.0999984741211,48.086700439453125,-0.30972230434417725,-0.07445169985294342,850.7662963867188,-0.28633934259414673,1101.3206787109375,-0.41386517882347107,1030.7344970703125,-0.4037558436393738,1118.9100341796875,-0.31508177518844604,0.6395388245582581,0.4955604076385498,0.5238675475120544,0.5702885985374451,0.6099518537521362,0.640411376953125,0.0002658083103597164,0.005366219207644463,0.016380108892917633,0.027002442628145218,0.04206094518303871,0.05435850843787193,3.956786870956421,0.6594644784927368,0.06161139905452728,0.0009931264212355018,0.1495882123708725,2.730778932571411,5559511.0
74.19999694824219,48.05498123168945,-0.3171881437301636,-0.07465839385986328,850.7377319335938,-0.2850259244441986,1101.279541015625,-0.4086678922176361,1030.6943359375,-0.4006378650665283,1118.8790283203125,-0.3054713308811188,0.6395695209503174,0.4961063861846924,0.5255333781242371,0.5730422139167786,0.614242672920227,0.6459537744522095,0.000349323294358328,0.005554318428039551,0.01693885773420334,0.028073636814951897,0.04376032575964928,0.056494951248168945,3.9945342540740967,0.6657556891441345,0.06402146816253662,0.0010225889272987843,0.15402594208717346,2.730553388595581,5559051.5
74.30000305175781,48.02253723144531,-0.3244743049144745,-0.07286173850297928,850.7092895507812,-0.2836668789386749,1101.2388916015625,-0.40327197313308716,1030.6544189453125,-0.3974023163318634,1118.8489990234375,-0.2954917252063751,0.6396088004112244,0.49667155742645264,0.527256190776825,0.5759050250053406,0.6187064051628113,0.6517136693000793,0.0004359886224847287,0.005749800242483616,0.017520274966955185,0.029185859486460686,0.0455206073820591,0.058708854019641876,4.033749580383301,0.6722915768623352,0.06650803983211517,0.0010526039404794574,0.15854690968990326,2.7303285598754883,5558594.0
74.4000015258789,47.98936462402344,-0.33169153332710266,-0.07217232882976532,850.6809692382812,-0.2822601795196533,1101.1988525390625,-0.397670179605484,1030.6148681640625,-0.3940446376800537,1118.8199462890625,-0.2851300835609436,0.6396568417549133,0.49725666642189026,0.5290383696556091,0.5788810849189758,0.6233493685722351,0.657698929309845,0.0005259145400486887,0.005952920764684677,0.018125120550394058,0.030340449884533882,0.04734382778406143,0.061002351343631744,4.074484348297119,0.6790807247161865,0.0690867081284523,0.0010831624967977405,0.16314975917339325,2.73010516166687,5558139.0
74.5,47.95547866821289,-0.3388940095901489,-0.07202456891536713,850.65283203125,-0.2808038294315338,1101.159423828125,-0.3918546140193939,1030.5755615234375,-0.39056017994880676,1118.7919921875,-0.2743716835975647,0.6397141218185425,0.49786245822906494,0.5308821797370911,0.5819748640060425,0.6281778812408447,0.6639177203178406,0.0006192272412590683,0.006163975689560175,0.01875428855419159,0.03153906762599945,0.0492328405380249,0.06338004767894745,4.11679744720459,0.6861329674720764,0.07176776230335236,0.0011142600560560822,0.16783379018306732,2.7298827171325684,5557686.0
74.5999984741211,47.92087936401367,-0.3459875285625458,-0.07093527913093567,850.6248168945312,-0.27929577231407166,1101.1204833984375,-0.38581717014312744,1030.5367431640625,-0.38694408535957336,1118.76513671875,-0.26320162415504456,0.6397808790206909,0.49848976731300354,0.5327902436256409,0.5851907730102539,0.6331986784934998,0.6703786253929138,0.0007160536479204893,0.00638326071202755,0.01940867118537426,0.03278333321213722,0.05119031295180321,0.06584548950195312,4.16074800491333,0.6934580206871033,0.07454612851142883,0.0011458841618150473,0.17259712517261505,2.729661464691162,5557235.5
74.69999694824219,47.8856086730957,-0.3526877164840698,-0.06700193136930466,850.5969848632812,-0.27773383259773254,1101.082275390625,-0.3795505464076996,1030.4981689453125,-0.3831913471221924,1118.7393798828125,-0.25160831212997437,0.6398574709892273,0.4991394579410553,0.5347649455070496,0.5885334014892578,0.6384187340736389,0.6770904064178467,0.0008164953324012458,0.006611010059714317,0.0200889240950346,0.034074269235134125,0.05321715772151947,0.06839661300182343,4.206384181976318,0.7010639905929565,0.0773945227265358,0.0011779976775869727,0.17743417620658875,2.7294414043426514,5556787.5
74.80000305175781,47.8497200012207,-0.3588809072971344,-0.061931684613227844,850.5692749023438,-0.2761158049106598,1101.0445556640625,-0.37304824590682983,1030.4600830078125,-0.3792968690395355,1118.71484375,-0.239582821726799,0.639944314956665,0.4998123347759247,0.5368090867996216,0.5920075178146362,0.6438449025154114,0.6840613484382629,0.0009206312824971974,0.006847401149570942,0.020795488730072975,0.03541235253214836,0.05531283840537071,0.07102768868207932,4.253742694854736,0.7089571356773376,0.08030176162719727,0.0012105540372431278,0.1823379248380661,2.729222536087036,5556342.0
74.9000015258789,47.81325912475586,-0.36461082100868225,-0.057299159467220306,850.541748046875,-0.27443939447402954,1101.007568359375,-0.3663036823272705,1030.42236328125,-0.3752555847167969,1118.69140625,-0.22711654007434845,0.6400417685508728,0.5005092620849609,0.5389251112937927,0.5956177711486816,0.6494840383529663,0.6912991404533386,0.0010285391472280025,0.007092608604580164,0.02152879349887371,0.03679802641272545,0.057476792484521866,0.07373426109552383,4.30286169052124,0.7171435952186584,0.0832730159163475,0.0012435103999450803,0.18730191886425018,2.7290048599243164,5555899.5
75.0,47.77626419067383,-0.36995866894721985,-0.0534786656498909,850.514404296875,-0.27270224690437317,1100.9713134765625,-0.35930997133255005,1030.385009765625,-0.37106233835220337,1118.66943359375,-0.21419943869113922,0.6401501893997192,0.5012311935424805,0.5411158800125122,0.5993690490722656,0.6553430557250977,0.6988113522529602,0.0011403071694076061,0.007346831727772951,0.02228935807943344,0.03823196142911911,0.05970916897058487,0.07651499658823013,4.353782653808594,0.7256304621696472,0.08631818741559982,0.001276830560527742,0.19232073426246643,2.7287888526916504,5555459.5
75.0999984741211,47.7387580871582,-0.37507176399230957,-0.05113089457154274,850.4871826171875,-0.27090197801589966,1100.935791015625,-0.35205933451652527,1030.34814453125,-0.36671194434165955,1118.648681640625,-0.20081903040409088,0.640269935131073,0.5019789934158325,0.5433841347694397,0.6032661199569702,0.661428689956665,0.7066053748130798,0.0012560441391542554,0.007610320579260588,0.023077882826328278,0.03971526399254799,0.06201135739684105,0.07937275618314743,4.406557083129883,0.7344262003898621,0.08945631235837936,0.0013104913523420691,0.1973908245563507,2.72857403755188,5555022.0
75.19999694824219,47.700767517089844,-0.3799147605895996,-0.04842999577522278,850.460205078125,-0.26903611421585083,1100.9010009765625,-0.34454357624053955,1030.311767578125,-0.3621990382671356,1118.6292724609375,-0.18696175515651703,0.6404015421867371,0.5027536749839783,0.5457326173782349,0.6073141098022461,0.667748212814331,0.7146892547607422,0.00137586728669703,0.007883345708251,0.023895131424069405,0.04124920442700386,0.06438514590263367,0.0823112279176712,4.461240291595459,0.7435399889945984,0.09268636256456375,0.0013444659998640418,0.20250822603702545,2.728360652923584,5554588.0
75.30000305175781,47.66230010986328,-0.38465172052383423,-0.04736963286995888,850.4334106445312,-0.26710209250450134,1100.8668212890625,-0.336753785610199,1030.2757568359375,-0.3575180470943451,1118.6112060546875,-0.1726117730140686,0.6405453085899353,0.5035560727119446,0.5481643080711365,0.6115180850028992,0.674308717250824,0.723071277141571,0.0014999123523011804,0.008166221901774406,0.024742035195231438,0.042835433036088943,0.06683336198329926,0.08533678948879242,4.517895221710205,0.752982497215271,0.09603188931941986,0.0013787421630695462,0.20767101645469666,2.728148937225342,5554156.5
75.4000015258789,47.623382568359375,-0.38917598128318787,-0.0452425517141819,850.4067993164062,-0.26509732007980347,1100.8336181640625,-0.3286806643009186,1030.240234375,-0.3526633083820343,1118.5947265625,-0.15775269269943237,0.6407017111778259,0.5043873190879822,0.5506822466850281,0.6158833503723145,0.6811179518699646,0.7317604422569275,0.0016283201985061169,0.008459275588393211,0.02561955712735653,0.04447566717863083,0.06935887783765793,0.08845507353544235,4.576588153839111,0.7627646923065186,0.09948483109474182,0.0014132980722934008,0.21287593245506287,2.727938652038574,5553728.5
75.5,47.584075927734375,-0.3930838406085968,-0.03907855600118637,850.38037109375,-0.2630191147327423,1100.8011474609375,-0.32031646370887756,1030.2052001953125,-0.34762895107269287,1118.5797119140625,-0.14237351715564728,0.6408711671829224,0.5052483677864075,0.5532894730567932,0.6204153895378113,0.688183605670929,0.7407659292221069,0.0017611882649362087,0.008762726560235023,0.02652825601398945,0.04617059975862503,0.07196167856454849,0.09166210889816284,4.637365341186523,0.7728942632675171,0.10299735516309738,0.001448077498935163,0.21811453998088837,2.7277300357818604,5553304.0
75.5999984741211,47.54448699951172,-0.3958853483200073,-0.02801513485610485,850.3541870117188,-0.2608647346496582,1100.76953125,-0.3116561770439148,1030.170654296875,-0.3424091935157776,1118.5662841796875,-0.12647294998168945,0.641054093837738,0.5061402320861816,0.555989146232605,0.6251195669174194,0.6955131888389587,0.750095784664154,0.001898535410873592,0.009076603688299656,0.027467982843518257,0.04791916161775589,0.07463698834180832,0.09494026750326157,4.7002387046813965,0.7833731174468994,0.10650303214788437,0.0014829831197857857,0.22337214648723602,2.7275230884552,5552882.5
75.69999694824219,47.50470733642578,-0.3977782726287842,-0.01892910525202751,850.3281860351562,-0.2586314082145691,1100.7388916015625,-0.3026956617832184,1030.13671875,-0.3369984030723572,1118.554443359375,-0.11005217581987381,0.6412510275840759,0.5070640444755554,0.5587843060493469,0.6300013065338135,0.7031136751174927,0.7597561478614807,0.00204036058858037,0.009400882758200169,0.02843840979039669,0.049719855189323425,0.07737918943166733,0.09827278554439545,4.765209674835205,0.7942016124725342,0.11001737415790558,0.0015179342590272427,0.22863662242889404,2.7273178100585938,5552464.5
75.80000305175781,47.46479797363281,-0.39912280440330505,-0.01344536803662777,850.302490234375,-0.256316214799881,1100.708984375,-0.2934293746948242,1030.103271484375,-0.33139118552207947,1118.5443115234375,-0.09310733526945114,0.6414623260498047,0.50802081823349,0.5616780519485474,0.6350656151771545,0.710991621017456,0.7697523236274719,0.0021867030300199986,0.009735641069710255,0.029439575970172882,0.05157214403152466,0.08018560707569122,0.10165472328662872,4.832298755645752,0.8053831458091736,0.11358048766851425,0.0015528812073171139,0.23390044271945953,2.72711443901062,5552050.5
75.9000015258789,47.424774169921875,-0.4002109467983246,-0.01088158693164587,850.2769775390625,-0.25391632318496704,1100.68017578125,-0.2838500142097473,1030.0704345703125,-0.3255820870399475,1118.535888671875,-0.07562829554080963,0.6416885256767273,0.5090116262435913,0.5646734237670898,0.6403177976608276,0.7191534042358398,0.7800893187522888,0.0023376524914056063,0.010081079788506031,0.03047197125852108,0.05347662419080734,0.08305687457323074,0.10509175807237625,4.901549339294434,0.8169248700141907,0.11722958832979202,0.0015877988189458847,0.23915985226631165,2.7269127368927,5551640.0
76.0,47.38465118408203,-0.40123307704925537,-0.010221113450825214,850.251708984375,-0.2514287531375885,1100.6522216796875,-0.2739485800266266,1030.0382080078125,-0.3195655345916748,1118.5291748046875,-0.05759976804256439,0.6419300436973572,0.5100374817848206,0.567773699760437,0.6457630395889282,0.7276056408882141,0.790773332118988,0.0024933400563895702,0.010437499731779099,0.031536463648080826,0.055434826761484146,0.0859961286187172,0.10859594494104385,4.973022937774658,0.8288371562957764,0.12099328637123108,0.0016226781299337745,0.24441350996494293,2.726713180541992,5551233.5
76.0999984741211,47.344444274902344,-0.4020782709121704,-0.008452069945633411,850.2266845703125,-0.24885053932666779,1100.6253662109375,-0.26371580362319946,1030.006591796875,-0.31333574652671814,1118.5244140625,-0.03900580853223801,0.6421874165534973,0.5110995769500732,0.570982038974762,0.6514069437980652,0.7363554239273071,0.8018116354942322,0.0026539030950516462,0.010805218480527401,0.0326339527964592,0.05744834616780281,0.08900656551122665,0.112177275121212,5.046783924102783,0.8411306738853455,0.12486080080270767,0.0016575007466599345,0.24965861439704895,2.726515531539917,5550831.0
76.19999694824219,47.30421447753906,-0.40230080485343933,-0.0022252220660448074,850.201904296875,-0.24617867171764374,1100.5994873046875,-0.25314441323280334,1029.9755859375,-0.30688679218292236,1118.5213623046875,-0.019837506115436554,0.6424610614776611,0.5121989846229553,0.5743018388748169,0.6572549343109131,0.7454097867012024,0.8132117390632629,0.0028194214683026075,0.011184409260749817,0.033764831721782684,0.059517476707696915,0.09208767861127853,0.11583255231380463,5.1228718757629395,0.8538119792938232,0.12876956164836884,0.0016922105569392443,0.2548867166042328,2.7263200283050537,5550433.0
76.30000305175781,47.26407241821289,-0.40141594409942627,0.008848443627357483,850.1774291992188,-0.24341002106666565,1100.5748291015625,-0.24223053455352783,1029.9451904296875,-0.30021288990974426,1118.5203857421875,-9.782904089661315e-05,0.6427515149116516,0.5133368968963623,0.5777363181114197,0.663312554359436,0.7547754645347595,0.8249801397323608,0.0029898800421506166,0.011575015261769295,0.03492860868573189,0.06164035573601723,0.09523314982652664,0.1195414587855339,5.201282501220703,0.8668804168701172,0.13264033198356628,0.0017267105868086219,0.26008322834968567,2.7261266708374023,5550039.5
76.4000015258789,47.2241096496582,-0.39961960911750793,0.017963355407118797,850.1532592773438,-0.2405415028333664,1100.5511474609375,-0.23097166419029236,1029.91552734375,-0.2933085858821869,1118.5213623046875,0.020206579938530922,0.6430591940879822,0.5145144462585449,0.5812888145446777,0.6695850491523743,0.7644585967063904,0.8371212482452393,0.0031652331817895174,0.011976901441812515,0.03612454608082771,0.06381450593471527,0.09843534231185913,0.12328340858221054,5.281998634338379,0.8803330659866333,0.13648515939712524,0.0017609206261113286,0.2652360796928406,2.725935459136963,5549650.0
76.5,47.184383392333984,-0.3972792327404022,0.02340378612279892,850.1293334960938,-0.23756995797157288,1100.528564453125,-0.21936389803886414,1029.8865966796875,-0.2861686646938324,1118.5245361328125,0.04107418656349182,0.6433847546577454,0.5157327055931091,0.5849624872207642,0.6760774254798889,0.7744646072387695,0.8496377468109131,0.0033454757649451494,0.012390037067234516,0.037352271378040314,0.06603843718767166,0.10168975591659546,0.12705060839653015,5.365020275115967,0.8941699862480164,0.1403467357158661,0.001794791896827519,0.27033787965774536,2.7257463932037354,5549265.5
76.5999984741211,47.144935607910156,-0.39445486664772034,0.028243649750947952,850.105712890625,-0.2344922423362732,1100.5072021484375,-0.20740260183811188,1029.8582763671875,-0.2787879705429077,1118.5296630859375,0.06250637024641037,0.643728494644165,0.5169928669929504,0.588760495185852,0.6827946305274963,0.7847985029220581,0.8625321388244629,0.0035306259524077177,0.012814443558454514,0.03861162066459656,0.06831122189760208,0.10499364882707596,0.1308414340019226,5.450358867645264,0.908393144607544,0.14422713220119476,0.0018282803939655423,0.27538204193115234,2.725559949874878,5548886.0
76.69999694824219,47.10585021972656,-0.39086800813674927,0.03586864098906517,850.0824584960938,-0.23130518198013306,1100.4871826171875,-0.19508473575115204,1029.830810546875,-0.27116164565086365,1118.5369873046875,0.08449937403202057,0.6440910696983337,0.5182960629463196,0.5926859974861145,0.6897414922714233,0.7954650521278381,0.8758063912391663,0.003720660926774144,0.013250044547021389,0.03990206867456436,0.07063102722167969,0.10834193974733353,0.13464666903018951,5.538006782531738,0.9230011701583862,0.14807374775409698,0.0018613190623000264,0.2803584635257721,2.7253758907318115,5548511.0
76.80000305175781,47.06719207763672,-0.38657817244529724,0.04289841279387474,850.0594482421875,-0.22800561785697937,1100.46826171875,-0.18240852653980255,1029.8040771484375,-0.26328495144844055,1118.546630859375,0.10704564303159714,0.6444728374481201,0.5196433663368225,0.5967420935630798,0.6969226002693176,0.8064683079719543,0.88946133852005,0.003915525507181883,0.013696685433387756,0.04122280329465866,0.07299536466598511,0.11172808706760406,0.13845373690128326,5.62794303894043,0.9379904866218567,0.15188086032867432,0.0018938459688797593,0.2852577567100525,2.7251944541931152,5548141.5
76.9000015258789,47.02899932861328,-0.3819199204444885,0.04658258706331253,850.036865234375,-0.22459039092063904,1100.45068359375,-0.16937129199504852,1029.7781982421875,-0.2551535367965698,1118.5584716796875,0.1301414668560028,0.6448743343353271,0.5210358500480652,0.6009317636489868,0.704342246055603,0.817811906337738,0.9034968614578247,0.004115196410566568,0.014154287055134773,0.04257331043481827,0.07540252059698105,0.11514794826507568,0.14225909113883972,5.72015905380249,0.953359842300415,0.15569011867046356,0.001925827469676733,0.2900749444961548,2.725015640258789,5547777.5
77.0,46.99131774902344,-0.37684062123298645,0.050792913883924484,850.0145874023438,-0.22105637192726135,1100.434326171875,-0.15597011148929596,1029.7530517578125,-0.24676308035850525,1118.5726318359375,0.15378418564796448,0.645296037197113,0.5224746465682983,0.6052579283714294,0.7120047211647034,0.8294990062713623,0.9179127216339111,0.004319657105952501,0.014622790738940239,0.04395314306020737,0.07785101234912872,0.11859819293022156,0.14606131613254547,5.814650535583496,0.9691084623336792,0.15948525071144104,0.001957225613296032,0.2948042154312134,2.724839687347412,5547419.0
77.0999984741211,46.95420455932617,-0.371114581823349,0.05726034939289093,849.9926147460938,-0.2174004465341568,1100.41943359375,-0.14220403134822845,1029.728759765625,-0.2381095588207245,1118.5892333984375,0.1779651641845703,0.6457384824752808,0.5239608287811279,0.6097235083580017,0.7199139595031738,0.8415324091911316,0.9327082633972168,0.0045288437977433205,0.015102018602192402,0.04536142572760582,0.08033829927444458,0.12207277119159698,0.14985015988349915,5.911391735076904,0.9852319955825806,0.16321606934070587,0.001987983239814639,0.2994370758533478,2.7246663570404053,5547066.5
77.19999694824219,46.917720794677734,-0.3648373484611511,0.06277239322662354,849.9710693359375,-0.21361954510211945,1100.406005859375,-0.12807320058345795,1029.7054443359375,-0.22918926179409027,1118.6082763671875,0.20267252624034882,0.646202027797699,0.5254954099655151,0.6143312454223633,0.7280737161636353,0.8539141416549683,0.9478814005851746,0.004742664750665426,0.015591726638376713,0.04679705575108528,0.08286133408546448,0.12556453049182892,0.1536131650209427,6.010344505310059,1.001724123954773,0.16688172519207,0.002018052153289318,0.30396613478660583,2.7244961261749268,5546720.0
77.30000305175781,46.881954193115234,-0.35768482089042664,0.07152530550956726,849.949951171875,-0.20971061289310455,1100.3939208984375,-0.11358027160167694,1029.6829833984375,-0.21999888122081757,1118.6297607421875,0.22788695991039276,0.6466871500015259,0.5270795226097107,0.6190838813781738,0.7364874482154846,0.8666455149650574,0.9634286761283875,0.004960968624800444,0.016091523692011833,0.04825839027762413,0.085415780544281,0.12906315922737122,0.15732933580875397,6.111443042755127,1.0185738801956177,0.17040689289569855,0.002047356218099594,0.30838000774383545,2.7243287563323975,5546379.5
77.4000015258789,46.846981048583984,-0.34970128536224365,0.0798352062702179,849.9291381835938,-0.20567069947719574,1100.38330078125,-0.0987301915884018,1029.6614990234375,-0.2105357050895691,1118.65380859375,0.25358256697654724,0.6471943855285645,0.528714120388031,0.6239838600158691,0.7451578974723816,0.8797264695167542,0.9793439507484436,0.005183549597859383,0.01660088822245598,0.04974331706762314,0.0879962295293808,0.13255585730075836,0.16097290813922882,6.214597702026367,1.035766363143921,0.17377224564552307,0.0020758239552378654,0.31266793608665466,2.7241647243499756,5546045.5
77.5,46.81288146972656,-0.3410249352455139,0.08676347881555557,849.9088134765625,-0.2014969140291214,1100.3741455078125,-0.08352869004011154,1029.640869140625,-0.2007976472377777,1118.6805419921875,0.27973225712776184,0.6477240324020386,0.5304000973701477,0.6290333867073059,0.7540874481201172,0.8931558132171631,0.9956190586090088,0.005410191137343645,0.0171192716807127,0.0512496642768383,0.09059720486402512,0.13603025674819946,0.1645226776599884,6.319713592529297,1.0532855987548828,0.17697738111019135,0.0021033952943980694,0.31682083010673523,2.724003791809082,5545718.0
77.5999984741211,46.77970886230469,-0.3317263722419739,0.09298571199178696,849.8888549804688,-0.19718647003173828,1100.3665771484375,-0.06798220425844193,1029.621337890625,-0.19078326225280762,1118.7098388671875,0.3063080906867981,0.6482765674591064,0.5321382880210876,0.6342345476150513,0.7632778882980347,0.9069311618804932,1.012243628501892,0.005640669260174036,0.01764610782265663,0.052775196731090546,0.09321317821741104,0.13947445154190063,0.16796106100082397,6.426692008972168,1.0711153745651245,0.1800120621919632,0.002130016917362809,0.32083067297935486,2.723846435546875,5545397.0
77.69999694824219,46.74748611450195,-0.32220709323883057,0.09519290179014206,849.869384765625,-0.1927366852760315,1100.360595703125,-0.05209612473845482,1029.602783203125,-0.18049167096614838,1118.7418212890625,0.33328723907470703,0.6488522887229919,0.5339295864105225,0.6395891308784485,0.7727304100990295,0.9210489988327026,1.0292061567306519,0.005874798633158207,0.018180927261710167,0.05431807041168213,0.09583970159292221,0.14287994801998138,0.17128242552280426,6.535451889038086,1.0892419815063477,0.1829325407743454,0.002155668567866087,0.3246943950653076,2.7236924171447754,5545083.5
77.80000305175781,46.71620178222656,-0.3128291368484497,0.09377950429916382,849.850341796875,-0.18814504146575928,1100.356201171875,-0.03587324172258377,1029.585205078125,-0.16992230713367462,1118.7764892578125,0.36065664887428284,0.6494516730308533,0.5357747673988342,0.6450987458229065,0.7824460864067078,0.9355053305625916,1.0464953184127808,0.006112474016845226,0.018723459914326668,0.055877164006233215,0.09847419708967209,0.14624375104904175,0.1744973063468933,6.64594841003418,1.1076581478118896,0.18580111861228943,0.002180360956117511,0.32841363549232483,2.7235419750213623,5544777.0
77.9000015258789,46.68583679199219,-0.30366307497024536,0.09166046977043152,849.8317260742188,-0.18340913951396942,1100.3533935546875,-0.019314946606755257,1029.5687255859375,-0.15907476842403412,1118.81396484375,0.3884087800979614,0.6500749588012695,0.537674605846405,0.6507651209831238,0.7924254536628723,0.9502959847450256,1.0641014575958252,0.0063536325469613075,0.019273536279797554,0.0574517697095871,0.1011151447892189,0.14956575632095337,0.17762145400047302,6.758155345916748,1.126359224319458,0.18863148987293243,0.002204110147431493,0.3319908678531647,2.7233951091766357,5544478.5
78.0,46.65637969970703,-0.2945711016654968,0.09091975539922714,849.8136596679688,-0.17852668464183807,1100.352294921875,-0.0024233697913587093,1029.553466796875,-0.147948756814003,1118.8541259765625,0.41653403639793396,0.6507225036621094,0.5396297574043274,0.656589686870575,0.8026692271232605,0.965416669845581,1.082015872001648,0.006598195992410183,0.01983094960451126,0.05904102697968483,0.10376068204641342,0.15284480154514313,0.18066345155239105,6.872039318084717,1.145339846611023,0.19139373302459717,0.002226921496912837,0.33542677760124207,2.723252058029175,5544187.0
78.0999984741211,46.6278190612793,-0.2855933904647827,0.08977731317281723,849.7960205078125,-0.17349554598331451,1100.3529052734375,0.014798706397414207,1029.5391845703125,-0.1365441083908081,1118.897216796875,0.4450211524963379,0.6513947248458862,0.5416410565376282,0.6625738739967346,0.8131776452064514,0.9808630347251892,1.1002305746078491,0.006846070755273104,0.020395459607243538,0.060643959790468216,0.10640868544578552,0.15607896447181702,0.1836272031068802,6.987560272216797,1.1645934581756592,0.19408974051475525,0.0022488031536340714,0.33872267603874207,2.7231130599975586,5543904.0
78.19999694824219,46.60013961791992,-0.2767969071865082,0.08796469122171402,849.7789306640625,-0.16831368207931519,1100.355224609375,0.032348670065402985,1029.526123046875,-0.12486089020967484,1118.9432373046875,0.473859965801239,0.6520918607711792,0.5437091588973999,0.6687189936637878,0.8239509463310242,0.9966304898262024,1.1187379360198975,0.007097172550857067,0.020966848358511925,0.06225969269871712,0.10905730724334717,0.15926706790924072,0.1865173727273941,7.104682922363281,1.1841137409210205,0.19672952592372894,0.0022697686217725277,0.34188055992126465,2.722977876663208,5543629.0
78.30000305175781,46.57332229614258,-0.2681978642940521,0.08599057048559189,849.7623901367188,-0.16297920048236847,1100.359375,0.05022399500012398,1029.51416015625,-0.11289923638105392,1118.9920654296875,0.5030412077903748,0.6528142690658569,0.5458346605300903,0.6750262379646301,0.8349890112876892,1.0127143859863281,1.13753080368042,0.00735142407938838,0.021544910967350006,0.06388740986585617,0.11170488595962524,0.16240833699703217,0.1893385499715805,7.223372936248779,1.2038955688476562,0.1993142068386078,0.0022898332681506872,0.34490278363227844,2.7228469848632812,5543362.5
78.4000015258789,46.547332763671875,-0.2598908841609955,0.08306960016489029,849.746337890625,-0.1574903130531311,1100.3653564453125,0.06842260807752609,1029.5035400390625,-0.10065944492816925,1119.0438232421875,0.5325576663017273,0.6535622477531433,0.5480183959007263,0.6814968585968018,0.8462917804718018,1.0291101932525635,1.1566026210784912,0.007608762942254543,0.022129487246274948,0.06552644073963165,0.11435015499591827,0.1655030995607376,0.19209718704223633,7.343605995178223,1.223934292793274,0.20186293125152588,0.0023090203758329153,0.34779277443885803,2.7227203845977783,5543105.0
78.5,46.52216720581055,-0.2516389787197113,0.08251931518316269,849.7308959960938,-0.15184536576271057,1100.373046875,0.08694113790988922,1029.494140625,-0.08814189583063126,1119.0985107421875,0.5623978972434998,0.654336154460907,0.5502608418464661,0.6881319284439087,0.8578588366508484,1.045812964439392,1.1759471893310547,0.007869094610214233,0.022720331326127052,0.06717584282159805,0.11699116230010986,0.1685495674610138,0.1947917640209198,7.4653401374816895,1.2442233562469482,0.2043219357728958,0.002327332738786936,0.3505510687828064,2.7225983142852783,5542856.0
78.5999984741211,46.49787139892578,-0.2429693043231964,0.0866965651512146,849.7160034179688,-0.1460428088903427,1100.3826904296875,0.10577147454023361,1029.4859619140625,-0.07534734159708023,1119.15625,0.5925352573394775,0.6551361680030823,0.5525626540184021,0.6949323415756226,0.8696895837783813,1.0628176927566528,1.1955569982528687,0.008132200688123703,0.023316895589232445,0.06883353739976883,0.11962320655584335,0.17153848707675934,0.1973976045846939,7.5884785652160645,1.2647464275360107,0.20656970143318176,0.002344734501093626,0.3531721830368042,2.722480535507202,5542616.5
78.69999694824219,46.474491119384766,-0.23381687700748444,0.09152434766292572,849.70166015625,-0.1400812417268753,1100.394287109375,0.12490150332450867,1029.47900390625,-0.06227722018957138,1119.217041015625,0.6229310035705566,0.6559626460075378,0.5549243688583374,0.7018988132476807,0.8817828297615051,1.0801177024841309,1.215421199798584,0.008397761732339859,0.023918392136693,0.07049661129713058,0.12223952263593674,0.17445534467697144,0.1998780071735382,7.7128801345825195,1.28548002243042,0.20856201648712158,0.0023611842188984156,0.3556499183177948,2.722367525100708,5542386.5
78.80000305175781,46.452030181884766,-0.22458502650260925,0.09231849014759064,849.68798828125,-0.13395939767360687,1100.40771484375,0.14431984722614288,1029.4735107421875,-0.0489337258040905,1119.2808837890625,0.6535505056381226,0.6568158268928528,0.557346522808075,0.7090317606925964,0.8941366076469421,1.0977052450180054,1.235526204109192,0.008665494620800018,0.024524113163352013,0.0721624568104744,0.12483429908752441,0.17728883028030396,0.20221199095249176,7.838418483734131,1.3064031600952148,0.210370272397995,0.002376674674451351,0.35798314213752747,2.722259283065796,5542166.0
78.9000015258789,46.43049240112305,-0.21537438035011292,0.09210643172264099,849.6749267578125,-0.12767620384693146,1100.423095703125,0.16401655972003937,1029.46923828125,-0.03531961515545845,1119.3477783203125,0.6843658089637756,0.6576958298683167,0.5598293542861938,0.7163313031196594,0.9067485928535461,1.1155717372894287,1.2558568716049194,0.008935164660215378,0.02513348124921322,0.07382897287607193,0.12740302085876465,0.1800316721200943,0.2043929398059845,7.964990139007568,1.3274983167648315,0.2120106816291809,0.0023912067990750074,0.36017200350761414,2.722155809402466,5541955.5
79.0,46.40987014770508,-0.20625542104244232,0.09118957072496414,849.6624755859375,-0.12123073637485504,1100.4405517578125,0.18398195505142212,1029.4664306640625,-0.021438080817461014,1119.417724609375,0.7153509259223938,0.6586028933525085,0.5623733401298523,0.7237975001335144,0.9196159839630127,1.1337076425552368,1.2763980627059937,0.009206555783748627,0.02574595808982849,0.0754942074418068,0.1299416422843933,0.18267811834812164,0.20641890168190002,8.092496871948242,1.3487495183944702,0.21349310874938965,0.0024047873448580503,0.3622175455093384,2.722057580947876,5541755.5
79.0999984741211,46.3901481628418,-0.19720441102981567,0.09051017463207245,849.650634765625,-0.11462229490280151,1100.4599609375,0.20420591533184052,1029.4649658203125,-0.007292724214494228,1119.4908447265625,0.7464794516563416,0.6595371961593628,0.5649786591529846,0.7314299941062927,0.9327355027198792,1.152103066444397,1.2971338033676147,0.009479445405304432,0.026360994204878807,0.07715620845556259,0.13244618475437164,0.18522262573242188,0.20828744769096375,8.220842361450195,1.3701403141021729,0.21480542421340942,0.002417421666905284,0.36412057280540466,2.7219643592834473,5541565.5
79.19999694824219,46.371341705322266,-0.1880604773759842,0.09143932908773422,849.6395263671875,-0.1078503429889679,1100.4814453125,0.22467626631259918,1029.4649658203125,0.007112393621355295,1119.5670166015625,0.7777194380760193,0.660498857498169,0.5676456093788147,0.7392284870147705,0.946103572845459,1.1707476377487183,1.3180482387542725,0.009753566235303879,0.02697793021798134,0.0788126140832901,0.1349116861820221,0.18765723705291748,0.20998802781105042,8.349905014038086,1.3916507959365845,0.21589747071266174,0.0024291016161441803,0.3658798635005951,2.721876382827759,5541386.5
79.30000305175781,46.35346221923828,-0.17878827452659607,0.09272195398807526,849.6290893554688,-0.10091455280780792,1100.5048828125,0.24537882208824158,1029.4664306640625,0.02177261933684349,1119.6463623046875,0.8090332746505737,0.6614879369735718,0.5703742504119873,0.7471922039985657,0.9597160220146179,1.1896296739578247,1.3391234874725342,0.010028605349361897,0.027595994994044304,0.08046068251132965,0.13733235001564026,0.18997184932231903,0.21150414645671844,8.479544639587402,1.4132574796676636,0.21674446761608124,0.0024398162495344877,0.36749371886253357,2.7217938899993896,5541218.5
79.4000015258789,46.336551666259766,-0.1691121906042099,0.09676089882850647,849.619384765625,-0.09381480515003204,1100.530517578125,0.26629582047462463,1029.4693603515625,0.03668256103992462,1119.7288818359375,0.8403730988502502,0.6625046133995056,0.5731647610664368,0.755320131778717,0.9735679030418396,1.2087364196777344,1.360339879989624,0.01030416414141655,0.028214216232299805,0.08209695667028427,0.13970063626766205,0.1921519935131073,0.21280737221240997,8.609583854675293,1.434930682182312,0.21725624799728394,0.0024495318066328764,0.36895713210105896,2.721717119216919,5541062.0
79.5,46.32064437866211,-0.15908637642860413,0.10025816410779953,849.6103515625,-0.086551234126091,1100.55810546875,0.2874068021774292,1029.4737548828125,0.05183589085936546,1119.814453125,0.8716840744018555,0.6635487675666809,0.5760170817375183,0.7636109590530396,0.9876536726951599,1.2280538082122803,1.3816745281219482,0.010579787194728851,0.028831472620368004,0.0837174654006958,0.1420079469680786,0.19418080151081085,0.21386577188968658,8.73981761932373,1.4566363096237183,0.21741962432861328,0.0024582198821008205,0.3702657222747803,2.7216458320617676,5540917.0
79.5999984741211,46.30574417114258,-0.14899834990501404,0.10088029503822327,849.60205078125,-0.07912419736385345,1100.5880126953125,0.30869215726852417,1029.479736328125,0.0672253668308258,1119.9031982421875,0.9029165506362915,0.6646205186843872,0.5789309740066528,0.7720628380775452,1.0019667148590088,1.2475658655166626,1.4031020402908325,0.010855060070753098,0.029446754604578018,0.0853186622262001,0.14424678683280945,0.19604527950286865,0.21466295421123505,8.8700590133667,1.47834312915802,0.21729367971420288,0.002465875120833516,0.371418833732605,2.7215802669525146,5540784.0
79.69999694824219,46.29180908203125,-0.13936008512973785,0.09638261049985886,849.5945434570312,-0.07153435796499252,1100.619873046875,0.3301369249820709,1029.4871826171875,0.08284313976764679,1119.9951171875,0.9340385794639587,0.665719747543335,0.5819063186645508,0.7806738018989563,1.0165001153945923,1.2672560214996338,1.4245966672897339,0.011129708029329777,0.030059393495321274,0.0868983194231987,0.14641307294368744,0.19774208962917328,0.21521323919296265,9.000184059143066,1.500030755996704,0.2170175015926361,0.0024725364055484533,0.37242212891578674,2.7215209007263184,5540662.5
79.80000305175781,46.278785705566406,-0.13019871711730957,0.09161361306905746,849.5877685546875,-0.06378262490034103,1100.654052734375,0.35172921419143677,1029.496337890625,0.09868116676807404,1120.0899658203125,0.9650297164916992,0.6668464541435242,0.5849427580833435,0.7894415855407715,1.031246304512024,1.2871075868606567,1.4461352825164795,0.011403551325201988,0.03066895343363285,0.08845505118370056,0.14850494265556335,0.19927380979061127,0.2155442237854004,9.130112648010254,1.5216853618621826,0.21661530435085297,0.0024782433174550533,0.3732817471027374,2.7214672565460205,5540553.5
79.9000015258789,46.26661682128906,-0.1217038705945015,0.08494849503040314,849.581787109375,-0.0558701790869236,1100.6903076171875,0.37345948815345764,1029.5069580078125,0.11473139375448227,1120.1881103515625,0.9958779215812683,0.6680004596710205,0.5880399346351624,0.7983638644218445,1.0461980104446411,1.3071043491363525,1.4676976203918457,0.01167647447437048,0.03127516061067581,0.0899880975484848,0.15052199363708496,0.20064683258533478,0.21568912267684937,9.259790420532227,1.543298363685608,0.21615400910377502,0.0024830526672303677,0.37400615215301514,2.7214200496673584,5540457.5
80.0,46.25522232055664,-0.11396492272615433,0.07738946378231049,849.5765991210938,-0.047798436135053635,1100.728759765625,0.3953208029270172,1029.519287109375,0.13098599016666412,1120.2891845703125,1.0265800952911377,0.6691817045211792,0.5911976099014282,0.8074381947517395,1.0613477230072021,1.3272309303283691,1.4892667531967163,0.011948437429964542,0.031877923756837845,0.09149735420942307,0.15246550738811493,0.20187151432037354,0.21568641066551208,9.389200210571289,1.5648666620254517,0.2156810313463211,0.00248702778480947,0.37460488080978394,2.721379041671753,5540374.0
80.0999984741211,46.24449920654297,-0.10720575600862503,0.06759171932935715,849.5722045898438,-0.039569027721881866,1100.769287109375,0.41730988025665283,1029.533203125,0.14743751287460327,1120.3934326171875,1.0571452379226685,0.6703900694847107,0.5944154262542725,0.8166623711585999,1.076688289642334,1.3474732637405396,1.5108304023742676,0.012219494208693504,0.03247738257050514,0.09298359602689743,0.15433892607688904,0.20296329259872437,0.21558332443237305,9.518364906311035,1.586394190788269,0.21528710424900055,0.002490250626578927,0.3750903308391571,2.721344470977783,5540304.0
80.19999694824219,46.23432540893555,-0.10174234211444855,0.054634127765893936,849.5686645507812,-0.0311837587505579,1100.8121337890625,0.43942931294441223,1029.5487060546875,0.16407927870750427,1120.5006103515625,1.0876009464263916,0.671625554561615,0.5976929664611816,0.8260341286659241,1.0922130346298218,1.3678191900253296,1.5323816537857056,0.01248985342681408,0.03307406231760979,0.09444896876811981,0.15614894032478333,0.20394565165042877,0.21544374525547028,9.647378921508789,1.6078964471817017,0.21510285139083862,0.002492829691618681,0.3754787743091583,2.7213165760040283,5540247.0
80.30000305175781,46.22456359863281,-0.09760764986276627,0.04134688526391983,849.5659790039062,-0.022644568234682083,1100.857177734375,0.461686372756958,1029.5660400390625,0.18090566992759705,1120.61083984375,1.1179888248443604,0.6728880405426025,0.601030170917511,0.8355514407157898,1.107915997505188,1.3882591724395752,1.5539202690124512,0.012759837321937084,0.03366875275969505,0.09589661657810211,0.15790465474128723,0.20484715700149536,0.21533700823783875,9.776385307312012,1.6293976306915283,0.21518613398075104,0.00249487510882318,0.3757869005203247,2.7212953567504883,5540203.5
80.4000015258789,46.21510696411133,-0.0945834070444107,0.030242469161748886,849.5641479492188,-0.013953479006886482,1100.904541015625,0.4840894341468811,1029.5849609375,0.1979122757911682,1120.7242431640625,1.1483521461486816,0.6741775274276733,0.6044266819953918,0.8452128767967224,1.1237921714782715,1.408786416053772,1.5754523277282715,0.01302978117018938,0.0342622809112072,0.0973297506570816,0.15961512923240662,0.205694779753685,0.21531707048416138,9.905536651611328,1.6509226560592651,0.21551276743412018,0.0024964797776192427,0.3760285973548889,2.721280813217163,5540174.0
80.5,46.205875396728516,-0.092328742146492,0.02254660800099373,849.563232421875,-0.005112539976835251,1100.9541015625,0.5066447257995605,1029.6055908203125,0.21509572863578796,1120.840576171875,1.1787241697311401,0.6754940152168274,0.607882559299469,0.8550169467926025,1.1398375034332275,1.4293967485427856,1.5969879627227783,0.013299942947924137,0.03485528752207756,0.09875089675188065,0.1612875610589981,0.2065087854862213,0.21541067957878113,10.034947395324707,1.672491192817688,0.21600595116615295,0.0024977067951112986,0.3762134313583374,2.721273422241211,5540159.0
80.5999984741211,46.19677734375,-0.09097205102443695,0.01356691587716341,849.5631713867188,0.003876203903928399,1101.005859375,0.5293593406677246,1029.6279296875,0.23245345056056976,1120.9599609375,1.209139108657837,0.6768375635147095,0.6113977432250977,0.864962637424469,1.1560484170913696,1.450087547302246,1.6185396909713745,0.013570589944720268,0.035448428243398666,0.10016258805990219,0.1629290133714676,0.20730818808078766,0.2156394124031067,10.164738655090332,1.6941231489181519,0.2167237251996994,0.002498630667105317,0.37635257840156555,2.7212729454040527,5540158.0
80.69999694824219,46.1877555847168,-0.0902009978890419,0.007710522506386042,849.56396484375,0.01301074493676424,1101.0599365234375,0.5522398352622986,1029.652099609375,0.24998366832733154,1121.0823974609375,1.239627480506897,0.6782081723213196,0.6149722933769226,0.8750491738319397,1.1724222898483276,1.4708584547042847,1.6401216983795166,0.013841960579156876,0.036042291671037674,0.1015670895576477,0.16454578936100006,0.2081087827682495,0.216014102101326,10.295018196105957,1.7158364057540894,0.21759359538555145,0.002499299356713891,0.3764532804489136,2.7212796211242676,5540171.5
80.80000305175781,46.17875289916992,-0.09003987163305283,0.0016112822340801358,849.5657348632812,0.022289136424660683,1101.1163330078125,0.57529217004776,1029.677978515625,0.267685204744339,1121.2078857421875,1.270216941833496,0.6796059608459473,0.6186062693595886,0.8852759003639221,1.1889568567276,1.4917099475860596,1.6617485284805298,0.014114269986748695,0.03663739934563637,0.10296645760536194,0.16614343225955963,0.20892369747161865,0.21653887629508972,10.425883293151855,1.7376471757888794,0.21863456070423126,0.0024997624568641186,0.37652304768562317,2.7212934494018555,5540199.5
80.9000015258789,46.169677734375,-0.09074679762125015,-0.007069265469908714,849.5684204101562,0.03170951455831528,1101.175048828125,0.5985264778137207,1029.70556640625,0.2855575978755951,1121.33642578125,1.3009462356567383,0.6810310482978821,0.62229984998703,0.8956423997879028,1.2056505680084229,1.5126444101333618,1.6834362745285034,0.014387826435267925,0.037234511226415634,0.10436351597309113,0.1677294671535492,0.20977070927619934,0.21723446249961853,10.557472229003906,1.759578824043274,0.21995098888874054,0.0025000914465636015,0.3765725791454315,2.7213146686553955,5540243.0
81.0,46.160465240478516,-0.09214243292808533,-0.01395632978528738,849.5720825195312,0.04127012938261032,1101.2359619140625,0.6219543218612671,1029.735107421875,0.3036012649536133,1121.4681396484375,1.3318582773208618,0.6824836134910583,0.6260532736778259,0.9061486124992371,1.222502589225769,1.5336661338806152,1.7052031755447388,0.014662970788776875,0.03783446177840233,0.10576139390468597,0.16931189596652985,0.21066813170909882,0.21812224388122559,10.68994140625,1.7816568613052368,0.22151516377925873,0.0025003417395055294,0.37661027908325195,2.721343517303467,5540302.0
81.0999984741211,46.151023864746094,-0.09438738226890564,-0.022449500858783722,849.5767211914062,0.050969358533620834,1101.2994384765625,0.6455897092819214,1029.766357421875,0.321817547082901,1121.602783203125,1.3630009889602661,0.6839637160301208,0.629866898059845,0.9167948365211487,1.2395131587982178,1.5547809600830078,1.727069616317749,0.014940088614821434,0.038438186049461365,0.10716356337070465,0.17089949548244476,0.2116355299949646,0.2192269116640091,10.82346248626709,1.8039103746414185,0.22340142726898193,0.002500582719221711,0.37664657831192017,2.7213799953460693,5540376.0
81.19999694824219,46.141258239746094,-0.09766906499862671,-0.032816845923662186,849.582275390625,0.060805756598711014,1101.3651123046875,0.6694514155387878,1029.7994384765625,0.34020885825157166,1121.74072265625,1.3944365978240967,0.6854717135429382,0.6337411403656006,0.9275816679000854,1.2566832304000854,1.5759971141815186,1.7490590810775757,0.015219680964946747,0.03904690966010094,0.1085745096206665,0.17250338196754456,0.21269802749156952,0.2205888330936432,10.958264350891113,1.826377272605896,0.22570696473121643,0.002500898204743862,0.37669411301612854,2.721424102783203,5540466.0
81.30000305175781,46.13105392456055,-0.10203219950199127,-0.043631311506032944,849.5888671875,0.07077807933092117,1101.433349609375,0.6935627460479736,1029.8343505859375,0.3587789833545685,1121.8817138671875,1.426239013671875,0.6870077848434448,0.6376765370368958,0.9385102987289429,1.2740150690078735,1.5973255634307861,1.7711999416351318,0.015502344816923141,0.039662089198827744,0.10999954491853714,0.17413651943206787,0.21388459205627441,0.22225631773471832,11.094615936279297,1.8491026163101196,0.22848883271217346,0.0025013762060552835,0.3767660856246948,2.7214760780334473,5540571.5
81.4000015258789,46.12028503417969,-0.10770871490240097,-0.056765198707580566,849.596435546875,0.08088533580303192,1101.50390625,0.71795254945755,1029.8712158203125,0.37753331661224365,1122.0260009765625,1.4584977626800537,0.688572347164154,0.6416738629341125,0.9495824575424194,1.291512370109558,1.618780493736267,1.7935254573822021,0.01578880473971367,0.040285494178533554,0.11144506931304932,0.17581434547901154,0.21522976458072662,0.22428995370864868,11.2328462600708,1.8721410036087036,0.23187141120433807,0.0025021221954375505,0.3768784999847412,2.721536159515381,5540693.5
81.5,46.10881042480469,-0.1147494837641716,-0.07040765881538391,849.6050415039062,0.09112684428691864,1101.576904296875,0.7426554560661316,1029.909912109375,0.3964792490005493,1122.1734619140625,1.4913172721862793,0.6901657581329346,0.6457340717315674,0.9608004689216614,1.309180498123169,1.640379548072815,1.8160759210586548,0.016079913824796677,0.040919188410043716,0.11291854083538055,0.17755469679832458,0.2167728841304779,0.2267584502696991,11.373339653015137,1.8955565690994263,0.23592914640903473,0.002503246534615755,0.3770478367805481,2.721604108810425,5540832.0
81.5999984741211,46.09651565551758,-0.12294904887676239,-0.08199568837881088,849.6146850585938,0.10150227695703506,1101.6524658203125,0.7677083611488342,1029.9505615234375,0.41562607884407043,1122.32421875,1.524804711341858,0.6917885541915894,0.6498582363128662,0.9721676111221313,1.3270264863967896,1.6621445417404175,1.838897466659546,0.016376543790102005,0.04156530648469925,0.11442754417657852,0.17937536537647247,0.2185516208410263,0.22971786558628082,11.51649284362793,1.9194154739379883,0.24064382910728455,0.0025048411916941404,0.37728801369667053,2.721680164337158,5540987.0
81.69999694824219,46.08329772949219,-0.13215501606464386,-0.09205958247184753,849.6253662109375,0.11201173812150955,1101.73046875,0.7931486964225769,1029.9930419921875,0.43498510122299194,1122.4783935546875,1.559064269065857,0.6934413313865662,0.6540477275848389,0.983687698841095,1.3450595140457153,1.6841007471084595,1.8620413541793823,0.016679547727108,0.0422259122133255,0.11597942560911179,0.18129326403141022,0.22059942781925201,0.2332068532705307,11.662693977355957,1.9437823295593262,0.24600397050380707,0.0025069848634302616,0.3776108920574188,2.72176456451416,5541158.5
81.80000305175781,46.069091796875,-0.14205947518348694,-0.09904462099075317,849.6370849609375,0.12265579402446747,1101.81103515625,0.8190127611160278,1030.0374755859375,0.4545693099498749,1122.6361083984375,1.5941916704177856,0.6951247453689575,0.6583040356636047,0.9953655004501343,1.363289713859558,1.7062764167785645,1.885561466217041,0.01698971912264824,0.04290291294455528,0.117580845952034,0.18332332372665405,0.22294309735298157,0.23724225163459778,11.812300682067871,1.9687168598175049,0.2519354522228241,0.0025097301695495844,0.3780243992805481,2.7218570709228516,5541347.5
81.9000015258789,46.05381774902344,-0.15275904536247253,-0.10699575394392014,849.64990234375,0.13343550264835358,1101.894287109375,0.8453382849693298,1030.083984375,0.47439315915107727,1122.79736328125,1.6302835941314697,0.6968395709991455,0.6626290082931519,1.0072062015533447,1.381729245185852,1.728702425956726,1.9095131158828735,0.01730785146355629,0.043598245829343796,0.11923849582672119,0.1854802966117859,0.2256079614162445,0.2418392300605774,11.965679168701172,1.9942797422409058,0.258501797914505,0.0025131371803581715,0.3785375952720642,2.7219583988189697,5541553.5
82.0,46.03740692138672,-0.16411057114601135,-0.11351526528596878,849.6637573242188,0.14435246586799622,1101.9801025390625,0.8721650838851929,1030.1324462890625,0.4944727122783661,1122.962158203125,1.6674392223358154,0.698586642742157,0.667024552822113,1.019215703010559,1.4003914594650269,1.751412034034729,1.9339532852172852,0.017634771764278412,0.044313885271549225,0.12095919251441956,0.1877790093421936,0.22861868143081665,0.24701331555843353,12.123201370239258,2.020533561706543,0.265689879655838,0.002517253626137972,0.3791576027870178,2.7220680713653564,5541776.5
82.0999984741211,46.019805908203125,-0.1759897619485855,-0.118791863322258,849.6787719726562,0.1554088294506073,1102.0687255859375,0.899533212184906,1030.182861328125,0.5148254632949829,1123.130859375,1.7057547569274902,0.7003669142723083,0.6714926958084106,1.0314007997512817,1.419291377067566,1.774441123008728,1.9589401483535767,0.017971277236938477,0.04505176097154617,0.12274950742721558,0.19023342430591583,0.2319967895746231,0.2527726888656616,12.285234451293945,2.047539234161377,0.2734849154949188,0.0025221158284693956,0.37988999485969543,2.72218656539917,5542018.0
82.19999694824219,46.000938415527344,-0.18866710364818573,-0.12677337229251862,849.6948852539062,0.1666073203086853,1102.1600341796875,0.9274875521659851,1030.2353515625,0.5354703068733215,1123.3033447265625,1.7453385591506958,0.702181339263916,0.6760358810424805,1.0437687635421753,1.4384450912475586,1.7978273630142212,1.984533429145813,0.01831827126443386,0.045814041048288345,0.1246168464422226,0.19285938143730164,0.23576831817626953,0.2591429650783539,12.452191352844238,2.0753650665283203,0.28202491998672485,0.002527782227844,0.38074350357055664,2.722313642501831,5542277.0
82.30000305175781,45.98073959350586,-0.2020064741373062,-0.1333938091993332,849.7120971679688,0.17795127630233765,1102.2542724609375,0.9560769200325012,1030.2900390625,0.556428074836731,1123.47998046875,1.7863080501556396,0.7040310502052307,0.6806565523147583,1.0563275814056396,1.4578708410263062,1.8216118812561035,2.0107955932617188,0.01867673173546791,0.04660307243466377,0.12656919658184052,0.1956738978624344,0.2399616688489914,0.26615679264068604,12.62451457977295,2.104085922241211,0.29131123423576355,0.0025342993903905153,0.38172510266304016,2.722449779510498,5542554.0
82.4000015258789,45.95915222167969,-0.21585607528686523,-0.13849598169326782,849.73046875,0.18944469094276428,1102.351318359375,0.9853507876396179,1030.3466796875,0.5777211785316467,1123.6607666015625,1.8287780284881592,0.7059171795845032,0.6853576302528381,1.0690863132476807,1.477588176727295,1.8458378314971924,2.037792682647705,0.01904761604964733,0.0474211648106575,0.12861432135105133,0.19869321584701538,0.24460214376449585,0.273836225271225,12.80264663696289,2.133774518966675,0.30132684111595154,0.0025416999123990536,0.38283979892730713,2.722594976425171,5542849.5
82.5,45.93614959716797,-0.23005039989948273,-0.1419432908296585,849.75,0.2010922133922577,1102.4512939453125,1.0153586864471436,1030.405517578125,0.5993735790252686,1123.8458251953125,1.8728593587875366,0.7078410983085632,0.690142035484314,1.0820544958114624,1.497618317604065,1.8705512285232544,2.065591335296631,0.01943185366690159,0.048270538449287415,0.13075964152812958,0.20193232595920563,0.2497110515832901,0.2821919918060303,12.987010955810547,2.164501905441284,0.31204307079315186,0.002550002420321107,0.3840903639793396,2.7227492332458496,5543163.5
82.5999984741211,45.91172409057617,-0.24425670504570007,-0.1420629918575287,849.7706909179688,0.21289916336536407,1102.554443359375,1.0461478233337402,1030.466552734375,0.6214107871055603,1124.035400390625,1.918649673461914,0.709804117679596,0.6950131058692932,1.0952425003051758,1.5179839134216309,1.8957995176315308,2.0942587852478027,0.01983027532696724,0.0491531677544117,0.13301154971122742,0.2054036408662796,0.25530192255973816,0.29121336340904236,13.17798900604248,2.19633150100708,0.3233538866043091,0.002559197135269642,0.3854753077030182,2.7229127883911133,5543496.5
82.69999694824219,45.88594436645508,-0.2577730417251587,-0.13516323268413544,849.7926025390625,0.22487156093120575,1102.66064453125,1.0777556896209717,1030.52978515625,0.6438589692115784,1124.2296142578125,1.9662115573883057,0.7118077278137207,0.6999740600585938,1.10866117477417,1.5387085676193237,1.921630859375,2.123859167098999,0.02024342492222786,0.050070323050022125,0.13537387549877167,0.20911283791065216,0.26136985421180725,0.3008390963077545,13.375835418701172,2.2293057441711426,0.3349735736846924,0.002569216303527355,0.3869844079017639,2.723085641860962,5543848.5
82.80000305175781,45.858909606933594,-0.2703724801540375,-0.12599439918994904,849.815673828125,0.23701609671115875,1102.77001953125,1.1102107763290405,1030.5953369140625,0.6667440533638,1124.4287109375,2.015575885772705,0.7138534188270569,0.7050285339355469,1.1223217248916626,1.5598161220550537,1.948091983795166,2.1544482707977295,0.02067158930003643,0.05102264881134033,0.13784803450107574,0.2130596935749054,0.26789477467536926,0.3109758496284485,13.580686569213867,2.2634477615356445,0.34676918387413025,0.0025799721479415894,0.3886045217514038,2.7232682704925537,5544220.0
82.9000015258789,45.8306999206543,-0.28209593892097473,-0.11723478883504868,849.8399658203125,0.24934005737304688,1102.8826904296875,1.143538475036621,1030.6632080078125,0.690091609954834,1124.6328125,2.0667622089385986,0.7159426808357239,0.7101800441741943,1.1362353563308716,1.5813299417495728,1.9752273559570312,2.186072587966919,0.021114971488714218,0.05201056972146034,0.14043468236923218,0.2172420769929886,0.2748529613018036,0.32153770327568054,13.792644500732422,2.298774003982544,0.3587203621864319,0.0025913810823112726,0.3903229832649231,2.7234604358673096,5544611.0
83.0,45.801387786865234,-0.2930923402309418,-0.10996395349502563,849.8655395507812,0.2618512511253357,1102.998779296875,1.1777645349502563,1030.7333984375,0.7139265537261963,1124.842041015625,2.1197926998138428,0.7180770039558411,0.7154321074485779,1.1504132747650146,1.603273868560791,2.0030791759490967,2.218771457672119,0.021573789417743683,0.05303455889225006,0.14313463866710663,0.22165828943252563,0.2822237014770508,0.3324635326862335,14.011815071105957,2.3353025913238525,0.37086355686187744,0.0026033716276288033,0.3921290338039398,2.7236623764038086,5545022.5
83.0999984741211,45.77105712890625,-0.30331748723983765,-0.1022515669465065,849.8923950195312,0.27455803751945496,1103.1182861328125,1.2129144668579102,1030.8060302734375,0.7382733225822449,1125.0567626953125,2.1746881008148193,0.7202580571174622,0.7207884192466736,1.1648668050765991,1.6256709098815918,2.0316879749298096,2.2525787353515625,0.02204824797809124,0.05409505218267441,0.14594855904579163,0.22630645334720612,0.2899872362613678,0.3437049686908722,14.238301277160645,2.3730502128601074,0.38315895199775696,0.0026158681139349937,0.3940112888813019,2.723874092102051,5545453.5
83.19999694824219,45.73979568481445,-0.3126319348812103,-0.09314428269863129,849.9204711914062,0.28746917843818665,1103.2413330078125,1.2490099668502808,1030.881103515625,0.7631558775901794,1125.277099609375,2.231456756591797,0.7224872708320618,0.726252555847168,1.1796075105667114,1.6485443115234375,2.061091661453247,2.2875237464904785,0.022538458928465843,0.0551922507584095,0.14887626469135284,0.2311825454235077,0.29811954498291016,0.355207622051239,14.472161293029785,2.412026882171631,0.39551228284835815,0.0026287834625691175,0.3959566652774811,2.7240962982177734,5545905.5
83.30000305175781,45.70768737792969,-0.321058988571167,-0.08427069336175919,849.9498901367188,0.3005938231945038,1103.3681640625,1.286069631576538,1030.9586181640625,0.7885973453521729,1125.503173828125,2.2900986671447754,0.7247663736343384,0.7318283319473267,1.1946465969085693,1.6719163656234741,2.0913257598876953,2.323629379272461,0.02304445393383503,0.05632616952061653,0.15191689133644104,0.23628099262714386,0.3065938651561737,0.3669164776802063,14.713419914245605,2.4522366523742676,0.40789005160331726,0.0026420331560075283,0.3979523479938507,2.7243285179138184,5546378.5
83.4000015258789,45.67481994628906,-0.3286789357662201,-0.07619933038949966,849.9805908203125,0.3139415383338928,1103.4986572265625,1.3241108655929565,1031.038818359375,0.8146199584007263,1125.7352294921875,2.3506104946136475,0.7270967960357666,0.7375192642211914,1.2099952697753906,1.6958091259002686,2.1224231719970703,2.3609142303466797,0.023566246032714844,0.05749676749110222,0.15506935119628906,0.24159592390060425,0.3153844177722931,0.37878650426864624,14.962092399597168,2.4936821460723877,0.42028865218162537,0.002655538497492671,0.39998659491539,2.7245712280273438,5546873.0
83.5,45.641239166259766,-0.3358210623264313,-0.07142136245965958,850.0126953125,0.32752203941345215,1103.6329345703125,1.3631545305252075,1031.12158203125,0.8412453532218933,1125.973388671875,2.41300106048584,0.7294802665710449,0.7433291077613831,1.2256648540496826,1.72024405002594,2.154414653778076,2.399393320083618,0.02410394512116909,0.05870424583554268,0.15833349525928497,0.24712374806404114,0.3244733512401581,0.3908020555973053,15.218235969543457,2.536372661590576,0.43283167481422424,0.0026692484971135855,0.4020516276359558,2.7248246669769287,5547389.0
83.5999984741211,45.60700225830078,-0.3423788547515869,-0.06557799875736237,850.046142578125,0.3413454294204712,1103.771240234375,1.4032212495803833,1031.2071533203125,0.8684946894645691,1126.2178955078125,2.4772815704345703,0.7319182753562927,0.7492616176605225,1.2416664361953735,1.7452422380447388,2.1873292922973633,2.4390807151794434,0.02465767040848732,0.05994883179664612,0.1617092788219452,0.252861350774765,0.3338451087474823,0.4029536247253418,15.481916427612305,2.580319404602051,0.4454556703567505,0.0026831035502254963,0.4041385054588318,2.7250888347625732,5547927.0
83.69999694824219,45.572181701660156,-0.348188579082489,-0.05809725448489189,850.0809326171875,0.3554219603538513,1103.9136962890625,1.444327473640442,1031.2952880859375,0.8963887095451355,1126.4688720703125,2.543447256088257,0.734412431716919,0.7553203701972961,1.2580111026763916,1.7708244323730469,2.221194267272949,2.4799888134002686,0.025227423757314682,0.061230454593896866,0.165195494890213,0.2588028907775879,0.3434778153896332,0.41521045565605164,15.753141403198242,2.625523567199707,0.45804351568222046,0.002697029849514365,0.4062361419200897,2.7253642082214355,5548487.0
83.80000305175781,45.536861419677734,-0.35321512818336487,-0.050265371799468994,850.1171875,0.3697620928287506,1104.0601806640625,1.4864842891693115,1031.3863525390625,0.9249471426010132,1126.7266845703125,2.6114792823791504,0.7369643449783325,0.761509120464325,1.2747098207473755,1.7970106601715088,2.2560341358184814,2.5221259593963623,0.02581307850778103,0.06254874169826508,0.16878996789455414,0.2649400532245636,0.35334405303001404,0.4275274872779846,16.0318660736084,2.6719777584075928,0.4705241322517395,0.002710951492190361,0.40833306312561035,2.7256505489349365,5549070.5
83.9000015258789,45.50111389160156,-0.35747653245925903,-0.04261414706707001,850.1549072265625,0.3843764066696167,1104.2110595703125,1.5296998023986816,1031.4803466796875,0.9541885852813721,1126.9913330078125,2.681349515914917,0.7395756840705872,0.767831563949585,1.2917733192443848,1.823819875717163,2.2918713092803955,2.565495491027832,0.02641444280743599,0.06390315294265747,0.17248977720737457,0.27126309275627136,0.36341410875320435,0.43985700607299805,16.31801414489746,2.7196688652038574,0.48285070061683655,0.002724794205278158,0.4104181230068207,2.7259485721588135,5549677.0
84.0,45.46501159667969,-0.3610014021396637,-0.03524864464998245,850.194091796875,0.3992755115032196,1104.3662109375,1.573979139328003,1031.5772705078125,0.9841306209564209,1127.262939453125,2.7530229091644287,0.7422478795051575,0.7742911577224731,1.3092118501663208,1.8512701988220215,2.3287241458892822,2.6100964546203613,0.02703126333653927,0.06529299914836884,0.1762915998697281,0.27776122093200684,0.37365713715553284,0.45215222239494324,16.61147689819336,2.7685794830322266,0.4949811100959778,0.0027384862769395113,0.4124804735183716,2.7262580394744873,5550307.0
84.0999984741211,45.428611755371094,-0.3640148937702179,-0.030134782195091248,850.2348022460938,0.4144701063632965,1104.52587890625,1.6193277835845947,1031.67724609375,1.014789342880249,1127.5419921875,2.8264682292938232,0.7449825406074524,0.7808915376663208,1.3270355463027954,1.8793786764144897,2.3666086196899414,2.65592360496521,0.02766331098973751,0.06671765446662903,0.18019233644008636,0.28442466259002686,0.3840465545654297,0.46438366174697876,16.91216468811035,2.8186938762664795,0.5069804191589355,0.002751974854618311,0.41451215744018555,2.7265796661376953,5550961.5
84.19999694824219,45.39195251464844,-0.3666030764579773,-0.025881990790367126,850.2769775390625,0.4299708604812622,1104.6900634765625,1.6657521724700928,1031.7802734375,1.046180248260498,1127.828369140625,2.9016597270965576,0.7477810978889465,0.7876361012458801,1.3452541828155518,1.9081614017486572,2.405538320541382,2.702970266342163,0.02831040695309639,0.06817661225795746,0.1841893494129181,0.29124486446380615,0.3945605754852295,0.4765371084213257,17.220003128051758,2.8700006008148193,0.5188599228858948,0.0027652140706777573,0.416506290435791,2.7269132137298584,5551641.0
84.30000305175781,45.35509490966797,-0.3685644865036011,-0.019614096730947495,850.32080078125,0.44578835368156433,1104.8590087890625,1.7132537364959717,1031.886474609375,1.0783172845840454,1128.122314453125,2.978558301925659,0.7506451606750488,0.7945281863212585,1.3638771772384644,1.9376335144042969,2.4455246925354004,2.7512269020080566,0.02897225320339203,0.06966908276081085,0.18827901780605316,0.2982109785079956,0.40517210960388184,0.4885798990726471,17.534870147705078,2.922478199005127,0.5304661393165588,0.0027781417593359947,0.41845354437828064,2.7272591590881348,5552345.0
84.4000015258789,45.31809616088867,-0.3699660897254944,-0.01401585154235363,850.3661499023438,0.46193307638168335,1105.0328369140625,1.7618293762207031,1031.9959716796875,1.1112135648727417,1128.424072265625,3.0571115016937256,0.7535761594772339,0.8015711903572083,1.3829134702682495,1.9678088426589966,2.4865753650665283,2.80068039894104,0.029648447409272194,0.07119402289390564,0.19245675206184387,0.30531010031700134,0.4158497750759125,0.5004679560661316,17.856590270996094,2.9760985374450684,0.5417673587799072,0.0027907020412385464,0.42034539580345154,2.7276177406311035,5553075.0
84.5,45.28099822998047,-0.3709786534309387,-0.010125749744474888,850.4132080078125,0.4784153997898102,1105.21142578125,1.8114755153656006,1032.1087646484375,1.1448805332183838,1128.73388671875,3.1372687816619873,0.7565754055976868,0.8087682723999023,1.4023717641830444,1.9987002611160278,2.528696060180664,2.851313352584839,0.030338604003190994,0.07275041937828064,0.19671818614006042,0.312529981136322,0.4265657961368561,0.5121713280677795,18.185001373291016,3.0308337211608887,0.5528058409690857,0.0028028530068695545,0.4221756160259247,2.7279891967773438,5553831.5
84.5999984741211,45.24382019042969,-0.37179821729660034,-0.008195570670068264,850.4618530273438,0.49524545669555664,1105.3951416015625,1.8621907234191895,1032.2249755859375,1.1793285608291626,1129.0516357421875,3.2189908027648926,0.7596443891525269,0.8161224722862244,1.4222602844238281,2.0303192138671875,2.5718894004821777,2.903107166290283,0.031042419373989105,0.07433747500181198,0.2010597586631775,0.31986066699028015,0.43729960918426514,0.5236829519271851,18.519973754882812,3.0866622924804688,0.563658595085144,0.0028145690448582172,0.4239403009414673,2.7283737659454346,5554614.5
84.69999694824219,45.20659255981445,-0.37225738167762756,-0.004591562319546938,850.5122680664062,0.5124332308769226,1105.5838623046875,1.9139708280563354,1032.3446044921875,1.214566946029663,1129.377685546875,3.3022313117980957,0.7627844214439392,0.8236368894577026,1.4425867795944214,2.062676429748535,2.6161558628082275,2.9560418128967285,0.03175953030586243,0.07595423609018326,0.20547741651535034,0.3272911608219147,0.44802868366241455,0.5349858403205872,18.861352920532227,3.1435587406158447,0.574196994304657,0.0028258110396564007,0.42563363909721375,2.728771924972534,5555425.0
84.80000305175781,45.169349670410156,-0.3724554181098938,-0.001980606699362397,850.5643920898438,0.5299884080886841,1105.7779541015625,1.9668083190917969,1032.4678955078125,1.2506037950515747,1129.712158203125,3.386935234069824,0.7659968137741089,0.8313144445419312,1.4633586406707764,2.095781087875366,2.661494016647339,3.0100951194763184,0.03248950466513634,0.07759960740804672,0.2099665105342865,0.334809273481369,0.45872825384140015,0.5460551977157593,19.208951950073242,3.2014918327331543,0.5844245553016663,0.002836548490449786,0.4272509515285492,2.7291836738586426,5556263.5
84.9000015258789,45.13212203979492,-0.3722850978374481,0.001703306334093213,850.6182861328125,0.5479204058647156,1105.977294921875,2.0206916332244873,1032.5948486328125,1.2874459028244019,1130.05517578125,3.4730381965637207,0.7692828178405762,0.8391579389572144,1.4845826625823975,2.12964129447937,2.707899332046509,3.065242052078247,0.03323183208703995,0.07927227765321732,0.21452172100543976,0.34240126609802246,0.46937036514282227,0.5568560361862183,19.56254768371582,3.260424852371216,0.5942302346229553,0.002846742747351527,0.42878642678260803,2.729609489440918,5557130.0
85.0,45.09492111206055,-0.37198305130004883,0.003020369214937091,850.6739501953125,0.566238284111023,1106.18212890625,2.075608491897583,1032.7254638671875,1.3250987529754639,1130.4068603515625,3.5604772567749023,0.7726436853408813,0.8471699357032776,1.50626540184021,2.1642637252807617,2.7553648948669434,3.1214547157287598,0.033986013382673264,0.08097095787525177,0.21913789212703705,0.3500541150569916,0.4799301326274872,0.5673649907112122,19.921924591064453,3.3203208446502686,0.6037059426307678,0.002856374019756913,0.43023714423179626,2.7300496101379395,5558026.5
85.0999984741211,45.05776596069336,-0.37155458331108093,0.0042847986333072186,850.7315063476562,0.5849508047103882,1106.3924560546875,2.131547451019287,1032.85986328125,1.3635661602020264,1130.767333984375,3.6491940021514893,0.7760804891586304,0.8553531169891357,1.5284124612808228,2.1996538639068604,2.8038811683654785,3.1787030696868896,0.03475157544016838,0.08269446343183517,0.22381021082401276,0.3577558100223541,0.4903864860534668,0.5775699615478516,20.286876678466797,3.381146192550659,0.6128290891647339,0.002865424146875739,0.43160030245780945,2.7305045127868652,5558952.0
85.19999694824219,45.0206413269043,-0.37123993039131165,0.003146600676700473,850.7909545898438,0.6040663123130798,1106.6085205078125,2.1884984970092773,1032.9981689453125,1.4028512239456177,1131.13671875,3.739140748977661,0.7795944213867188,0.8637098073959351,1.5510294437408447,2.235816478729248,2.8534374237060547,3.23695707321167,0.035528138279914856,0.08444180339574814,0.22853469848632812,0.36549675464630127,0.500725507736206,0.5874786376953125,20.657238006591797,3.442873001098633,0.6217268705368042,0.0028738942928612232,0.4328760802745819,2.7309741973876953,5559908.5
85.30000305175781,44.9835205078125,-0.37120145559310913,0.0003846630861517042,850.8523559570312,0.6235927939414978,1106.8302001953125,2.246457576751709,1033.1405029296875,1.4429564476013184,1131.51513671875,3.830289840698242,0.7831865549087524,0.8722423911094666,1.574121356010437,2.272754669189453,2.9040215015411377,3.2961885929107666,0.03631547465920448,0.0862123966217041,0.2333088368177414,0.37327104806900024,0.5109439492225647,0.5971255898475647,21.032915115356445,3.505486011505127,0.6305106282234192,0.0028817991260439157,0.4340667426586151,2.731459140777588,5560896.0
85.4000015258789,44.94640350341797,-0.37120407819747925,-2.6235184122924693e-05,850.9157104492188,0.6435378193855286,1107.057861328125,2.305417060852051,1033.2867431640625,1.4838837385177612,1131.90283203125,3.9226059913635254,0.7868579030036926,0.8809531331062317,1.5976930856704712,2.310471773147583,2.9556212425231934,3.356372356414795,0.03711329773068428,0.08800548315048218,0.23812955617904663,0.3810715675354004,0.5210348963737488,0.6065247654914856,21.413785934448242,3.5689642429351807,0.6390263438224792,0.002889134455472231,0.43517163395881653,2.731959819793701,5561915.0
85.5,44.9092903137207,-0.3711209297180176,0.0008314824663102627,850.9810791015625,0.6639085412025452,1107.2913818359375,2.3653628826141357,1033.437255859375,1.5256341695785522,1132.2996826171875,4.016031742095947,0.79060959815979,0.8898442983627319,1.6217490434646606,2.3489694595336914,3.008222818374634,3.417482614517212,0.03792114555835724,0.08981989324092865,0.24299223721027374,0.3888874053955078,0.5309810042381287,0.6156527996063232,21.799644470214844,3.6332740783691406,0.647147536277771,0.0028958856128156185,0.4361885190010071,2.732476234436035,5562966.5
85.5999984741211,44.872169494628906,-0.37119054794311523,-0.0006960381288081408,851.0485229492188,0.684711754322052,1107.5308837890625,2.4262807369232178,1033.5919189453125,1.5682076215744019,1132.7060546875,4.110513687133789,0.7944425344467163,0.8989179134368896,1.646293044090271,2.388249397277832,3.0618112087249756,3.479491710662842,0.03873857855796814,0.09165451675653458,0.2478925734758377,0.39670872688293457,0.5407684445381165,0.6244989633560181,22.190303802490234,3.6983838081359863,0.6550036072731018,0.0029020581860095263,0.437118262052536,2.733009099960327,5564051.0
85.69999694824219,44.83503723144531,-0.371318519115448,-0.0012797164963558316,851.1180419921875,0.7059538960456848,1107.776611328125,2.488156795501709,1033.7509765625,1.6116034984588623,1133.121826171875,4.2060017585754395,0.7983576655387878,0.9081760048866272,1.6713287830352783,2.4283111095428467,3.1163699626922607,3.5423712730407715,0.039565179497003555,0.0935082882642746,0.252826452255249,0.4045262336730957,0.5503852963447571,0.6330574750900269,22.58557891845703,3.764263153076172,0.6625251770019531,0.0029076498467475176,0.4379604756832123,2.733558416366577,5565169.5
85.80000305175781,44.79787826538086,-0.3715953528881073,-0.0027683728840202093,851.189697265625,0.7276408672332764,1108.028564453125,2.550976037979126,1033.914306640625,1.6558197736740112,1133.5472412109375,4.302443504333496,0.8023558855056763,0.9176203012466431,1.6968594789505005,2.469154119491577,3.1718811988830566,3.6060917377471924,0.04040052369236946,0.09538015723228455,0.2577897906303406,0.41233089566230774,0.5598203539848328,0.641323447227478,22.985286712646484,3.830880880355835,0.6697545647621155,0.0029126659501343966,0.43871602416038513,2.7341246604919434,5566322.5
85.9000015258789,44.760677337646484,-0.3720206320285797,-0.0042528072372078896,851.2636108398438,0.749778151512146,1108.286865234375,2.614722967147827,1034.0821533203125,1.7008540630340576,1133.982421875,4.399791240692139,0.8064380884170532,0.9272527098655701,1.7228878736495972,2.5107765197753906,3.2283263206481934,3.6706244945526123,0.04124421253800392,0.09726908057928085,0.26277869939804077,0.42011427879333496,0.5690644979476929,0.6492962837219238,23.38924789428711,3.8982081413269043,0.6766844987869263,0.0029171123169362545,0.4393857717514038,2.734708309173584,5567511.0
86.0,44.723384857177734,-0.3729390799999237,-0.009184611029922962,851.3397216796875,0.7723708152770996,1108.5516357421875,2.6793899536132812,1034.2545166015625,1.7467031478881836,1134.42724609375,4.498020648956299,0.8106051087379456,0.9370747804641724,1.7494162321090698,2.553176164627075,3.285686731338501,3.735941171646118,0.042096033692359924,0.09917453676462173,0.26779109239578247,0.4278727173805237,0.5781214237213135,0.6570135951042175,23.797380447387695,3.9662299156188965,0.6835756897926331,0.0029210224747657776,0.43997472524642944,2.735309600830078,5568735.0
86.0999984741211,44.68594741821289,-0.3743669390678406,-0.014278585091233253,851.4180908203125,0.7954235672950745,1108.82275390625,2.7449748516082764,1034.4315185546875,1.79336416721344,1134.882080078125,4.597131252288818,0.8148576617240906,0.9470882415771484,1.7764469385147095,2.5963501930236816,3.3439440727233887,3.8020198345184326,0.04295597970485687,0.10109646618366241,0.2728267014026642,0.43560683727264404,0.5870062708854675,0.6645384430885315,24.20967674255371,4.034945964813232,0.6904915571212769,0.002924431348219514,0.44048818945884705,2.735929012298584,5569996.0
86.19999694824219,44.64834213256836,-0.37602975964546204,-0.016628166660666466,851.498779296875,0.8189406394958496,1109.1005859375,2.811472177505493,1034.6131591796875,1.840834379196167,1135.3468017578125,4.697109699249268,0.8191965818405151,0.957294762134552,1.8039823770523071,2.640296459197998,3.4030816555023193,3.868842840194702,0.04382392019033432,0.10303452610969543,0.2778841555118561,0.443314790725708,0.5957257747650146,0.6718963980674744,24.626087188720703,4.104348182678223,0.6972430944442749,0.0029273517429828644,0.44092807173728943,2.7365667819976807,5571294.5
86.30000305175781,44.610572814941406,-0.37769490480422974,-0.016651345416903496,851.5819091796875,0.8429259657859802,1109.3851318359375,2.878866195678711,1034.7996826171875,1.8891105651855469,1135.821533203125,4.797908306121826,0.8236227035522461,0.9676957726478577,1.8320245742797852,2.685011863708496,3.4630823135375977,3.936391830444336,0.04469946026802063,0.1049877181649208,0.2829597592353821,0.45098876953125,0.6042700409889221,0.6790568828582764,25.04644012451172,4.174407005310059,0.7036192417144775,0.0029297778382897377,0.44129347801208496,2.7372233867645264,5572631.0
86.4000015258789,44.57265090942383,-0.3792474567890167,-0.015525583177804947,851.6674194335938,0.8673830032348633,1109.6763916015625,2.9471323490142822,1034.9910888671875,1.9381884336471558,1136.306396484375,4.899452209472656,0.8281367421150208,0.9782928228378296,1.8605749607086182,2.730492353439331,3.523927927017212,4.00464391708374,0.04558198153972626,0.10695450752973557,0.2880478501319885,0.4586161971092224,0.6126161217689514,0.6859549283981323,25.470460891723633,4.245077133178711,0.7094781398773193,0.0029316942673176527,0.4415821433067322,2.7378990650177,5574006.5
86.5,44.53458786010742,-0.3806207776069641,-0.013733379542827606,851.75537109375,0.8923149704933167,1109.974609375,3.0162394046783447,1035.1873779296875,1.9880620241165161,1136.8013916015625,5.00164794921875,0.8327393531799316,0.9890871644020081,1.889634370803833,2.7767326831817627,3.5855965614318848,4.073569297790527,0.04647070914506912,0.1089329719543457,0.29314127564430237,0.4661811888217926,0.6207330226898193,0.6925119161605835,25.897804260253906,4.316300868988037,0.7147122025489807,0.0029330814722925425,0.4417910873889923,2.7385940551757812,5575421.5
86.5999984741211,44.49641036987305,-0.3817868232727051,-0.011660183779895306,851.8458862304688,0.9177244305610657,1110.2796630859375,3.0861501693725586,1035.388671875,2.0387234687805176,1137.3067626953125,5.104385852813721,0.8374311327934265,1.0000797510147095,1.9192030429840088,2.823725461959839,3.648064136505127,4.143129825592041,0.047364741563797,0.11092087626457214,0.2982320487499237,0.4736657440662384,0.628585159778595,0.6986464858055115,26.328067779541016,4.388011455535889,0.7192434072494507,0.002933918032795191,0.4419170916080475,2.739309310913086,5576877.5
86.69999694824219,44.458152770996094,-0.38257861137390137,-0.007917981594800949,851.93896484375,0.943613588809967,1110.591796875,3.1568191051483154,1035.5950927734375,2.090162515640259,1137.822265625,5.207534313201904,0.8422124981880188,1.011271595954895,1.9492802619934082,2.871461868286133,3.711301565170288,4.213278293609619,0.048262983560562134,0.1129155382514,0.3033103048801422,0.48104792833328247,0.6361275315284729,0.704259991645813,26.76076316833496,4.460127353668213,0.7228717803955078,0.002934169489890337,0.44195497035980225,2.740044593811035,5578374.5
86.80000305175781,44.419830322265625,-0.3832167983055115,-0.006381913088262081,852.0346069335938,0.9699840545654297,1110.9111328125,3.228198289871216,1035.8067626953125,2.142366409301758,1138.3482666015625,5.310957908630371,0.8470838665962219,1.0226631164550781,1.979864239692688,2.9199302196502686,3.775275707244873,4.283958435058594,0.04916432499885559,0.11491420865058899,0.3083663284778595,0.4883059859275818,0.643317699432373,0.709276020526886,27.195392608642578,4.532565593719482,0.7257142663002014,0.0029338204767555,0.44190239906311035,2.740800380706787,5579913.5
86.9000015258789,44.38142776489258,-0.3840189278125763,-0.008021284826099873,852.1329345703125,0.9968367218971252,1111.237548828125,3.30024790763855,1036.023681640625,2.195319890975952,1138.884521484375,5.414556980133057,0.852045476436615,1.034254550933838,2.0109524726867676,2.9691176414489746,3.8399503231048584,4.355109691619873,0.050067927688360214,0.11691483110189438,0.3133927583694458,0.49542495608329773,0.6501334309577942,0.7136878967285156,27.631580352783203,4.6052632331848145,0.7280358076095581,0.0029328810051083565,0.4417608976364136,2.741577386856079,5581495.5
87.0,44.34294509887695,-0.3848106563091278,-0.007917259819805622,852.2340087890625,1.0241719484329224,1111.5711669921875,3.372929096221924,1036.245849609375,2.249007225036621,1139.43115234375,5.51823616027832,0.8570975065231323,1.0460460186004639,2.04254150390625,3.0190091133117676,3.905287027359009,4.426672458648682,0.05097298324108124,0.11891543865203857,0.3183828294277191,0.5023910999298096,0.6565563082695007,0.717496395111084,28.0689640045166,4.678160667419434,0.729702353477478,0.0029313485138118267,0.4415300786495209,2.7423758506774902,5583121.0
87.0999984741211,44.30438232421875,-0.38562825322151184,-0.008176051080226898,852.3378295898438,1.0519893169403076,1111.912109375,3.4461991786956787,1036.4735107421875,2.303410053253174,1139.9881591796875,5.621892929077148,0.8622400760650635,1.058037519454956,2.074627161026001,3.069589138031006,3.971245288848877,4.498585224151611,0.05187863111495972,0.12091390043497086,0.3233291208744049,0.5091896057128906,0.6625654101371765,0.7206898331642151,28.507156372070312,4.751192569732666,0.7307188510894775,0.002929223235696554,0.44120994210243225,2.7431960105895996,5584790.5
87.19999694824219,44.265743255615234,-0.38638991117477417,-0.00761656416580081,852.4443969726562,1.0802876949310303,1112.2603759765625,3.5200114250183105,1036.70654296875,2.3585095405578613,1140.5555419921875,5.72541618347168,0.8674731850624084,1.0702286958694458,2.1072051525115967,3.120839834213257,4.037782669067383,4.5707855224609375,0.05278392508625984,0.12290794402360916,0.3282237648963928,0.5158044695854187,0.66813725233078,0.7232465744018555,28.945735931396484,4.824289321899414,0.7309972047805786,0.002926499815657735,0.4407997131347656,2.7440383434295654,5586505.5
87.30000305175781,44.2270622253418,-0.38684025406837463,-0.004503348842263222,852.5538940429688,1.109065294265747,1112.6160888671875,3.594309091567993,1036.9451904296875,2.4142842292785645,1141.1331787109375,5.828662872314453,0.8727967739105225,1.0826188325881958,2.1402695178985596,3.1727418899536133,4.104854106903076,4.643206596374512,0.0536876805126667,0.1248946487903595,0.33305659890174866,0.5222145318984985,0.6732343435287476,0.725101113319397,29.38416290283203,4.897360801696777,0.7302647829055786,0.002923152642324567,0.44029557704925537,2.744903326034546,5588266.5
87.4000015258789,44.188350677490234,-0.387087881565094,-0.0024762521497905254,852.666259765625,1.138319492340088,1112.979248046875,3.6690289974212646,1037.189453125,2.470710039138794,1141.72119140625,5.931476593017578,0.8782106041908264,1.0952072143554688,2.173813581466675,3.225273847579956,4.172409534454346,4.715775012969971,0.05458858236670494,0.12687081098556519,0.3378165364265442,0.5283963680267334,0.6778150200843811,0.726182758808136,29.821847915649414,4.970308303833008,0.7285575270652771,0.0029191661160439253,0.4396951198577881,2.74579119682312,5590074.0
87.5,44.14961242675781,-0.38740411400794983,-0.0031623439863324165,852.7815551757812,1.1680469512939453,1113.3499755859375,3.7441139221191406,1037.4393310546875,2.527761220932007,1142.3194580078125,6.033726215362549,0.8837143778800964,1.1079925298690796,2.207829713821411,3.278411626815796,4.240395545959473,4.788412094116211,0.055485520511865616,0.12883374094963074,0.34249448776245117,0.5343321561813354,0.6818538308143616,0.726478099822998,30.25829315185547,5.043048858642578,0.7261186838150024,0.0029145474545657635,0.4389994144439697,2.746702194213867,5591929.0
87.5999984741211,44.110816955566406,-0.3879402279853821,-0.005361074116080999,852.89990234375,1.198243498802185,1113.7281494140625,3.8195157051086426,1037.695068359375,2.5854098796844482,1142.927978515625,6.135316371917725,0.8893075585365295,1.1209733486175537,2.242309093475342,3.332130193710327,4.30875825881958,4.86104154586792,0.056377675384283066,0.13078145682811737,0.3470838665962219,0.5400104522705078,0.6853439211845398,0.7260274291038513,30.6931209564209,5.115520000457764,0.7231274843215942,0.002909315750002861,0.4382114112377167,2.7476370334625244,5593832.0
87.69999694824219,44.07195281982422,-0.3886362314224243,-0.006960273254662752,853.021240234375,1.228903889656067,1114.1138916015625,3.8951878547668457,1037.9564208984375,2.643627643585205,1143.5465087890625,6.236161231994629,0.8949896693229675,1.134148120880127,2.277242660522461,3.3864030838012695,4.377442836761475,4.933590412139893,0.0572642907500267,0.13271214067935944,0.3515790104866028,0.5454220771789551,0.6882838606834412,0.7248755097389221,31.12598991394043,5.187664985656738,0.7195632457733154,0.002903486369177699,0.4373333752155304,2.748595952987671,5595784.0
87.80000305175781,44.03302764892578,-0.3892552852630615,-0.006190457846969366,853.1456909179688,1.2600224018096924,1114.5072021484375,3.971076250076294,1038.2237548828125,2.702385425567627,1144.1751708984375,6.336151599884033,0.9007601737976074,1.1475149393081665,2.3126208782196045,3.4412035942077637,4.446393013000488,5.005988597869873,0.05814443156123161,0.13462354242801666,0.3559725284576416,0.5505539178848267,0.6906606554985046,0.7230198383331299,31.55647850036621,5.259413242340088,0.7151985168457031,0.002897056518122554,0.4363648593425751,2.7495791912078857,5597786.0
87.9000015258789,43.99407196044922,-0.3895741403102875,-0.0031883844640105963,853.2732543945312,1.2915922403335571,1114.9080810546875,4.047114372253418,1038.4969482421875,2.7616519927978516,1144.813720703125,6.435138702392578,0.9066182374954224,1.1610718965530396,2.348432779312134,3.496502161026001,4.515551567077637,5.078164100646973,0.059016838669776917,0.1365126222372055,0.360254168510437,0.5553858280181885,0.6924425959587097,0.7203976511955261,31.98401641845703,5.330669403076172,0.7097735404968262,0.00289000547491014,0.43530282378196716,2.750587224960327,5599838.0
88.0,43.955142974853516,-0.38925790786743164,0.0031623365357518196,853.4039916992188,1.3236056566238403,1115.316650390625,4.12321662902832,1038.776123046875,2.8213934898376465,1145.462158203125,6.532917499542236,0.912563145160675,1.1748164892196655,2.384666681289673,3.552267551422119,4.584855556488037,5.1500325202941895,0.05987979844212532,0.1383751928806305,0.3644097149372101,0.5598880648612976,0.6935724020004272,0.7168759703636169,32.40782165527344,5.401303291320801,0.7028848528862,0.0028822876047343016,0.43414032459259033,2.751620292663574,5601941.5
88.0999984741211,43.91635513305664,-0.3879002034664154,0.013577058911323547,853.5380249023438,1.356054425239563,1115.7327880859375,4.199272632598877,1039.061279296875,2.8815717697143555,1146.1202392578125,6.62920618057251,0.9185937643051147,1.1887457370758057,2.421308994293213,3.6084649562835693,4.654236316680908,5.221494197845459,0.0607309564948082,0.14020556211471558,0.36841946840286255,0.5640177130699158,0.6939588785171509,0.7122364044189453,32.82683563232422,5.471138954162598,0.6940052509307861,0.0028738260734826326,0.43286582827568054,2.752678871154785,5604096.5
88.19999694824219,43.87779235839844,-0.3856161832809448,0.022840037941932678,853.6752319335938,1.388928771018982,1116.156494140625,4.2751569747924805,1039.3524169921875,2.942142963409424,1146.787841796875,6.7236857414245605,0.9247087836265564,1.2028560638427734,2.458343982696533,3.6650545597076416,4.723613739013672,5.292426109313965,0.06156766787171364,0.1419973224401474,0.3722611963748932,0.5677263736724854,0.6934999227523804,0.7062604427337646,33.2398567199707,5.539976119995117,0.6831164956092834,0.002864554990082979,0.4314693510532379,2.753763437271118,5606304.5
88.30000305175781,43.83953094482422,-0.3826141357421875,0.03002043440937996,853.8157958984375,1.4222177267074585,1116.5877685546875,4.35074520111084,1039.649658203125,3.0030579566955566,1147.46484375,6.816053867340088,0.9309065937995911,1.2171434164047241,2.495753765106201,3.721991777420044,4.792899131774902,5.362687110900879,0.06238740682601929,0.1437443345785141,0.37591391801834106,0.5709694027900696,0.6921085119247437,0.6988047957420349,33.64574432373047,5.607624053955078,0.6703731417655945,0.002854426857084036,0.42994385957717896,2.7548739910125732,5608565.0
88.4000015258789,43.80160903930664,-0.37923839688301086,0.03375733271241188,853.959716796875,1.4559093713760376,1117.026611328125,4.425922870635986,1039.953125,3.064263343811035,1148.1510009765625,6.906053066253662,0.9371854662895203,1.2316029071807861,2.5335185527801514,3.779228448867798,4.861996173858643,5.432126045227051,0.06318800151348114,0.14544136822223663,0.3793601393699646,0.5737116932868958,0.6897268295288086,0.6898295879364014,34.04350280761719,5.673916816711426,0.6561289429664612,0.002843423979356885,0.4282865524291992,2.7560110092163086,5610880.0
88.5,43.7640495300293,-0.37556904554367065,0.03669362515211105,854.1069946289062,1.4899898767471313,1117.472900390625,4.500584125518799,1040.2625732421875,3.125701904296875,1148.845947265625,6.993462562561035,0.9435433745384216,1.2462295293807983,2.5716168880462646,3.8367130756378174,4.9308037757873535,5.5005927085876465,0.06396756321191788,0.14708392322063446,0.38258522748947144,0.5759256482124329,0.6863191723823547,0.679358184337616,34.432281494140625,5.738713264465332,0.6405114531517029,0.0028315354138612747,0.42649587988853455,2.7571747303009033,5613249.5
88.5999984741211,43.72686004638672,-0.3718966543674469,0.03672387823462486,854.2576904296875,1.5244442224502563,1117.9266357421875,4.57463264465332,1040.5782470703125,3.187314987182617,1149.549560546875,7.078106880187988,0.9499781131744385,1.2610174417495728,2.6100263595581055,3.8943917751312256,4.999218463897705,5.567940711975098,0.06472458690404892,0.14866836369037628,0.38557782769203186,0.5775922536849976,0.6818743348121643,0.6674739122390747,34.81137466430664,5.801896095275879,0.6238766312599182,0.0028187755960971117,0.4245739281177521,2.7583656311035156,5615674.0
88.69999694824219,43.690025329589844,-0.36834558844566345,0.03551076352596283,854.4119262695312,1.559255838394165,1118.3878173828125,4.647984981536865,1040.9000244140625,3.249042510986328,1150.261474609375,7.159855365753174,0.9564873576164246,1.2759608030319214,2.6487231254577637,3.95220947265625,5.067137718200684,5.634035587310791,0.06545789539813995,0.15019197762012482,0.3883300721645355,0.5787011981010437,0.6764042973518372,0.6543075442314148,35.18025588989258,5.863376140594482,0.6064493060112,0.0028051689732819796,0.42252442240715027,2.7595839500427246,5618154.0
88.80000305175781,43.6535530090332,-0.3647473156452179,0.03598266839981079,854.569580078125,1.5944069623947144,1118.856201171875,4.720559120178223,1041.22802734375,3.310823678970337,1150.9814453125,7.238584041595459,0.9630687236785889,1.291053295135498,2.687682628631592,4.0101094245910645,5.134459018707275,5.698754787445068,0.06616637855768204,0.15165214240550995,0.3908344805240631,0.5792436003684998,0.6699225902557373,0.6399639248847961,35.53840255737305,5.923067569732666,0.5881264805793762,0.0027907274197787046,0.4203491806983948,2.7608296871185303,5620690.5
88.9000015258789,43.61743927001953,-0.3611435294151306,0.03603794053196907,854.7307739257812,1.6298784017562866,1119.3319091796875,4.792271614074707,1041.562255859375,3.3725976943969727,1151.7091064453125,7.314169883728027,0.9697195887565613,1.3062885999679565,2.726879835128784,4.068035125732422,5.201082706451416,5.761984348297119,0.06684895604848862,0.15304630994796753,0.3930839002132416,0.5792110562324524,0.6624426245689392,0.6245254874229431,35.88531494140625,5.9808855056762695,0.5689988732337952,0.002775467000901699,0.4180506467819214,2.76210355758667,5623283.5
89.0,43.58169174194336,-0.3574521839618683,0.03691323101520538,854.8955688476562,1.665649652481079,1119.814697265625,4.863040447235107,1041.902587890625,3.434303045272827,1152.444091796875,7.386495590209961,0.9764374494552612,1.321659803390503,2.766288995742798,4.12592887878418,5.266908645629883,5.823617935180664,0.06750454008579254,0.154371976852417,0.395071417093277,0.5785959959030151,0.6539783477783203,0.6080588102340698,36.22048568725586,6.036747455596924,0.5490384101867676,0.0027593981940299273,0.4156303107738495,2.7634053230285645,5625934.0
89.0999984741211,43.546295166015625,-0.35397079586982727,0.034814104437828064,855.06396484375,1.7016993761062622,1120.304443359375,4.932793140411377,1042.2490234375,3.4958786964416504,1153.186279296875,7.455478191375732,0.9832193851470947,1.3371602296829224,2.8058836460113525,4.183731555938721,5.3318400382995605,5.88355827331543,0.06813236325979233,0.15562739968299866,0.3967929184436798,0.5773977637290955,0.6445606350898743,0.5906699895858765,36.54356002807617,6.090593338012695,0.5286361575126648,0.0027425556909292936,0.4130933880805969,2.764735698699951,5628642.5
89.19999694824219,43.51121139526367,-0.3508411943912506,0.0312960185110569,855.2359008789062,1.7380045652389526,1120.8011474609375,5.0014729499816895,1042.6016845703125,3.5572636127471924,1153.93505859375,7.52108907699585,0.9900627732276917,1.3527824878692627,2.845637083053589,4.241385459899902,5.395784854888916,5.941720962524414,0.06873209029436111,0.15681186318397522,0.39824816584587097,0.5756251811981201,0.634243905544281,0.5725181698799133,36.8543586730957,6.142393112182617,0.5080667734146118,0.0027249851264059544,0.4104468822479248,2.76609468460083,5631409.0
89.30000305175781,43.47642517089844,-0.34785154461860657,0.0298963263630867,855.4115600585938,1.7745418548583984,1121.3046875,5.06902551651001,1042.96044921875,3.618399143218994,1154.6903076171875,7.583304405212402,0.996964693069458,1.36851966381073,2.8855226039886475,4.298833847045898,5.45865535736084,5.998035907745361,0.06930340826511383,0.15792475640773773,0.39943727850914,0.573287844657898,0.6230806112289429,0.5537291765213013,37.15273666381836,6.192122459411621,0.4871947467327118,0.002706716302782297,0.4076951742172241,2.767482280731201,5634234.0
89.4000015258789,43.441951751708984,-0.34474849700927734,0.031030619516968727,855.5908203125,1.8112865686416626,1121.81494140625,5.135386943817139,1043.325439453125,3.679227828979492,1155.45166015625,7.6420674324035645,1.0039223432540894,1.3843646049499512,2.925513744354248,4.356020927429199,5.520368576049805,6.05244255065918,0.0698457583785057,0.1589648574590683,0.40035805106163025,0.5703890323638916,0.611102819442749,0.534348726272583,37.43841552734375,6.239736080169678,0.46578115224838257,0.0026877589989453554,0.40483975410461426,2.7688987255096436,5637118.0
89.5,43.40781784057617,-0.34135380387306213,0.03394676744937897,855.7738037109375,1.8482134342193604,1122.331787109375,5.200484275817871,1043.6962890625,3.739691972732544,1156.2186279296875,7.6972880363464355,1.0109326839447021,1.400309681892395,2.965583324432373,4.41288948059082,5.580843925476074,6.1048808097839355,0.07035830616950989,0.1599302738904953,0.4010058641433716,0.5669260621070862,0.5983237028121948,0.5143607258796692,37.71100997924805,6.285168170928955,0.4436453580856323,0.002668109256774187,0.40188002586364746,2.7703444957733154,5640061.5
89.5999984741211,43.374053955078125,-0.33762308955192566,0.037307094782590866,855.9605102539062,1.8852964639663696,1122.85498046875,5.2642388343811035,1044.0733642578125,3.7997334003448486,1156.990966796875,7.748861789703369,1.0179927349090576,1.416347622871399,3.005703926086426,4.469383239746094,5.64000129699707,6.155288219451904,0.07084009796380997,0.16081878542900085,0.40137502551078796,0.5628935694694519,0.5847477912902832,0.49373093247413635,37.970069885253906,6.328344821929932,0.42075657844543457,0.00264776055701077,0.3988150358200073,2.771819591522217,5643064.0
89.69999694824219,43.340667724609375,-0.3338555097579956,0.03767593204975128,856.15087890625,1.9225088357925415,1123.384521484375,5.326583385467529,1044.456298828125,3.8592939376831055,1157.7681884765625,7.796719074249268,1.0250993967056274,1.4324703216552734,3.045847177505493,4.525445461273193,5.697762489318848,6.203601360321045,0.07129047065973282,0.16162894666194916,0.4014625549316406,0.5582926869392395,0.5703970193862915,0.4724888503551483,38.215274810791016,6.369212627410889,0.3974991738796234,0.002626730129122734,0.3956473767757416,2.7733237743377686,5646126.5
89.80000305175781,43.307674407958984,-0.329951673746109,0.03903837874531746,856.344970703125,1.9598231315612793,1123.9202880859375,5.38745641708374,1044.8450927734375,3.9183156490325928,1158.5501708984375,7.840813636779785,1.0322495698928833,1.4486702680587769,3.0859851837158203,4.581019401550293,5.7540507316589355,6.249762535095215,0.07170894742012024,0.16235971450805664,0.4012671113014221,0.5531287789344788,0.5553027391433716,0.45068928599357605,38.44639587402344,6.407732963562012,0.3738444447517395,0.002605028683319688,0.39237862825393677,2.774857521057129,5649249.0
89.9000015258789,43.27509307861328,-0.3257812559604645,0.041704244911670685,856.5428466796875,1.9972113370895386,1124.4619140625,5.446793556213379,1045.2398681640625,3.9767417907714844,1159.3363037109375,7.881086349487305,1.0394399166107178,1.4649391174316406,3.126089334487915,4.636048793792725,5.808794021606445,6.293716907501221,0.07209494709968567,0.16300982236862183,0.40078654885292053,0.5474048256874084,0.5394875407218933,0.4283550977706909,38.663150787353516,6.443858623504639,0.3496888279914856,0.002582656219601631,0.3890087902545929,2.776420831680298,5652432.0
90.0,43.24298858642578,-0.3210768401622772,0.04704417660832405,856.7444458007812,2.034644603729248,1125.009521484375,5.504520416259766,1045.6405029296875,4.034514904022217,1160.126220703125,7.917445182800293,1.046667218208313,1.4812688827514648,3.166131019592285,4.6904778480529785,5.861919403076172,6.335409164428711,0.07244762033224106,0.1635773777961731,0.400016188621521,0.5411173701286316,0.5229554176330566,0.40545129776000977,38.86513900756836,6.477523326873779,0.3247542679309845,0.0025595922488719225,0.3855348229408264,2.7780137062072754,5655674.5
90.0999984741211,43.211429595947266,-0.3155760169029236,0.0550081804394722,856.9497680664062,2.072094202041626,1125.562744140625,5.560548305511475,1046.0467529296875,4.091576099395752,1160.9195556640625,7.94974946975708,1.0539281368255615,1.497651219367981,3.206080675125122,4.74424934387207,5.913355350494385,6.374778747558594,0.07276573032140732,0.16405946016311646,0.3989480137825012,0.5342546105384827,0.505686342716217,0.38187962770462036,39.05178451538086,6.508630752563477,0.2987429201602936,0.002535796957090497,0.381950706243515,2.7796361446380615,5658977.5
90.19999694824219,43.180511474609375,-0.3091695010662079,0.06406518816947937,857.1588745117188,2.109529972076416,1126.12158203125,5.614777565002441,1046.458740234375,4.147866249084473,1161.7159423828125,7.9778265953063965,1.0612189769744873,1.5140773057937622,3.245908260345459,4.797305107116699,5.9630255699157715,6.411751747131348,0.07304778695106506,0.16445261240005493,0.39757171273231506,0.5267992615699768,0.48764628171920776,0.3575183153152466,39.222389221191406,6.537065029144287,0.27152779698371887,0.0025112226139754057,0.37824922800064087,2.7812881469726562,5662341.0
90.30000305175781,43.150306701660156,-0.3020571172237396,0.07112386077642441,857.3717041015625,2.1469218730926514,1126.6856689453125,5.667112827301025,1046.8763427734375,4.203322410583496,1162.5150146484375,8.001521110534668,1.0685361623764038,1.5305380821228027,3.2855825424194336,4.849585056304932,6.010852336883545,6.446246147155762,0.07329241931438446,0.16475366055965424,0.39587828516960144,0.5187374353408813,0.4688119888305664,0.3323017954826355,39.37632369995117,6.562720775604248,0.24336117506027222,0.00248583871871233,0.3744257986545563,2.7829694747924805,5665764.5
90.4000015258789,43.12084197998047,-0.29465773701667786,0.0739937275648117,857.5882568359375,2.184238910675049,1127.2548828125,5.717478275299072,1047.2994384765625,4.257881164550781,1163.316162109375,8.020750999450684,1.0758758783340454,1.5470242500305176,3.325071096420288,4.901028633117676,6.056756496429443,6.478178024291992,0.07349885255098343,0.1649608463048935,0.3938640356063843,0.5100685954093933,0.4491974115371704,0.3062891960144043,39.51321029663086,6.585535049438477,0.21479658782482147,0.002459647599607706,0.37048080563545227,2.7846806049346924,5669248.0
90.5,43.092140197753906,-0.28701090812683105,0.07646820694208145,857.8085327148438,2.221449136734009,1127.8291015625,5.76581335067749,1047.7279052734375,4.3114800453186035,1164.118896484375,8.035481452941895,1.083234429359436,1.5635265111923218,3.364342451095581,4.951574802398682,6.100661754608154,6.507474422454834,0.07366671413183212,0.1650734692811966,0.39152905344963074,0.5008015632629395,0.4288405179977417,0.2796007990837097,39.63286209106445,6.6054768562316895,0.18598414957523346,0.0024326564744114876,0.3664152920246124,2.786421060562134,5672791.5
90.5999984741211,43.06423568725586,-0.2790529727935791,0.07957953214645386,858.0325317382812,2.2585208415985107,1128.407958984375,5.812061309814453,1048.16162109375,4.364058017730713,1164.9229736328125,8.045692443847656,1.090607762336731,1.5800352096557617,3.4033641815185547,5.001165390014648,6.142496109008789,6.534073352813721,0.07379572093486786,0.16509099304676056,0.3888741433620453,0.49094656109809875,0.4077812433242798,0.2523418664932251,39.73512649536133,6.622520923614502,0.15692739188671112,0.0024048667401075363,0.36222949624061584,2.788191080093384,5676394.5
90.69999694824219,43.03713607788086,-0.27097287774086,0.08080092817544937,858.2601928710938,2.2954208850860596,1128.991455078125,5.856174945831299,1048.6005859375,4.415555477142334,1165.7279052734375,8.05138874053955,1.097991943359375,1.5965408086776733,3.4421045780181885,5.049741268157959,6.182191371917725,6.557922840118408,0.07388582080602646,0.16501347720623016,0.38590219616889954,0.48051878809928894,0.3860704004764557,0.2246355265378952,39.81995391845703,6.636659145355225,0.12791135907173157,0.0023762951605021954,0.35792598128318787,2.789990186691284,5680057.0
90.80000305175781,43.010841369628906,-0.26296737790107727,0.08005491644144058,858.4915771484375,2.3321168422698975,1129.5791015625,5.898122310638428,1049.044677734375,4.465915203094482,1166.5330810546875,8.052627563476562,1.1053833961486816,1.6130341291427612,3.48053240776062,5.097247123718262,6.219686508178711,6.578986644744873,0.07393735647201538,0.16484196484088898,0.382619708776474,0.4695419669151306,0.36377933621406555,0.1966496855020523,39.88748550415039,6.647913932800293,0.0992504134774208,0.0023469740990549326,0.3535095155239105,2.791818380355835,5683779.0
90.9000015258789,42.985294342041016,-0.25546082854270935,0.07506562769412994,858.7266235351562,2.3685755729675293,1130.1710205078125,5.937896728515625,1049.4937744140625,4.515083312988281,1167.3382568359375,8.049539566040039,1.1127779483795166,1.6295056343078613,3.5186166763305664,5.14362907409668,6.254927635192871,6.5972490310668945,0.07395131886005402,0.16457904875278473,0.3790387809276581,0.4580533504486084,0.3410123288631439,0.16862933337688446,39.93812942504883,6.656354904174805,0.07152432948350906,0.0023169685155153275,0.34898996353149414,2.793675422668457,5687560.0
91.0,42.96041488647461,-0.24878209829330444,0.06678721308708191,858.96533203125,2.4047634601593018,1130.7666015625,5.97551965713501,1049.9476318359375,4.56301212310791,1168.142822265625,8.042346000671387,1.120172142982483,1.6459465026855469,3.556328773498535,5.188839435577393,6.287874698638916,6.6127214431762695,0.07392936944961548,0.16422900557518005,0.37517765164375305,0.44610461592674255,0.31790775060653687,0.14088839292526245,39.972625732421875,6.66210412979126,0.045218538492918015,0.0022863682825118303,0.34438085556030273,2.7955610752105713,5691399.0
91.0999984741211,42.9361457824707,-0.24270175397396088,0.0608033686876297,859.2075805664062,2.440647840499878,1131.365966796875,6.011021137237549,1050.4063720703125,4.609659671783447,1168.946533203125,8.031277656555176,1.1275625228881836,1.6623481512069702,3.593641757965088,5.2328338623046875,6.318500518798828,6.62544584274292,0.07387332618236542,0.16379640996456146,0.3710554540157318,0.43374860286712646,0.2945999205112457,0.11368314921855927,39.991756439208984,6.665292739868164,0.020164525136351585,0.0022552437148988247,0.33969277143478394,2.7974753379821777,5695296.0
91.19999694824219,42.912418365478516,-0.23727142810821533,0.05430324003100395,859.4534301757812,2.4761962890625,1131.96875,6.044434547424316,1050.8695068359375,4.654991626739502,1169.7490234375,8.01656436920166,1.1349455118179321,1.6787025928497314,3.63053035736084,5.275574684143066,6.3467912673950195,6.635485649108887,0.0737849548459053,0.16328580677509308,0.366690993309021,0.4210364818572998,0.2712118625640869,0.08720581233501434,39.99631118774414,6.666051864624023,-0.0035390902776271105,0.002223668619990349,0.33493682742118835,2.799417734146118,5699250.5
91.30000305175781,42.88916015625,-0.23258036375045776,0.046910710632801056,859.7028198242188,2.5113768577575684,1132.5748291015625,6.075803279876709,1051.3372802734375,4.698977470397949,1170.5498046875,7.998455047607422,1.1423182487487793,1.6950024366378784,3.666971206665039,5.317028999328613,6.372744560241699,6.642921447753906,0.07366622984409332,0.16270214319229126,0.3621044158935547,0.40802156925201416,0.24786698818206787,0.06163240224123001,39.987144470214844,6.664524078369141,-0.025749165564775467,0.002191722160205245,0.3301249146461487,2.8013882637023926,5703262.0
91.4000015258789,42.86630630493164,-0.22854997217655182,0.040303926914930344,859.9556884765625,2.546158790588379,1133.183837890625,6.105174541473389,1051.809326171875,4.741594314575195,1171.3485107421875,7.977201461791992,1.1496776342391968,1.7112404108047485,3.7029430866241455,5.357169151306152,6.3963704109191895,6.647851943969727,0.07351911813020706,0.16205041110515594,0.35731586813926697,0.3947564363479614,0.22468046844005585,0.03710053116083145,39.96513748168945,6.660856246948242,-0.0465204194188118,0.002159475814551115,0.32526785135269165,2.8033862113952637,5707330.0
91.5,42.84379196166992,-0.22514072060585022,0.03409244865179062,860.2120361328125,2.580512046813965,1133.7957763671875,6.132599353790283,1052.2855224609375,4.7828240394592285,1172.14501953125,7.9530463218688965,1.1570210456848145,1.7274099588394165,3.73842716217041,5.39597225189209,6.417690277099609,6.650385856628418,0.07334555685520172,0.16133548319339752,0.3523448407649994,0.38129082322120667,0.20175494253635406,0.01370380911976099,39.93113327026367,6.655189037322998,-0.06588444113731384,0.002126996638253331,0.3203757405281067,2.8054115772247314,5711453.5
91.5999984741211,42.82157516479492,-0.2221512794494629,0.029894458130002022,860.4717407226562,2.614407777786255,1134.4102783203125,6.15812349319458,1052.765869140625,4.822653293609619,1172.9390869140625,7.926208019256592,1.1643458604812622,1.7435051202774048,3.7734055519104004,5.433420658111572,6.436734676361084,6.650638103485107,0.07314728200435638,0.1605617105960846,0.34720876812934875,0.36766868829727173,0.17917276918888092,-0.008524208329617977,39.885902404785156,6.647650241851807,-0.08406125009059906,0.0020943349227309227,0.3154561221599579,2.8074638843536377,5715631.5
91.69999694824219,42.799652099609375,-0.2192402184009552,0.029110604897141457,860.73486328125,2.6478185653686523,1135.02734375,6.18178129196167,1053.25,4.8610734939575195,1173.730224609375,7.896849155426025,1.1716495752334595,1.7595200538635254,3.8078627586364746,5.46950101852417,6.453540325164795,6.64872407913208,0.07292558252811432,0.1597324013710022,0.3419210612773895,0.3539229929447174,0.15698322653770447,-0.029639262706041336,39.83000946044922,6.638335227966309,-0.1014416515827179,0.002061513252556324,0.3105124235153198,2.8095428943634033,5719864.0
91.80000305175781,42.778018951416016,-0.21634702384471893,0.028931977227330208,861.0012817382812,2.680718183517456,1135.6466064453125,6.2035980224609375,1053.7379150390625,4.898077011108398,1174.518310546875,7.865097522735596,1.1789300441741943,1.775449514389038,3.8417842388153076,5.504201412200928,6.4681477546691895,6.644749641418457,0.0726814866065979,0.15885014832019806,0.3364924192428589,0.34007951617240906,0.1352146565914154,-0.04973423108458519,39.7639045715332,6.627317428588867,-0.11811910569667816,0.0020285488571971655,0.30554717779159546,2.811647891998291,5724149.5
91.9000015258789,42.75666809082031,-0.21348527073860168,0.02861749194562435,861.27099609375,2.7130818367004395,1136.2679443359375,6.223599433898926,1054.2296142578125,4.933660507202148,1175.3031005859375,7.83107328414917,1.1861850023269653,1.791288137435913,3.8751561641693115,5.537513732910156,6.480600357055664,6.638813495635986,0.07241595536470413,0.15791743993759155,0.33093300461769104,0.3261621594429016,0.11389005929231644,-0.06888789683580399,39.68800735473633,6.6146674156188965,-0.13409538567066193,0.001995458733290434,0.3005630373954773,2.813778877258301,5728488.0
92.0,42.73563003540039,-0.2103969156742096,0.03088359348475933,861.5438842773438,2.7448859214782715,1136.8912353515625,6.241804599761963,1054.724609375,4.9678192138671875,1176.08447265625,7.794866561889648,1.19341242313385,1.8070310354232788,3.907965898513794,5.569431304931641,6.49094295501709,6.631004333496094,0.07212971895933151,0.1569361388683319,0.32525065541267395,0.3121887743473053,0.0930158719420433,-0.08720503002405167,39.60262680053711,6.600438117980957,-0.14966292679309845,0.0019622400868684053,0.29555952548980713,2.8159351348876953,5732878.0
92.0999984741211,42.714927673339844,-0.20702074468135834,0.03376168757677078,861.8199462890625,2.776108503341675,1137.5162353515625,6.258225917816162,1055.2230224609375,5.000552177429199,1176.862060546875,7.756539821624756,1.2006101608276367,1.8226734399795532,3.9402015209198,5.599949836730957,6.499220848083496,6.621399402618408,0.07182328402996063,0.15590758621692657,0.31945112347602844,0.29817160964012146,0.0725843533873558,-0.10480554401874542,39.50798416137695,6.584664344787598,-0.16491134464740753,0.0019288843031972647,0.2905353605747223,2.8181161880493164,5737318.5
92.19999694824219,42.69457244873047,-0.2035369575023651,0.034837838262319565,862.09912109375,2.8067281246185303,1138.142822265625,6.272878646850586,1055.7247314453125,5.031857013702393,1177.6357421875,7.716166019439697,1.2077763080596924,1.8382107019424438,3.9718515872955322,5.629064559936523,6.505476951599121,6.610067367553711,0.07149723917245865,0.15483330190181732,0.3135409653186798,0.2841247618198395,0.05259443819522858,-0.12176041305065155,39.404335021972656,6.567389488220215,-0.17966416478157043,0.0018953969702124596,0.28549137711524963,2.820321798324585,5741808.5
92.30000305175781,42.67461013793945,-0.1996539682149887,0.038829922676086426,862.3812866210938,2.8367252349853516,1138.770751953125,6.285775184631348,1056.2293701171875,5.061732769012451,1178.4051513671875,7.673798084259033,1.2149088382720947,1.8536384105682373,4.002905368804932,5.656773567199707,6.509756088256836,6.5970683097839355,0.07115202397108078,0.15371447801589966,0.3075251579284668,0.27005821466445923,0.033034879714250565,-0.1381554752588272,39.29186248779297,6.548643589019775,-0.19423456490039825,0.0018617605092003942,0.28042492270469666,2.8225512504577637,5746347.5
92.4000015258789,42.65509796142578,-0.19511865079402924,0.045353081077337265,862.6664428710938,2.8660809993743896,1139.39990234375,6.296912670135498,1056.7369384765625,5.090178966522217,1179.17041015625,7.629438877105713,1.2220059633255005,1.8689519166946411,4.033352375030518,5.683075428009033,6.512099266052246,6.582451343536377,0.07078766822814941,0.15255124866962433,0.301405131816864,0.25597286224365234,0.013871340081095695,-0.15412846207618713,39.170570373535156,6.528428077697754,-0.20890599489212036,0.0018279372015967965,0.2753303647041321,2.8248043060302734,5750934.5
92.5,42.63616180419922,-0.18936242163181305,0.05756234750151634,862.9544677734375,2.89477801322937,1140.030029296875,6.306265354156494,1057.247314453125,5.117192268371582,1179.9310302734375,7.583012580871582,1.2290655374526978,1.884146809577942,4.0631818771362305,5.7079668045043945,6.512542724609375,6.566248416900635,0.0704035833477974,0.1513422429561615,0.2951764464378357,0.24185511469841003,-0.004967073444277048,-0.16990375518798828,39.0401725769043,6.506695747375488,-0.22428393363952637,0.0017938457895070314,0.2701953947544098,2.827080249786377,5755568.0
92.5999984741211,42.61795425415039,-0.18204659223556519,0.07315828651189804,863.245361328125,2.9227991104125977,1140.6610107421875,6.313783645629883,1057.7603759765625,5.142766952514648,1180.6868896484375,7.53436803817749,1.2360857725143433,1.8992183208465576,4.092382907867432,5.731443405151367,6.51111364364624,6.548464775085449,0.06999854743480682,0.15008457005023956,0.2888292074203491,0.22767820954322815,-0.023582715541124344,-0.18576309084892273,38.90011978149414,6.483353137969971,-0.24073360860347748,0.0017593791708350182,0.26500388979911804,2.829378604888916,5760247.0
92.69999694824219,42.60066604614258,-0.1729162484407425,0.09130339324474335,863.5390014648438,2.9501287937164307,1141.292724609375,6.319401741027832,1058.27587890625,5.166893005371094,1181.437744140625,7.483304500579834,1.2430644035339355,1.9141615629196167,4.12094259262085,5.753498077392578,6.507829189300537,6.529077529907227,0.06957094371318817,0.14877435564994812,0.2823500633239746,0.21340717375278473,-0.042094167321920395,-0.20199286937713623,38.749664306640625,6.458277702331543,-0.2585159242153168,0.001724411267787218,0.25973692536354065,2.8316986560821533,5764970.5
92.80000305175781,42.58443832397461,-0.16224418580532074,0.10672072321176529,863.8353271484375,2.9767508506774902,1141.9249267578125,6.323054790496826,1058.793701171875,5.189554691314697,1182.1834716796875,7.429636001586914,1.2499990463256836,1.9289709329605103,4.1488471031188965,5.774119853973389,6.502694129943848,6.508039951324463,0.06911926716566086,0.14740800857543945,0.2757267653942108,0.19901038706302643,-0.060603830963373184,-0.2187870740890503,38.58811950683594,6.431353569030762,-0.2773408591747284,0.0016888389363884926,0.25437888503074646,2.8340401649475098,5769737.5
92.9000015258789,42.569393157958984,-0.15045194327831268,0.11792236566543579,864.1343383789062,3.002650260925293,1142.5572509765625,6.324695110321045,1059.313720703125,5.2107343673706055,1182.923583984375,7.373241424560547,1.2568871974945068,1.9436408281326294,4.176081657409668,5.793294429779053,6.4957051277160645,6.485292434692383,0.06864253431558609,0.14598320424556732,0.2689518630504608,0.18446889519691467,-0.07917375862598419,-0.23619326949119568,38.4150276184082,6.4025044441223145,-0.29675108194351196,0.0016525923274457455,0.2489192932844162,2.836402416229248,5774546.5
93.0,42.55564880371094,-0.13747188448905945,0.12980063259601593,864.4358520507812,3.0278115272521973,1143.189697265625,6.324282169342041,1059.8358154296875,5.230411529541016,1183.657958984375,7.314027309417725,1.2637264728546143,1.958165168762207,4.202630996704102,5.811006546020508,6.486854076385498,6.46077299118042,0.06813997775316238,0.14449816942214966,0.2620199918746948,0.1697690486907959,-0.0978480875492096,-0.25420907139778137,38.23002243041992,6.371670722961426,-0.31676891446113586,0.0016155970515683293,0.2433469295501709,2.83878493309021,5779397.0
93.0999984741211,42.543304443359375,-0.12343626469373703,0.1403561532497406,864.7398681640625,3.052219867706299,1143.822021484375,6.321777820587158,1060.3597412109375,5.248564720153809,1184.38623046875,7.25191593170166,1.2705141305923462,1.9725379943847656,4.228479385375977,5.827240943908691,6.476128578186035,6.434422969818115,0.0676109567284584,0.14295147359371185,0.2549269497394562,0.15490058064460754,-0.11665930598974228,-0.2728075683116913,38.03281021118164,6.338801383972168,-0.33722156286239624,0.0015777896624058485,0.2376522570848465,2.841187000274658,5784287.0
93.19999694824219,42.532432556152344,-0.10869665443897247,0.14739611744880676,865.0462646484375,3.075860023498535,1144.4539794921875,6.317160129547119,1060.8853759765625,5.265171051025391,1185.1082763671875,7.186882019042969,1.2772475481033325,1.986752986907959,4.253609657287598,5.841979503631592,6.463514804840088,6.406187534332275,0.06705524027347565,0.1413426548242569,0.24767230451107025,0.13986262679100037,-0.13561220467090607,-0.29189157485961914,37.823265075683594,6.303877353668213,-0.357720285654068,0.0015391341876238585,0.23182982206344604,2.8436079025268555,5789216.0
93.30000305175781,42.52308654785156,-0.09347232431173325,0.15224330127239227,865.35498046875,3.098716974258423,1145.0853271484375,6.310420513153076,1061.4127197265625,5.280210018157959,1185.823486328125,7.1189494132995605,1.2839241027832031,2.0008039474487305,4.2780070304870605,5.855206489562988,6.448999881744385,6.376026630401611,0.06647302210330963,0.13967227935791016,0.2402593493461609,0.12466356158256531,-0.15468613803386688,-0.3113119602203369,37.60145568847656,6.266909122467041,-0.3780069649219513,0.0014996117679402232,0.2258768081665039,2.8460471630096436,5794182.0
93.4000015258789,42.51530075073242,-0.07784977555274963,0.15622550249099731,865.6659545898438,3.1207756996154785,1145.7159423828125,6.301560401916504,1061.94140625,5.293661594390869,1186.5318603515625,7.0481719970703125,1.290541172027588,2.0146849155426025,4.301655292510986,5.86690616607666,6.432572841644287,6.343913555145264,0.06586470454931259,0.13794149458408356,0.23269341886043549,0.10931672155857086,-0.17384791374206543,-0.3309134840965271,37.3675537109375,6.2279253005981445,-0.39795684814453125,0.0014592098305001855,0.21979133784770966,2.8485043048858643,5799184.5
93.5,42.50909423828125,-0.06207643076777458,0.15773345530033112,865.9791259765625,3.142021656036377,1146.3455810546875,6.29059362411499,1062.471435546875,5.305508613586426,1187.2330322265625,6.974637508392334,1.2970960140228271,2.0283899307250977,4.324540138244629,5.877064228057861,6.414227485656738,6.309838771820068,0.06523101031780243,0.13615213334560394,0.224982351064682,0.09384147822856903,-0.19304949045181274,-0.35052552819252014,37.12186050415039,6.186976432800293,-0.4173015356063843,0.0014179348945617676,0.2135743498802185,2.8509786128997803,5804221.5
93.5999984741211,42.504432678222656,-0.046602584421634674,0.15473845601081848,866.2943725585938,3.162440061569214,1146.9739990234375,6.277552604675293,1063.00244140625,5.315736770629883,1187.9267578125,6.898497581481934,1.3035863637924194,2.0419132709503174,4.346646308898926,5.885669708251953,6.393962860107422,6.273812294006348,0.06457312405109406,0.13430725038051605,0.21713848412036896,0.07826792448759079,-0.21221575140953064,-0.36992505192756653,36.86490249633789,6.144150257110596,-0.43559664487838745,0.0013758274726569653,0.20723199844360352,2.853469133377075,5809292.5
93.69999694824219,42.50127410888672,-0.031589724123477936,0.15012860298156738,866.611572265625,3.1820170879364014,1147.60107421875,6.262485504150391,1063.534423828125,5.324336528778076,1188.6126708984375,6.819945335388184,1.3100097179412842,2.0552492141723633,4.367962837219238,5.892714977264404,6.371788024902344,6.235867023468018,0.06389262527227402,0.13241079449653625,0.2091771811246872,0.06263329088687897,-0.231255903840065,-0.3888784646987915,36.59737014770508,6.099562168121338,-0.4526803195476532,0.0013329399516806006,0.20077210664749146,2.85597562789917,5814395.5
93.80000305175781,42.499568939208984,-0.017069296911358833,0.14520427584648132,866.9307250976562,3.2007386684417725,1148.2264404296875,6.245447158813477,1064.0672607421875,5.331302642822266,1189.2906494140625,6.739187240600586,1.316364049911499,2.0683934688568115,4.388477802276611,5.898195266723633,6.347719192504883,6.1960577964782715,0.06319118291139603,0.13046696782112122,0.20111465454101562,0.04697609692811966,-0.2500799894332886,-0.40719056129455566,36.320003509521484,6.0533342361450195,-0.4685213267803192,0.0012893255334347486,0.19420276582241058,2.858497381210327,5819529.0
93.9000015258789,42.499271392822266,-0.0029729201924055815,0.14096376299858093,867.251708984375,3.218592405319214,1148.85009765625,6.226494789123535,1064.6007080078125,5.336635112762451,1189.96044921875,6.656423568725586,1.322647213935852,2.081341028213501,4.408182144165039,5.9021100997924805,6.32178258895874,6.15445613861084,0.06247042119503021,0.12847982347011566,0.1929665356874466,0.03133285045623779,-0.2686077356338501,-0.42472216486930847,36.03352355957031,6.005587100982666,-0.4831864535808563,0.0012450313661247492,0.1875310242176056,2.8610334396362305,5824692.0
94.0,42.50035095214844,0.010809550993144512,0.13782471418380737,867.5744018554688,3.2355661392211914,1149.4716796875,6.205682277679443,1065.134521484375,5.340337753295898,1190.621826171875,6.571838855743408,1.328857421875,2.094087839126587,4.42706823348999,5.904463291168213,6.294010639190674,6.111143589019775,0.06173184886574745,0.12645316123962402,0.18474718928337097,0.01573622226715088,-0.2867729663848877,-0.44139182567596436,35.73859405517578,5.956432342529297,-0.496783584356308,0.0012000948190689087,0.18076251447200775,2.8635830879211426,5829883.0
94.0999984741211,42.50275421142578,0.024021677672863007,0.1321212649345398,867.8987426757812,3.2516486644744873,1150.091064453125,6.183070659637451,1065.668701171875,5.342417240142822,1191.274658203125,6.485629558563232,1.3349928855895996,2.1066300868988037,4.44512939453125,5.90526008605957,6.264443874359131,6.066211223602295,0.060977086424827576,0.12439100444316864,0.17647184431552887,0.00022059401089791209,-0.30450746417045593,-0.4571150541305542,35.43593215942383,5.905988693237305,-0.5091078281402588,0.0011545721208676696,0.17390571534633636,2.8661460876464844,5835101.0
94.19999694824219,42.50641632080078,0.036624129861593246,0.1260245144367218,868.2246704101562,3.2668299674987793,1150.708251953125,6.158727645874023,1066.202880859375,5.342886447906494,1191.9189453125,6.398006439208984,1.3410522937774658,2.118964672088623,4.462360858917236,5.904511451721191,6.233128070831299,6.0197577476501465,0.06020785868167877,0.12229765951633453,0.16815653443336487,-0.015178314410150051,-0.3217421770095825,-0.4718092083930969,35.12630844116211,5.854384899139404,-0.5201544761657715,0.0011085211299359798,0.16696937382221222,2.8687212467193604,5840343.5
94.30000305175781,42.51131057739258,0.048959456384181976,0.12335328757762909,868.5520629882812,3.2811009883880615,1151.32275390625,6.13271427154541,1066.7371826171875,5.341759204864502,1192.5543212890625,6.309145450592041,1.347033977508545,2.1310884952545166,4.478759288787842,5.9022297859191895,6.20011568069458,5.971887588500977,0.059425629675388336,0.120176762342453,0.159814715385437,-0.030431773513555527,-0.33842989802360535,-0.4854625463485718,34.81037139892578,5.80172872543335,-0.530241072177887,0.0010619725799188018,0.15995804965496063,2.8713080883026123,5845610.0
94.4000015258789,42.51742172241211,0.06108415499329567,0.12124696373939514,868.880859375,3.2944540977478027,1151.9346923828125,6.105084419250488,1067.271240234375,5.339054107666016,1193.1806640625,6.219194412231445,1.352936863899231,2.1429989337921143,4.494322776794434,5.898431301116943,6.165463924407959,5.922702312469482,0.05863163620233536,0.11803139746189117,0.15145772695541382,-0.04551670700311661,-0.35454031825065613,-0.49810555577278137,34.48867416381836,5.748112201690674,-0.5394374132156372,0.0010149511508643627,0.15287552773952484,2.873905897140503,5850899.0
94.5,42.52470016479492,0.07278753817081451,0.11703386157751083,869.2109375,3.306882619857788,1152.543701171875,6.075898170471191,1067.804931640625,5.334790229797363,1193.798095703125,6.128311634063721,1.358759880065918,2.154693841934204,4.509050369262695,5.893134117126465,6.129230976104736,5.872303009033203,0.057827211916446686,0.11586487293243408,0.14309759438037872,-0.06040877848863602,-0.37004026770591736,-0.5097442865371704,34.161800384521484,5.693633556365967,-0.5476009249687195,0.0009674977627582848,0.14572791755199432,2.876513957977295,5856208.5
94.5999984741211,42.53309631347656,0.08395091444253922,0.11163374036550522,869.542236328125,3.318380832672119,1153.1497802734375,6.045220851898193,1068.338134765625,5.328991413116455,1194.4063720703125,6.036669731140137,1.364501953125,2.1661713123321533,4.522942543029785,5.88635778427124,6.091480731964111,5.820790767669678,0.057013798505067825,0.11368076503276825,0.1347472220659256,-0.07508174329996109,-0.3848920464515686,-0.520361602306366,33.83039855957031,5.638399600982666,-0.5546748042106628,0.0009196610189974308,0.13852258026599884,2.879131317138672,5861537.0
94.69999694824219,42.54255294799805,0.09457651525735855,0.10625600069761276,869.8745727539062,3.3289451599121094,1153.752685546875,6.013119697570801,1068.87060546875,5.321681499481201,1195.00537109375,5.94443941116333,1.3701623678207397,2.177429437637329,4.536000728607178,5.878127098083496,6.052278995513916,5.768268585205078,0.056192826479673386,0.11148260533809662,0.1264193058013916,-0.08951031416654587,-0.3990615904331207,-0.5299462080001831,33.49510955810547,5.582518100738525,-0.5607016086578369,0.0008714887080714107,0.13126669824123383,2.8817574977874756,5866883.5
94.80000305175781,42.55302429199219,0.1047358438372612,0.10159330815076828,870.2079467773438,3.3385722637176514,1154.3524169921875,5.979660511016846,1069.40234375,5.312889099121094,1195.59521484375,5.851777076721191,1.3757402896881104,2.188467264175415,4.548227787017822,5.868466377258301,6.011695384979248,5.714839458465576,0.055365633219480515,0.10927368700504303,0.11812547594308853,-0.10367222875356674,-0.4125237762928009,-0.538508951663971,33.156524658203125,5.526087760925293,-0.5657766461372375,0.0008230219827964902,0.12396647781133652,2.8843915462493896,5872246.0
94.9000015258789,42.56446838378906,0.11443020403385162,0.09694357216358185,870.542236328125,3.3472607135772705,1154.9486083984375,5.9449076652526855,1069.9332275390625,5.302643775939941,1196.17578125,5.758829116821289,1.3812352418899536,2.1992838382720947,4.559627532958984,5.85740327835083,5.969801902770996,5.660604000091553,0.0545334666967392,0.10705709457397461,0.10987649112939835,-0.11754767596721649,-0.42526039481163025,-0.5460724830627441,32.815208435058594,5.46920108795166,-0.5699394941329956,0.0007743012392893434,0.11662798374891281,2.8870327472686768,5877623.5
95.0,42.576805114746094,0.12335419654846191,0.08923998475074768,870.8773803710938,3.3550102710723877,1155.541259765625,5.908931255340576,1070.462890625,5.2909770011901855,1196.7469482421875,5.665759563446045,1.3866467475891113,2.209878444671631,4.570205211639404,5.844968795776367,5.926672458648682,5.605662822723389,0.05369770899415016,0.10483622550964355,0.10168426483869553,-0.13111428916454315,-0.4372461140155792,-0.5526270866394043,32.47177505493164,5.411962509155273,-0.5730037689208984,0.0007253895164467394,0.10926072299480438,2.8896806240081787,5883014.0
95.0999984741211,42.58995056152344,0.13145506381988525,0.08100865036249161,871.2132568359375,3.3618218898773193,1156.13037109375,5.871806621551514,1070.9913330078125,5.277923107147217,1197.308837890625,5.572739124298096,1.391974687576294,2.2202510833740234,4.579967021942139,5.831193447113037,5.882382869720459,5.550117492675781,0.052859827876091,0.10261467099189758,0.09356123954057693,-0.14434868097305298,-0.44845303893089294,-0.5581520199775696,32.12688446044922,5.354480743408203,-0.5749862790107727,0.0006763531710021198,0.1018747016787529,2.892334222793579,5888416.5
95.19999694824219,42.60382843017578,0.1387752741575241,0.07320216298103333,871.5496826171875,3.3676979541778564,1156.7156982421875,5.833608627319336,1071.5184326171875,5.2635178565979,1197.8614501953125,5.4799299240112305,1.3972187042236328,2.2304015159606934,4.588920593261719,5.816112518310547,5.837012767791748,5.4940714836120605,0.05202120542526245,0.1003958210349083,0.08551899343729019,-0.1572299301624298,-0.4588604271411896,-0.5626462697982788,31.78115463256836,5.296859264373779,-0.575969398021698,0.00062725436873734,0.0944792628288269,2.8949928283691406,5893829.0
95.30000305175781,42.61834716796875,0.14518843591213226,0.06413155049085617,871.88671875,3.3726418018341064,1157.2969970703125,5.794412136077881,1072.0439453125,5.247799396514893,1198.4049072265625,5.387491226196289,1.4023789167404175,2.240330457687378,4.597074508666992,5.79976224899292,5.790642738342285,5.43762731552124,0.05118321254849434,0.0981830358505249,0.07756894081830978,-0.1697378009557724,-0.4684494733810425,-0.5661098957061768,31.43520736694336,5.239201545715332,-0.5759133696556091,0.0005781641812063754,0.08708512783050537,2.897655725479126,5899250.5
95.4000015258789,42.6334228515625,0.15075883269309998,0.05570393055677414,872.2241821289062,3.3766584396362305,1157.87451171875,5.754292011260986,1072.56787109375,5.230808258056641,1198.93896484375,5.29557466506958,1.4074554443359375,2.2500386238098145,4.604438304901123,5.782180309295654,5.7433552742004395,5.38088846206665,0.05034715309739113,0.0959794819355011,0.06972172111272812,-0.181854248046875,-0.4772070348262787,-0.5685559511184692,31.089630126953125,5.181604862213135,-0.574919581413269,0.0005291479174047709,0.07970213145017624,2.900322198867798,5904679.0
95.5,42.64896774291992,0.1554672122001648,0.047083884477615356,872.56201171875,3.3797543048858643,1158.4478759765625,5.713321208953857,1073.090087890625,5.212586402893066,1199.4639892578125,5.204320430755615,1.412448525428772,2.2595267295837402,4.61102294921875,5.763407230377197,5.695234298706055,5.3239545822143555,0.04951425641775131,0.09378814697265625,0.06198715791106224,-0.1935635209083557,-0.48512595891952515,-0.5700089335441589,30.744970321655273,5.124161720275879,-0.5730249285697937,0.00048027164302766323,0.07234020531177521,2.90299129486084,5910113.0
95.5999984741211,42.66490173339844,0.15933571755886078,0.038684967905282974,872.900146484375,3.381936550140381,1159.01708984375,5.671570777893066,1073.6103515625,5.19317626953125,1199.9798583984375,5.113859176635742,1.4173583984375,2.268796682357788,4.616840362548828,5.743484020233154,5.646363258361816,5.266923904418945,0.04868566244840622,0.0916118174791336,0.054374247789382935,-0.20485199987888336,-0.49220430850982666,-0.5705013871192932,30.401750564575195,5.066958427429199,-0.5702962279319763,0.00043159883352927864,0.06500893831253052,2.905662775039673,5915551.5
95.69999694824219,42.68113708496094,0.16234903037548065,0.030133124440908432,873.2384033203125,3.383214235305786,1159.5821533203125,5.629110813140869,1074.128662109375,5.1726226806640625,1200.48681640625,5.024312973022461,1.4221857786178589,2.2778499126434326,4.621902942657471,5.722454071044922,5.596826076507568,5.209890365600586,0.047862458974123,0.08945309370756149,0.046891313046216965,-0.2157079577445984,-0.49844422936439514,-0.5700699090957642,30.060457229614258,5.01007604598999,-0.5667724609375,0.0003831936337519437,0.057717978954315186,2.9083354473114014,5920992.5
95.80000305175781,42.69756317138672,0.16425010561943054,0.01901077665388584,873.5767211914062,3.3835971355438232,1160.1429443359375,5.586015224456787,1074.6448974609375,5.150969982147217,1200.98486328125,4.9358134269714355,1.4269312620162964,2.2866880893707275,4.626224040985107,5.700360298156738,5.546707630157471,5.1529459953308105,0.04704579710960388,0.08731478452682495,0.03954731300473213,-0.22611817717552185,-0.5038425922393799,-0.5687260031700134,29.721616744995117,4.9536027908325195,-0.5623365640640259,0.0003351395425852388,0.05047990009188652,2.911008596420288,5926435.0
95.9000015258789,42.71406555175781,0.16501791775226593,0.00767814414575696,873.9150390625,3.383096218109131,1160.6993408203125,5.542359828948975,1075.1588134765625,5.128265380859375,1201.4739990234375,4.848494052886963,1.4315953254699707,2.295313835144043,4.629818439483643,5.677248477935791,5.496091365814209,5.0961809158325195,0.046236857771873474,0.08519972115755081,0.03235122561454773,-0.23606950044631958,-0.5083957314491272,-0.5664761662483215,29.385759353637695,4.8976263999938965,-0.557035505771637,0.00028752099024131894,0.04330742359161377,2.913681983947754,5931877.5
96.0,42.730552673339844,0.16487479209899902,-0.001431224518455565,874.2532958984375,3.3817241191864014,1161.2513427734375,5.498214244842529,1075.6705322265625,5.104556560516357,1201.95458984375,4.7624640464782715,1.4361789226531982,2.3037290573120117,4.632700443267822,5.653164863586426,5.445061683654785,5.039685249328613,0.04543662071228027,0.0831102728843689,0.02531023509800434,-0.24555334448814392,-0.5121118426322937,-0.5633607506752014,29.053335189819336,4.842222213745117,-0.5510607957839966,0.0002404044644208625,0.0362105667591095,2.9163544178009033,5937318.5
96.0999984741211,42.74697494506836,0.16421690583229065,-0.006578925531357527,874.5913696289062,3.3794944286346436,1161.7989501953125,5.453636169433594,1076.1796875,5.079890251159668,1202.4266357421875,4.677791118621826,1.4406830072402954,2.311936855316162,4.634886741638184,5.6281561851501465,5.393701076507568,4.983539581298828,0.04464573785662651,0.08104796707630157,0.018428418785333633,-0.2545689046382904,-0.5150187611579895,-0.5594729781150818,28.724639892578125,4.787439823150635,-0.5446949601173401,0.00019382509344723076,0.02919461950659752,2.9190256595611572,5942756.5
96.19999694824219,42.76329803466797,0.16326643526554108,-0.009504705667495728,874.92919921875,3.3764209747314453,1162.342041015625,5.408673286437988,1076.6864013671875,5.054315090179443,1202.89013671875,4.594509601593018,1.445108413696289,2.3199398517608643,4.636392593383789,5.602269172668457,5.342088222503662,4.927816390991211,0.04386458173394203,0.07901367545127869,0.011707376688718796,-0.26312148571014404,-0.5171587467193604,-0.554932713508606,28.39984893798828,4.733307838439941,-0.5380955338478088,0.00014780033961869776,0.0222622100263834,2.921694755554199,5948190.5
96.30000305175781,42.77949523925781,0.16195498406887054,-0.01311443280428648,875.2666015625,3.3725197315216064,1162.8807373046875,5.363372325897217,1077.1905517578125,5.0278754234313965,1203.3455810546875,4.512646675109863,1.4494563341140747,2.3277406692504883,4.637234687805176,5.575550079345703,5.290297985076904,4.872575283050537,0.0430934764444828,0.07700812071561813,0.005148179363459349,-0.27121737599372864,-0.5185738205909729,-0.5498400330543518,28.079111099243164,4.67985200881958,-0.5312427878379822,0.00010235283116344362,0.015416745096445084,2.924360990524292,5953618.5
96.4000015258789,42.795555114746094,0.16059815883636475,-0.013568256050348282,875.6036376953125,3.367806911468506,1163.414794921875,5.317770957946777,1077.6920166015625,5.000617504119873,1203.792724609375,4.432208061218262,1.4537276029586792,2.3353426456451416,4.6374287605285645,5.548043251037598,5.238399982452393,4.817866325378418,0.042332567274570465,0.0750315934419632,-0.001249706489033997,-0.278866708278656,-0.519313633441925,-0.5443037748336792,27.762500762939453,4.6270833015441895,-0.5243492722511292,5.748036710429005e-05,0.00865789595991373,2.9270238876342773,5959040.0
96.5,42.8115119934082,0.15955191850662231,-0.010462489910423756,875.940185546875,3.3622994422912598,1163.9442138671875,5.271897792816162,1078.190673828125,4.972583770751953,1204.2320556640625,4.353163719177246,1.457923173904419,2.3427481651306152,4.636991024017334,5.519793510437012,5.186459541320801,4.763727188110352,0.04158170893788338,0.07308369129896164,-0.007489363197237253,-0.28608569502830505,-0.5194408893585205,-0.5384587049484253,27.4499568939209,4.574992656707764,-0.5176268815994263,1.3152930478099734e-05,0.001981140812858939,2.929682493209839,5964453.0
96.5999984741211,42.827388763427734,0.15877535939216614,-0.007765561807900667,876.2760620117188,3.356015205383301,1164.4691162109375,5.225776672363281,1078.6864013671875,4.943814277648926,1204.6634521484375,4.275475978851318,1.4620442390441895,2.3499603271484375,4.635936737060547,5.490842819213867,5.134533882141113,4.7101826667785645,0.04084068536758423,0.07116381824016571,-0.01357452105730772,-0.2928916811943054,-0.5190179944038391,-0.5324195027351379,27.141389846801758,4.52356481552124,-0.5110495686531067,-3.065621422138065e-05,-0.004617547150701284,2.9323368072509766,5969856.5
96.69999694824219,42.843196868896484,0.15809139609336853,-0.006839610170572996,876.611328125,3.3489718437194824,1164.9893798828125,5.1794328689575195,1079.1793212890625,4.91434907913208,1205.087158203125,4.199118137359619,1.4660917520523071,2.3569819927215576,4.634282112121582,5.461231231689453,5.082675457000732,4.657248020172119,0.04010937362909317,0.06927160173654556,-0.01950804516673088,-0.2992994785308838,-0.5180965662002563,-0.5262550115585327,26.836750030517578,4.47279167175293,-0.5045265555381775,-7.395989814540371e-05,-0.011140100657939911,2.934985637664795,5975249.5
96.80000305175781,42.85893249511719,0.15737226605415344,-0.007191355340182781,876.9458618164062,3.341188430786133,1165.5050048828125,5.132894992828369,1079.6693115234375,4.884224891662598,1205.5032958984375,4.124075412750244,1.4700665473937988,2.3638157844543457,4.632040977478027,5.430997848510742,5.030932426452637,4.604935169219971,0.039387740194797516,0.06740691512823105,-0.025291942059993744,-0.30532148480415344,-0.5167183876037598,-0.5200002193450928,26.53602409362793,4.422670841217041,-0.4980005919933319,-0.0001167609152616933,-0.01758694089949131,2.937628746032715,5980630.0
96.9000015258789,42.87456130981445,0.1562766432762146,-0.010956156067550182,877.279541015625,3.332683563232422,1166.0159912109375,5.086197376251221,1080.1561279296875,4.853477478027344,1205.9119873046875,4.050355434417725,1.4739696979522705,2.370464563369751,4.629229545593262,5.400181770324707,4.979349136352539,4.553252220153809,0.03867592662572861,0.06557003408670425,-0.030926603823900223,-0.3109656572341919,-0.5149112343788147,-0.5136479139328003,26.239286422729492,4.3732147216796875,-0.4912998080253601,-0.00015903543680906296,-0.0239544790238142,2.940265417098999,5985998.0
97.0,42.890052795410156,0.1549111008644104,-0.013655460439622402,877.6123657226562,3.323476552963257,1166.522216796875,5.039373397827148,1080.6400146484375,4.822142601013184,1206.3134765625,3.977966070175171,1.4778021574020386,2.3769309520721436,4.625861644744873,5.368819713592529,4.927966594696045,4.5022101402282715,0.03797408565878868,0.06376128643751144,-0.03641233965754509,-0.3162396252155304,-0.5126999020576477,-0.5071918368339539,25.946611404418945,4.324435234069824,-0.4845044016838074,-0.00020076804503332824,-0.030240390449762344,2.94289493560791,5991351.5
97.0999984741211,42.905426025390625,0.15374638140201569,-0.011647261679172516,877.9442138671875,3.313586711883545,1167.0238037109375,4.9924468994140625,1081.12060546875,4.790255069732666,1206.7076416015625,3.9068849086761475,1.4815648794174194,2.3832178115844727,4.621953010559082,5.336947917938232,4.876823425292969,4.451816558837891,0.037282105535268784,0.061980340629816055,-0.04175178334116936,-0.32115650177001953,-0.5101231336593628,-0.500676155090332,25.6579532623291,4.276325225830078,-0.4778667092323303,-0.0002419801603537053,-0.036447905004024506,2.945517063140869,5996689.5
97.19999694824219,42.92072296142578,0.15297089517116547,-0.007754757069051266,878.2750244140625,3.3030333518981934,1167.520751953125,4.945434093475342,1081.5980224609375,4.757847309112549,1207.0948486328125,3.8370654582977295,1.485258936882019,2.3893280029296875,4.617516994476318,5.304601669311523,4.825954437255859,4.402074337005615,0.036599695682525635,0.06022641435265541,-0.046949248760938644,-0.3257333040237427,-0.5072280764579773,-0.4941689074039459,25.373186111450195,4.2288641929626465,-0.47147136926651,-0.0002827078860718757,-0.04258245602250099,2.9481308460235596,6002011.5
97.30000305175781,42.93597412109375,0.15250998735427856,-0.00460915407165885,878.6047973632812,3.2918365001678467,1168.012939453125,4.898349285125732,1082.0721435546875,4.724949836730957,1207.47509765625,3.7684621810913086,1.4888851642608643,2.395264148712158,4.612568378448486,5.271813869476318,4.775388717651367,4.352980613708496,0.03592655807733536,0.058498725295066833,-0.052008990198373795,-0.3299865126609802,-0.5040580034255981,-0.48772069811820984,25.092182159423828,4.182030200958252,-0.46527403593063354,-0.000322981271892786,-0.04864858090877533,2.9507362842559814,6007315.5
97.4000015258789,42.951175689697266,0.15199515223503113,-0.005148365627974272,878.9334106445312,3.280015707015991,1168.5003662109375,4.851212978363037,1082.54296875,4.691592693328857,1207.8486328125,3.701051712036133,1.492444634437561,2.401028871536255,4.607120513916016,5.238616943359375,4.725152492523193,4.30452823638916,0.0352625735104084,0.056796930730342865,-0.05693359300494194,-0.33392807841300964,-0.5006415247917175,-0.4813355803489685,24.814895629882812,4.1358160972595215,-0.4590926766395569,-0.000362801511073485,-0.05464644357562065,2.9533326625823975,6012601.5
97.5,42.96632766723633,0.15152187645435333,-0.004732673987746239,879.2607421875,3.267590284347534,1168.983154296875,4.804045677185059,1083.010498046875,4.657804489135742,1208.2154541015625,3.634815216064453,1.4959380626678467,2.4066245555877686,4.601186752319336,5.205040454864502,4.67526912689209,4.256711006164551,0.0346076600253582,0.055120762437582016,-0.06172535568475723,-0.337568998336792,-0.4970032870769501,-0.47501206398010254,24.541292190551758,4.09021520614624,-0.45298895239830017,-0.0004021771310362965,-0.06057734042406082,2.9559192657470703,6017867.5
97.5999984741211,42.9814453125,0.15119174122810364,-0.003301454009488225,879.5868530273438,3.254579782485962,1169.461181640625,4.756863594055176,1083.4744873046875,4.623612403869629,1208.57568359375,3.569725275039673,1.4993665218353271,2.4120540618896484,4.594780445098877,5.171114444732666,4.625759601593018,4.209522724151611,0.03396165743470192,0.053469784557819366,-0.06638717651367188,-0.34092146158218384,-0.49317029118537903,-0.4687619209289551,24.27130699157715,4.045217990875244,-0.4470098316669464,-0.00044112460454925895,-0.06644374132156372,2.95849609375,6023113.5
97.69999694824219,42.996551513671875,0.15103988349437714,-0.0015185330994427204,879.9116821289062,3.24100399017334,1169.9345703125,4.709682941436768,1083.9351806640625,4.589042663574219,1208.929443359375,3.5057506561279297,1.5027307271957397,2.4173195362091064,4.58791446685791,5.136867046356201,4.576642036437988,4.162955284118652,0.03332437947392464,0.05184347927570343,-0.07092221826314926,-0.3439980447292328,-0.489169180393219,-0.46260011196136475,24.004859924316406,4.000810146331787,-0.4411689043045044,-0.00047966305282898247,-0.07224854081869125,2.96106219291687,6028337.5
97.80000305175781,43.01164245605469,0.15093573927879333,-0.0010414763819426298,880.2350463867188,3.226881742477417,1170.403076171875,4.662518501281738,1084.392333984375,4.5541205406188965,1209.27685546875,3.442866563796997,1.5060316324234009,2.4224236011505127,4.580601215362549,5.102324962615967,4.5279316902160645,4.11699914932251,0.03269568085670471,0.05024144798517227,-0.07533315569162369,-0.34680986404418945,-0.48502156138420105,-0.4565284848213196,23.741893768310547,3.956982135772705,-0.4354032874107361,-0.0005178013234399259,-0.07799305766820908,2.9636173248291016,6033540.0
97.9000015258789,43.026729583740234,0.15086834132671356,-0.0006739858072251081,880.5570068359375,3.2122325897216797,1170.8670654296875,4.615386962890625,1084.845947265625,4.5188703536987305,1209.6180419921875,3.381052255630493,1.509270191192627,2.427368640899658,4.572852611541748,5.067514896392822,4.479642868041992,4.071646213531494,0.03207545354962349,0.048663366585969925,-0.07962238043546677,-0.34936702251434326,-0.480745404958725,-0.45054322481155396,23.482362747192383,3.913727045059204,-0.4297126829624176,-0.0005555472453124821,-0.0836784839630127,2.9661612510681152,6038719.0
98.0,43.04182434082031,0.1509181559085846,0.0004981386009603739,880.8775024414062,3.1970748901367188,1171.326171875,4.568302631378174,1085.2960205078125,4.483315467834473,1209.953125,3.3202831745147705,1.5124471187591553,2.432157278060913,4.564681053161621,5.032461643218994,4.431787014007568,4.026886940002441,0.03146355226635933,0.047108836472034454,-0.0837925523519516,-0.35168012976646423,-0.4763593375682831,-0.4446476697921753,23.226205825805664,3.8710343837738037,-0.42413410544395447,-0.0005929149338044226,-0.08930694311857224,2.968693256378174,6043873.5
98.0999984741211,43.05693054199219,0.1510690450668335,0.0015088862273842096,881.1964111328125,3.1814277172088623,1171.7806396484375,4.5212788581848145,1085.7425537109375,4.447478294372559,1210.2821044921875,3.2605338096618652,1.5155632495880127,2.43679141998291,4.556098937988281,4.997188091278076,4.384374618530273,3.982712745666504,0.030859829857945442,0.04557742923498154,-0.08784635365009308,-0.3537595570087433,-0.47188085317611694,-0.4388456642627716,22.97336196899414,3.8288936614990234,-0.4186571538448334,-0.0006299173110164702,-0.0948803648352623,2.9712133407592773,6049004.0
98.19999694824219,43.07202911376953,0.1509999781847,-0.0006905493210069835,881.5137329101562,3.165309190750122,1172.23046875,4.474332809448242,1086.185546875,4.411380290985107,1210.605224609375,3.2017955780029297,1.518619418144226,2.4412736892700195,4.547116756439209,4.961718559265137,4.337414264678955,3.939115047454834,0.03026426024734974,0.04406905546784401,-0.09178528189659119,-0.35561251640319824,-0.46731802821159363,-0.4331153333187103,22.723827362060547,3.787304639816284,-0.4131404757499695,-0.0006665418040938675,-0.10039687901735306,2.9737205505371094,6054108.5
98.30000305175781,43.08708190917969,0.15053565800189972,-0.004643294028937817,881.8294677734375,3.148737668991089,1172.675537109375,4.427485466003418,1086.6248779296875,4.3750433921813965,1210.9224853515625,3.1440746784210205,1.5216164588928223,2.445606231689453,4.537745952606201,4.926074504852295,4.290914058685303,3.8960886001586914,0.029676945880055428,0.0425838977098465,-0.09560972452163696,-0.35724329948425293,-0.46267107129096985,-0.42741823196411133,22.477649688720703,3.746274948120117,-0.40752112865448,-0.0007027622777968645,-0.10585252940654755,2.976215124130249,6059187.0
98.4000015258789,43.102046966552734,0.14964857697486877,-0.008870807476341724,882.1434936523438,3.131730794906616,1173.115966796875,4.380759239196777,1087.060546875,4.338489055633545,1211.234130859375,3.08738112449646,1.5245550870895386,2.449791431427002,4.527998924255371,4.890278339385986,4.2448835372924805,3.8536317348480225,0.029098011553287506,0.04112222418189049,-0.09931980818510056,-0.3586554527282715,-0.4579383432865143,-0.4217202365398407,22.234891891479492,3.705815315246582,-0.4017975330352783,-0.0007385503849945962,-0.11124306172132492,2.978696346282959,6064238.5
98.5,43.11689758300781,0.14850057661533356,-0.011479889042675495,882.455810546875,3.114306688308716,1173.5517578125,4.334173202514648,1087.4925537109375,4.3017377853393555,1211.5400390625,3.0317163467407227,1.527436375617981,2.453831434249878,4.517886638641357,4.854351997375488,4.199329853057861,3.8117454051971436,0.0285275187343359,0.03968413919210434,-0.10291624814271927,-0.3598538339138031,-0.4531223773956299,-0.4160081744194031,21.995586395263672,3.665930986404419,-0.3960443437099457,-0.0007738905842415988,-0.11656612902879715,2.981163740158081,6069262.0
98.5999984741211,43.13163375854492,0.1473637968301773,-0.011367804370820522,882.7662963867188,3.096482276916504,1173.9827880859375,4.287741184234619,1087.9208984375,4.264811038970947,1211.8404541015625,2.9770665168762207,1.5302609205245972,2.4577291011810303,4.507420063018799,4.8183159828186035,4.154262065887451,3.770430326461792,0.027965398505330086,0.03826941177248955,-0.10640095174312592,-0.3608461916446686,-0.4482336938381195,-0.41029712557792664,21.759706497192383,3.626617670059204,-0.39037373661994934,-0.0008087886963039637,-0.12182261049747467,2.9836175441741943,6074257.5
98.69999694824219,43.14626693725586,0.14631585776805878,-0.010479449294507504,883.0750732421875,3.078275203704834,1174.4093017578125,4.241474628448486,1088.3455810546875,4.227728366851807,1212.135498046875,2.923408031463623,1.5330297946929932,2.461486339569092,4.496610641479492,4.782190322875977,4.10968542098999,3.729685068130493,0.027411507442593575,0.036877650767564774,-0.10977645218372345,-0.36164164543151855,-0.443286269903183,-0.4046115577220917,21.527193069458008,3.5878653526306152,-0.3848106563091278,-0.000843256653752178,-0.12701429426670074,2.9860568046569824,6079223.5
98.80000305175781,43.16080856323242,0.1454407274723053,-0.008751249872148037,883.3819580078125,3.0597023963928223,1174.8310546875,4.1953816413879395,1088.7664794921875,4.190508842468262,1212.4251708984375,2.870712995529175,1.5357435941696167,2.4651055335998535,4.485469341278076,4.745995044708252,4.065606117248535,3.6895060539245605,0.026865661144256592,0.035508353263139725,-0.11304561048746109,-0.36224985122680664,-0.4382954239845276,-0.3989773094654083,21.2979679107666,3.549661159515381,-0.37938717007637024,-0.0008773127919994295,-0.13214394450187683,2.9884817600250244,6084160.5
98.9000015258789,43.175262451171875,0.14450658857822418,-0.009341452270746231,883.68701171875,3.0407803058624268,1175.248291015625,4.149473667144775,1089.18359375,4.153171062469482,1212.709716796875,2.818963050842285,1.5384031534194946,2.4685888290405273,4.474005699157715,4.709747791290283,4.022027969360352,3.6498875617980957,0.026327749714255333,0.03416120260953903,-0.11621060222387314,-0.3626787066459656,-0.43327075242996216,-0.39340004324913025,21.071985244750977,3.5119974613189697,-0.37400737404823303,-0.0009109571110457182,-0.13721157610416412,2.990891695022583,6089067.0
99.0,43.189605712890625,0.14346443116664886,-0.010421501472592354,883.9901123046875,3.0215253829956055,1175.6610107421875,4.103761672973633,1089.5970458984375,4.115732192993164,1212.989013671875,2.768146276473999,1.5410094261169434,2.4719386100769043,4.462231159210205,4.673466205596924,3.9789533615112305,3.6108241081237793,0.025797713547945023,0.032836005091667175,-0.1192731112241745,-0.36293458938598633,-0.4282180070877075,-0.3878744840621948,20.849225997924805,3.4748709201812744,-0.36866000294685364,-0.0009441859438084066,-0.14221662282943726,2.9932868480682373,6093943.0
99.0999984741211,43.203826904296875,0.14219556748867035,-0.012688647955656052,884.291259765625,3.001953601837158,1176.069091796875,4.0582594871521,1090.0067138671875,4.078209400177002,1213.2633056640625,2.7182559967041016,1.5435630083084106,2.4751570224761963,4.450155258178711,4.637167453765869,3.9363853931427,3.5723114013671875,0.025275537744164467,0.03153268247842789,-0.12223440408706665,-0.3630227744579315,-0.42313966155052185,-0.3823883831501007,20.62968635559082,3.4382810592651367,-0.3633011281490326,-0.0009769859025254846,-0.14715707302093506,2.99566650390625,6098787.5
99.19999694824219,43.21786880493164,0.14043566584587097,-0.01759912632405758,884.5905151367188,2.982081174850464,1176.47265625,4.012984275817871,1090.4127197265625,4.04062032699585,1213.53271484375,2.669299602508545,1.546064853668213,2.478245973587036,4.437788486480713,4.600868225097656,3.894326686859131,3.534346342086792,0.024761315435171127,0.030251411721110344,-0.12509478628635406,-0.3629459738731384,-0.41803160309791565,-0.37691283226013184,20.41341209411621,3.402235269546509,-0.35783565044403076,-0.0010093231685459614,-0.15202783048152924,2.998030424118042,6103600.5
99.30000305175781,43.23171615600586,0.13846470415592194,-0.019709540531039238,884.8876953125,2.961923122406006,1176.8717041015625,3.967949151992798,1090.81494140625,4.002981185913086,1213.7972412109375,2.6212754249572754,1.5485156774520874,2.481208086013794,4.425140380859375,4.564584732055664,3.852780342102051,3.496929168701172,0.024255068972706795,0.02899220772087574,-0.12785513699054718,-0.36270830035209656,-0.41289404034614563,-0.3714386820793152,20.200420379638672,3.366736650466919,-0.3523811101913452,-0.0010411858092993498,-0.15682707726955414,3.0003788471221924,6108381.0
99.4000015258789,43.245357513427734,0.1363992840051651,-0.02065427042543888,885.182861328125,2.941494941711426,1177.2662353515625,3.923165798187256,1091.2132568359375,3.965308427810669,1214.0570068359375,2.5741727352142334,1.5509161949157715,2.4840452671051025,4.4122209548950195,4.528332710266113,3.81174898147583,3.4600586891174316,0.02375674434006214,0.027754884213209152,-0.13051709532737732,-0.36231565475463867,-0.4077323079109192,-0.3659745156764984,19.990690231323242,3.3317816257476807,-0.3469741940498352,-0.001072570914402604,-0.16155442595481873,3.002711057662964,6113129.0
99.5,43.258785247802734,0.13427789509296417,-0.021213838830590248,885.4759521484375,2.920811653137207,1177.6563720703125,3.8786427974700928,1091.60791015625,3.9276180267333984,1214.3121337890625,2.5279765129089355,1.553267240524292,2.486759901046753,4.399040699005127,4.492127418518066,3.7712347507476807,3.423733711242676,0.023266253992915154,0.026539186015725136,-0.13308250904083252,-0.3617742657661438,-0.40255293250083923,-0.36053183674812317,19.7841854095459,3.2973642349243164,-0.34162744879722595,-0.0011034788331016898,-0.166209876537323,3.0050268173217773,6117844.0
99.5999984741211,43.27199935913086,0.13213619589805603,-0.02141699008643627,885.7670288085938,2.899888038635254,1178.0419921875,3.8343889713287354,1091.998779296875,3.889925241470337,1214.5626220703125,2.482670545578003,1.5555697679519653,2.489353895187378,4.385608196258545,4.4559831619262695,3.731238842010498,3.387951374053955,0.022783495485782623,0.025344818830490112,-0.13555334508419037,-0.36109063029289246,-0.39736291766166687,-0.3551224172115326,19.580867767333984,3.2634780406951904,-0.33635348081588745,-0.0011339125921949744,-0.17079390585422516,3.007326364517212,6122525.5
99.69999694824219,43.28501892089844,0.13020169734954834,-0.019344931468367577,886.0559692382812,2.8787381649017334,1178.4232177734375,3.7904088497161865,1092.385986328125,3.8522448539733887,1214.8087158203125,2.4382290840148926,1.5578242540359497,2.4918296337127686,4.371933460235596,4.419914722442627,3.6917622089385986,3.3527071475982666,0.022308291867375374,0.024171296507120132,-0.13793228566646576,-0.3602728247642517,-0.39217352867126465,-0.34976980090141296,19.380661010742188,3.230109930038452,-0.331232488155365,-0.0011638929136097431,-0.17530964314937592,3.0096094608306885,6127173.5
99.80000305175781,43.297847747802734,0.12828722596168518,-0.019144771620631218,886.3427734375,2.8573763370513916,1178.800048828125,3.7467079162597656,1092.769287109375,3.8145904541015625,1215.05029296875,2.394630193710327,1.5600316524505615,2.4941890239715576,4.358025550842285,4.383934020996094,3.652803897857666,3.317995071411133,0.021840492263436317,0.023018216714262962,-0.14022167026996613,-0.35932785272598267,-0.38699305057525635,-0.34448525309562683,19.183500289916992,3.1972501277923584,-0.32619041204452515,-0.001193425734527409,-0.1797579973936081,3.0118753910064697,6131787.0
99.9000015258789,43.31044387817383,0.12596243619918823,-0.023247836157679558,886.62744140625,2.8358163833618164,1179.172607421875,3.7032973766326904,1093.1488037109375,3.776975154876709,1215.28759765625,2.351872682571411,1.562192678451538,2.496434211730957,4.343892574310303,4.348053932189941,3.614363431930542,3.283808708190918,0.021380115300416946,0.021885570138692856,-0.14242233335971832,-0.35825902223587036,-0.3818192183971405,-0.3392467796802521,18.989398956298828,3.164900064468384,-0.32108309864997864,-0.0012224832316860557,-0.18413475155830383,3.014124631881714,6136366.0
100.0,43.322750091552734,0.12306509912014008,-0.02897343784570694,886.909912109375,2.8140718936920166,1179.540771484375,3.660191535949707,1093.524658203125,3.739412546157837,1215.520751953125,2.309967517852783,1.5643080472946167,2.4985671043395996,4.329544544219971,4.312286853790283,3.5764403343200684,3.250145673751831,0.020927272737026215,0.020773597061634064,-0.14453423023223877,-0.35706719756126404,-0.3766438961029053,-0.33401960134506226,18.79841423034668,3.1330690383911133,-0.31586912274360657,-0.0012510246597230434,-0.18843375146389008,3.0163567066192627,6140910.0
100.0999984741211,43.33475875854492,0.12008561193943024,-0.02979486621916294,887.1902465820312,2.7921557426452637,1179.9046630859375,3.6173996925354004,1093.896728515625,3.701915979385376,1215.7496337890625,2.268908739089966,1.5663784742355347,2.500589609146118,4.3149895668029785,4.276645183563232,3.539034843444824,3.2170047760009766,0.020481940358877182,0.01968219503760338,-0.14655856788158417,-0.35575637221336365,-0.37146809697151184,-0.32880404591560364,18.610538482666016,3.1017563343048096,-0.3107214868068695,-0.0012790479231625795,-0.19265469908714294,3.018571376800537,6145419.0
100.19999694824219,43.346519470214844,0.117611363530159,-0.024742478504776955,887.4683227539062,2.7700812816619873,1180.2642822265625,3.5749218463897705,1094.2650146484375,3.6644978523254395,1215.9744873046875,2.2286605834960938,1.5684046745300293,2.502504348754883,4.300236225128174,4.241139888763428,3.5021462440490723,3.184382915496826,0.020043857395648956,0.018610674887895584,-0.14849865436553955,-0.3543357849121094,-0.36630740761756897,-0.32364508509635925,18.425655364990234,3.0709426403045654,-0.3058226406574249,-0.0013065971434116364,-0.19680427014827728,3.020768880844116,6149893.0
100.30000305175781,43.358097076416016,0.1157698780298233,-0.018414869904518127,887.7442626953125,2.747860908508301,1180.61962890625,3.5327539443969727,1094.629638671875,3.627169370651245,1216.1954345703125,2.189175605773926,1.5703874826431274,2.504312515258789,4.285293102264404,4.205781936645508,3.4657719135284424,3.1522717475891113,0.019612658768892288,0.017558107152581215,-0.15035869181156158,-0.3528165817260742,-0.36118215322494507,-0.3185945153236389,18.243610382080078,3.0406017303466797,-0.30119588971138,-0.0013337265700101852,-0.20089060068130493,3.022948741912842,6154331.0
100.4000015258789,43.36955261230469,0.11455124616622925,-0.012186280451714993,888.0178833007812,2.7255067825317383,1180.9708251953125,3.4908907413482666,1094.990478515625,3.5899407863616943,1216.412353515625,2.1504061222076416,1.5723274946212769,2.506016492843628,4.270167350769043,4.1705803871154785,3.42990779876709,3.1206583976745605,0.019187983125448227,0.016523562371730804,-0.15214282274246216,-0.3512096405029297,-0.3561110496520996,-0.31369128823280334,18.064241409301758,3.010706901550293,-0.2968307137489319,-0.0013604892883449793,-0.204921692609787,3.025111198425293,6158733.0
100.5,43.380943298339844,0.11390016973018646,-0.006510775536298752,888.289306640625,2.703031063079834,1181.31787109375,3.4493274688720703,1095.34765625,3.552820920944214,1216.62548828125,2.1123085021972656,1.5742253065109253,2.507617950439453,4.254867076873779,4.135543346405029,3.3945469856262207,3.089526653289795,0.018769491463899612,0.015506178140640259,-0.15385492146015167,-0.34952491521835327,-0.35110971331596375,-0.3089600205421448,17.887401580810547,2.981233596801758,-0.29270434379577637,-0.0013869339600205421,-0.20890487730503082,3.0272557735443115,6163099.0
100.5999984741211,43.39229202270508,0.11350727826356888,-0.003928949125111103,888.5585327148438,2.680445432662964,1181.66064453125,3.408062219619751,1095.7010498046875,3.5158181190490723,1216.8348388671875,2.0748517513275146,1.57608163356781,2.5091185569763184,4.239398956298828,4.100677967071533,3.35968279838562,3.0588595867156982,0.01835695095360279,0.014505341649055481,-0.15549789369106293,-0.34776976704597473,-0.3461863398551941,-0.30439984798431396,17.712989807128906,2.952164888381958,-0.2887147068977356,-0.0014130845665931702,-0.21284377574920654,3.0293824672698975,6167429.0
100.69999694824219,43.40359115600586,0.11300455778837204,-0.005027188453823328,888.825439453125,2.6577608585357666,1181.99951171875,3.367097854614258,1096.05078125,3.4789397716522217,1217.04052734375,2.038022994995117,1.5778969526290894,2.5105197429656982,4.2237701416015625,4.0659918785095215,3.3253068923950195,3.0286412239074707,0.0179502721875906,0.013520797714591026,-0.15707330405712128,-0.34594815969467163,-0.34133949875831604,-0.2999832034111023,17.54096794128418,2.923494577407837,-0.28475093841552734,-0.0014389358693733811,-0.21673761308193207,3.03149151802063,6171722.5
100.80000305175781,43.41484451293945,0.11251374334096909,-0.004908116068691015,889.0900268554688,2.634988307952881,1182.3341064453125,3.32643723487854,1096.3968505859375,3.4421932697296143,1217.2425537109375,2.001810073852539,1.579671859741211,2.5118231773376465,4.207987308502197,4.031490802764893,3.291411876678467,2.9988582134246826,0.017549369484186172,0.012552306987345219,-0.1585826426744461,-0.34406378865242004,-0.33656764030456543,-0.2956887185573578,17.371301651000977,2.895216941833496,-0.28085824847221375,-0.00146449264138937,-0.22058704495429993,3.0335824489593506,6175979.5
100.9000015258789,43.42611312866211,0.11268338561058044,0.0016963551752269268,889.3524169921875,2.612138032913208,1182.664794921875,3.2860758304595947,1096.7392578125,3.405585289001465,1217.44091796875,1.966176986694336,1.581407070159912,2.513030767440796,4.192056179046631,3.9971811771392822,3.2579898834228516,2.9694976806640625,0.017153967171907425,0.011599154211580753,-0.16002914309501648,-0.3421245515346527,-0.33188122510910034,-0.29153695702552795,17.203868865966797,2.867311477661133,-0.27722904086112976,-0.0014898100635036826,-0.22440046072006226,3.0356552600860596,6180199.5
101.0,43.43751907348633,0.11407461762428284,0.01391235925257206,889.6124877929688,2.5892202854156494,1182.9913330078125,3.2460007667541504,1097.0780029296875,3.369121789932251,1217.6357421875,1.9310617446899414,1.583102822303772,2.514143705368042,4.175983428955078,3.9630677700042725,3.2250311374664307,2.940542697906494,0.01676356978714466,0.010660098865628242,-0.16141794621944427,-0.3401429355144501,-0.3273029923439026,-0.28758347034454346,17.038454055786133,2.8397421836853027,-0.2740108072757721,-0.0015149882528930902,-0.22819286584854126,3.037710189819336,6184383.0
101.0999984741211,43.449188232421875,0.11669539660215378,0.026207752525806427,889.8702392578125,2.5662448406219482,1183.31396484375,3.206195831298828,1097.4130859375,3.3328065872192383,1217.8271484375,1.896396517753601,1.5847599506378174,2.5151631832122803,4.1597747802734375,3.9291536808013916,3.192523956298828,2.911970615386963,0.016377640888094902,0.009733795188367367,-0.16275450587272644,-0.3381321132183075,-0.3228565454483032,-0.2838778793811798,16.874814987182617,2.812469244003296,-0.27118396759033203,-0.0015401269774883986,-0.2319793701171875,3.0397469997406006,6188529.5
101.19999694824219,43.46126174926758,0.12071486562490463,0.04019470140337944,890.125732421875,2.5432207584381104,1183.632568359375,3.1666438579559326,1097.7445068359375,3.296642303466797,1218.0150146484375,1.8621104955673218,1.586378574371338,2.5160908699035645,4.143434524536133,3.895441770553589,3.1604535579681396,2.8837549686431885,0.01599561609327793,0.008818826638162136,-0.16404449939727783,-0.33610543608665466,-0.31856536865234375,-0.28046315908432007,16.71270179748535,2.7854502201080322,-0.26878976821899414,-0.0015653397422283888,-0.23577699065208435,3.0417654514312744,6192639.0
101.30000305175781,43.47382736206055,0.12564998865127563,0.0493512861430645,890.37890625,2.5201566219329834,1183.947265625,3.1273303031921387,1098.0723876953125,3.2606308460235596,1218.1995849609375,1.8281488418579102,1.5879591703414917,2.516927480697632,4.126967430114746,3.8619327545166016,3.1288039684295654,2.855865478515625,0.015617053024470806,0.007914088666439056,-0.1652923971414566,-0.33407318592071533,-0.3144434094429016,-0.27734777331352234,16.551916122436523,2.758652687072754,-0.2666720747947693,-0.001590701169334352,-0.23959702253341675,3.0437657833099365,6196711.5
101.4000015258789,43.48695373535156,0.13128037750720978,0.05630386248230934,890.6297607421875,2.497061014175415,1184.258056640625,3.088245153427124,1098.396728515625,3.2247722148895264,1218.3807373046875,1.7944718599319458,1.5895020961761475,2.517673969268799,4.110377311706543,3.828627109527588,3.097557783126831,2.828273296356201,0.015241632238030434,0.007018775213509798,-0.16650156676769257,-0.33204254508018494,-0.31049612164497375,-0.27451586723327637,16.392318725585938,2.732053279876709,-0.264771044254303,-0.001616268535144627,-0.24344806373119354,3.045747756958008,6200746.5
101.5,43.50071334838867,0.13759543001651764,0.06315048038959503,890.8782958984375,2.4739418029785156,1184.56494140625,3.0493783950805664,1098.7174072265625,3.1890664100646973,1218.5584716796875,1.7610437870025635,1.5910075902938843,2.518331527709961,4.093668460845947,3.7955238819122314,3.066697359085083,2.800950765609741,0.014869065955281258,0.006132159847766161,-0.16767501831054688,-0.3300198018550873,-0.3067266047000885,-0.271949827671051,16.233781814575195,2.705630302429199,-0.26308000087738037,-0.0016420979518443346,-0.24733859300613403,3.0477116107940674,6204745.0
101.5999984741211,43.51512908935547,0.14414207637310028,0.06546656042337418,891.1245727539062,2.450806140899658,1184.867919921875,3.0107243061065674,1099.0345458984375,3.153513193130493,1218.73291015625,1.7278449535369873,1.5924760103225708,2.5189008712768555,4.076843738555908,3.762622594833374,3.036205291748047,2.7738733291625977,0.014499192126095295,0.005253826733678579,-0.16881459951400757,-0.3280082643032074,-0.30313000082969666,-0.2696126401424408,16.076231002807617,2.6793718338012695,-0.2614639401435852,-0.001668209908530116,-0.25127166509628296,3.0496573448181152,6208706.0
101.69999694824219,43.530174255371094,0.1504625827074051,0.0632050484418869,891.3684692382812,2.4276607036590576,1185.1671142578125,2.972283363342285,1099.3480224609375,3.1181118488311768,1218.904052734375,1.6948764324188232,1.5939075946807861,2.5193824768066406,4.059906959533691,3.729921817779541,3.0060648918151855,2.747020959854126,0.014132017269730568,0.004383772145956755,-0.16992062330245972,-0.3260073959827423,-0.2996915876865387,-0.2674451768398285,15.91967487335205,2.6532790660858154,-0.2598018944263458,-0.0016945882234722376,-0.2552448511123657,3.051584482192993,6212629.5
101.80000305175781,43.54582214355469,0.1564781665802002,0.06015578284859657,891.6100463867188,2.404512405395508,1185.46240234375,2.934058427810669,1099.6580810546875,3.082862615585327,1219.0718994140625,1.6621469259262085,1.5953024625778198,2.519777774810791,4.042860984802246,3.697420597076416,2.9762613773345947,2.720379114151001,0.013767609372735023,0.0035221478901803493,-0.17099285125732422,-0.32401520013809204,-0.296394020318985,-0.26539158821105957,15.764142990112305,2.627357244491577,-0.25808021426200867,-0.001721210777759552,-0.2592548429965973,3.0534934997558594,6216516.0
101.9000015258789,43.56205749511719,0.1623670756816864,0.05888906493782997,891.849365234375,2.3813672065734863,1185.75390625,2.896050453186035,1099.964599609375,3.0477657318115234,1219.2364501953125,1.6296608448028564,1.5966612100601196,2.520087242126465,4.025709629058838,3.6651182174682617,2.9467809200286865,2.693938732147217,0.013406001031398773,0.002669011941179633,-0.17203137278556824,-0.3220306932926178,-0.2932237386703491,-0.26341715455055237,15.609652519226074,2.6016087532043457,-0.25634706020355225,-0.0017480695387348533,-0.26330041885375977,3.0553841590881348,6220365.0
102.0,43.57888412475586,0.168247252702713,0.0588017962872982,892.0863647460938,2.3582305908203125,1186.0416259765625,2.858259439468384,1100.2677001953125,3.012821912765503,1219.3978271484375,1.5974167585372925,1.5979838371276855,2.5203120708465576,4.008455753326416,3.63301420211792,2.917611598968506,2.6676924228668213,0.013047179207205772,0.0018243148224428296,-0.17303666472434998,-0.3200538158416748,-0.2901708781719208,-0.2615039348602295,15.456199645996094,2.576033353805542,-0.25462818145751953,-0.0017751659033820033,-0.2673817574977875,3.0572566986083984,6224177.0
102.0999984741211,43.59627151489258,0.17387500405311584,0.056277479976415634,892.321044921875,2.3351080417633057,1186.3255615234375,2.8206872940063477,1100.5672607421875,2.978031635284424,1219.5560302734375,1.5654196739196777,1.5992707014083862,2.5204524993896484,3.991103410720825,3.601107358932495,2.888742446899414,2.6416356563568115,0.01269118394702673,0.0009881345322355628,-0.17400874197483063,-0.31808337569236755,-0.2872232496738434,-0.2596284747123718,15.303802490234375,2.5506339073181152,-0.25285542011260986,-0.001802481827326119,-0.2714961767196655,3.0591108798980713,6227952.0
102.19999694824219,43.61417770385742,0.17906425893306732,0.05189254879951477,892.5533447265625,2.312005043029785,1186.6058349609375,2.7833380699157715,1100.86328125,2.9433960914611816,1219.7109375,1.533683180809021,1.6005221605300903,2.520509958267212,3.9736554622650146,3.569397211074829,2.8601632118225098,2.6157660484313965,0.012338120490312576,0.0001607139129191637,-0.17494700849056244,-0.31611669063568115,-0.2843655049800873,-0.257760614156723,15.152512550354004,2.525418758392334,-0.25098633766174316,-0.001829984481446445,-0.27563872933387756,3.0609467029571533,6231689.5
102.30000305175781,43.632545471191406,0.18369051814079285,0.04626263305544853,892.783447265625,2.288926124572754,1186.88232421875,2.746217727661133,1101.1558837890625,2.908916711807251,1219.8626708984375,1.5022259950637817,1.601738452911377,2.5204849243164062,3.956115484237671,3.537883758544922,2.8318662643432617,2.5900840759277344,0.011988137848675251,-0.000657601049169898,-0.17585048079490662,-0.31415027379989624,-0.28158101439476013,-0.25586992502212524,15.002396583557129,2.500399589538574,-0.2489941567182541,-0.0018576314905658364,-0.27980300784111023,3.0627644062042236,6235390.0
102.4000015258789,43.65134048461914,0.1879286915063858,0.042381785809993744,893.0111694335938,2.265876054763794,1187.155029296875,2.7093312740325928,1101.445068359375,2.8745954036712646,1220.0113525390625,1.471062183380127,1.6029199361801147,2.520378828048706,3.9384868144989014,3.5065672397613525,2.803844690322876,2.5645930767059326,0.011641351506114006,-0.0014665491180494428,-0.17671853303909302,-0.31218141317367554,-0.2788565456867218,-0.25394001603126526,14.853509902954102,2.4755849838256836,-0.24692830443382263,-0.0018853943329304457,-0.2839847505092621,3.064563751220703,6239053.5
102.5,43.67051696777344,0.19178520143032074,0.03856503218412399,893.236572265625,2.2428596019744873,1187.4241943359375,2.672683000564575,1101.7308349609375,2.8404345512390137,1220.156982421875,1.4402037858963013,1.6040668487548828,2.5201921463012695,3.9207730293273926,3.475447654724121,2.776092767715454,2.539297342300415,0.011297856457531452,-0.0022659185342490673,-0.17755068838596344,-0.3102080225944519,-0.276181161403656,-0.251962274312973,14.70589542388916,2.4509825706481934,-0.24478819966316223,-0.0019132448360323906,-0.2881796658039093,3.066344976425171,6242680.0
102.5999984741211,43.69004821777344,0.19529932737350464,0.035141292959451675,893.459716796875,2.2198805809020996,1187.6895751953125,2.636277437210083,1102.01318359375,2.80643630027771,1220.2994384765625,1.4096609354019165,1.6051796674728394,2.519926071166992,3.9029781818389893,3.444525718688965,2.7486066818237305,2.514202356338501,0.010957734659314156,-0.003055525477975607,-0.17834658920764923,-0.3082282543182373,-0.2735455334186554,-0.2499321848154068,14.55959415435791,2.4265990257263184,-0.24258600175380707,-0.0019411579705774784,-0.2923840582370758,3.068108081817627,6246269.0
102.69999694824219,43.70988845825195,0.19840331375598907,0.031039873138070107,893.6805419921875,2.196943521499634,1187.951416015625,2.60011887550354,1102.2921142578125,2.7726035118103027,1220.4388427734375,1.3794450759887695,1.606258511543274,2.5195813179016113,3.8851051330566406,3.4138023853302,2.7213823795318604,2.4893128871917725,0.010621079243719578,-0.0038351635448634624,-0.17910578846931458,-0.30624011158943176,-0.2709404528141022,-0.2478446364402771,14.414648056030273,2.4024415016174316,-0.24030640721321106,-0.0019691037014126778,-0.2965933382511139,3.069852828979492,6249821.5
102.80000305175781,43.72998046875,0.20093032717704773,0.025270069018006325,893.8991088867188,2.1740520000457764,1188.2095947265625,2.564213514328003,1102.5677490234375,2.7389392852783203,1220.5753173828125,1.3495726585388184,1.6073039770126343,2.5191593170166016,3.8671584129333496,3.3832781314849854,2.694417715072632,2.4646358489990234,0.010288022458553314,-0.004604530520737171,-0.1798275113105774,-0.30424079298973083,-0.2683551013469696,-0.24568836390972137,14.271120071411133,2.3785200119018555,-0.2379133552312851,-0.0019970384892076254,-0.30080097913742065,3.071579694747925,6253337.0
102.9000015258789,43.75025177001953,0.20271754264831543,0.017872236669063568,894.1153564453125,2.151210308074951,1188.4642333984375,2.528569459915161,1102.8399658203125,2.705446720123291,1220.7088623046875,1.3200652599334717,1.6083163022994995,2.5186607837677,3.8491413593292236,3.352954864501953,2.667711019515991,2.440178632736206,0.009958739392459393,-0.005363218020647764,-0.18051056563854218,-0.30222657322883606,-0.2657768130302429,-0.24344663321971893,14.129091262817383,2.3548483848571777,-0.23537516593933105,-0.0020249057561159134,-0.3049984276294708,3.0732884407043457,6256816.0
103.0,43.7706298828125,0.20378445088863373,0.010668996721506119,894.329345703125,2.128422260284424,1188.71533203125,2.493194818496704,1103.1087646484375,2.6721293926239014,1220.83935546875,1.2909445762634277,1.6092958450317383,2.518087148666382,3.8310577869415283,3.32283353805542,2.6412625312805176,2.415950298309326,0.009633408859372139,-0.006110812537372112,-0.1811537742614746,-0.3001938462257385,-0.26319387555122375,-0.24110670387744904,13.988642692565918,2.3314404487609863,-0.23270420730113983,-0.002052650786936283,-0.3091774880886078,3.074979305267334,6260258.0
103.0999984741211,43.79104232788086,0.20411011576652527,0.0032566299196332693,894.5410766601562,2.105691432952881,1188.962890625,2.4580984115600586,1103.3743896484375,2.638991355895996,1220.967041015625,1.2622318267822266,1.6102430820465088,2.517439126968384,3.8129122257232666,3.292916774749756,2.6150729656219482,2.3919615745544434,0.009312202222645283,-0.006846913602203131,-0.18175601959228516,-0.29813918471336365,-0.26059576869010925,-0.23865973949432373,13.849855422973633,2.308309316635132,-0.22989949584007263,-0.0020802172366529703,-0.31332963705062866,3.0766518115997314,6263663.5
103.19999694824219,43.8114128112793,0.20370522141456604,-0.004048850852996111,894.75048828125,2.0830211639404297,1189.20703125,2.423288345336914,1103.6365966796875,2.6060373783111572,1221.091796875,1.2339472770690918,1.6111584901809692,2.5167181491851807,3.794708251953125,3.263206720352173,2.589144468307495,2.368222951889038,0.00899528618901968,-0.007571138441562653,-0.18231624364852905,-0.29605937004089355,-0.25797325372695923,-0.23610039055347443,13.712806701660156,2.2854678630828857,-0.22696883976459503,-0.002107549225911498,-0.3174465000629425,3.0783066749572754,6267032.5
103.30000305175781,43.8316764831543,0.20262043178081512,-0.010847999714314938,894.9577026367188,2.060415744781494,1189.4476318359375,2.388772487640381,1103.8956298828125,2.5732717514038086,1221.2138671875,1.206108808517456,1.6120423078536987,2.515925407409668,3.7764506340026855,3.23370623588562,2.5634796619415283,2.3447461128234863,0.008682808838784695,-0.00828314945101738,-0.18283358216285706,-0.29395174980163574,-0.25531893968582153,-0.2334280014038086,13.57756519317627,2.262927532196045,-0.22392824292182922,-0.002134595764800906,-0.3215203285217285,3.0799436569213867,6270365.0
103.4000015258789,43.85175704956055,0.2008397877216339,-0.017806407064199448,895.16259765625,2.0378782749176025,1189.684814453125,2.3545591831207275,1104.1512451171875,2.5406997203826904,1221.3331298828125,1.1787333488464355,1.6128952503204346,2.515062093734741,3.758143424987793,3.2044177055358887,2.5380821228027344,2.3215420246124268,0.008374911732971668,-0.008982624858617783,-0.18330718576908112,-0.29181382060050964,-0.2526264488697052,-0.23064327239990234,13.444197654724121,2.2406997680664062,-0.22077767550945282,-0.002161303535103798,-0.3255431652069092,3.0815627574920654,6273661.0
103.5,43.87160110473633,0.19842542707920074,-0.02414359711110592,895.365234375,2.0154125690460205,1189.91845703125,2.320655345916748,1104.4036865234375,2.5083260536193848,1221.4495849609375,1.1518357992172241,1.6137175559997559,2.514129400253296,3.739790916442871,3.175344705581665,2.512956142425537,2.298621892929077,0.008071716874837875,-0.009669288992881775,-0.18373645842075348,-0.28964361548423767,-0.24989093840122223,-0.22774995863437653,13.312762260437012,2.2187938690185547,-0.2175358533859253,-0.002187625039368868,-0.3295077979564667,3.0831639766693115,6276921.0
103.5999984741211,43.891151428222656,0.19548514485359192,-0.029402825981378555,895.565673828125,1.993022084236145,1190.14892578125,2.2870676517486572,1104.6529541015625,2.476156234741211,1221.5634765625,1.1254268884658813,1.6145098209381104,2.5131287574768066,3.721397876739502,3.1464903354644775,2.4881060123443604,2.275996446609497,0.00777331693097949,-0.010342944413423538,-0.1841210126876831,-0.28743991255760193,-0.24710996448993683,-0.22475697100162506,13.183302879333496,2.1972172260284424,-0.21422916650772095,-0.0022135209292173386,-0.33340832591056824,3.084747552871704,6280145.0
103.69999694824219,43.91035079956055,0.19199354946613312,-0.034915875643491745,895.7638549804688,1.9707103967666626,1190.3759765625,2.2538022994995117,1104.89892578125,2.44419527053833,1221.6746826171875,1.09951651096344,1.6152724027633667,2.512061357498169,3.7029685974121094,3.1178581714630127,2.463536024093628,2.2536747455596924,0.007479796186089516,-0.011003410443663597,-0.1844606101512909,-0.28520166873931885,-0.24428170919418335,-0.2216721624135971,13.05586051940918,2.1759767532348633,-0.21085363626480103,-0.0022389499936252832,-0.3372385501861572,3.086313486099243,6283333.0
103.80000305175781,43.92916488647461,0.18814851343631744,-0.03845034912228584,895.9598388671875,1.9484810829162598,1190.5997314453125,2.2208640575408936,1105.141845703125,2.4124484062194824,1221.7833251953125,1.0741093158721924,1.6160058975219727,2.5109286308288574,3.684507369995117,3.089451313018799,2.43925142288208,2.2316653728485107,0.007191196549683809,-0.011650609783828259,-0.18475531041622162,-0.28292885422706604,-0.24140702188014984,-0.21850936114788055,12.93045711517334,2.155076026916504,-0.20745563507080078,-0.0022638868540525436,-0.34099459648132324,3.0878617763519287,6286485.0
103.9000015258789,43.94756317138672,0.18397735059261322,-0.0417117141187191,896.153564453125,1.926337718963623,1190.820068359375,2.1882567405700684,1105.3814697265625,2.380920648574829,1221.8895263671875,1.049207091331482,1.6167107820510864,2.5097317695617676,3.6660192012786865,3.0612738132476807,2.4152567386627197,2.2099757194519043,0.006907538045197725,-0.012284521944820881,-0.18500542640686035,-0.28062185645103455,-0.2384880632162094,-0.21528305113315582,12.807104110717773,2.134517192840576,-0.20403937995433807,-0.0022883079946041107,-0.3446730077266693,3.0893924236297607,6289601.5
104.0,43.96552658081055,0.17963548004627228,-0.04341872036457062,896.3450927734375,1.904283881187439,1191.037353515625,2.1559832096099854,1105.6180419921875,2.3496170043945312,1221.9932861328125,1.0248078107833862,1.6173876523971558,2.508472204208374,3.647508144378662,3.0333282947540283,2.3915555477142334,2.1886110305786133,0.006628807634115219,-0.012905207462608814,-0.18521158397197723,-0.27828189730644226,-0.23552891612052917,-0.2120104730129242,12.685798645019531,2.114299774169922,-0.20063921809196472,-0.0023122027050703764,-0.3482721447944641,3.0909059047698975,6292682.5
104.0999984741211,43.9830322265625,0.17506463825702667,-0.04570835828781128,896.534423828125,1.8823227882385254,1191.2513427734375,2.1240456104278564,1105.8514404296875,2.318542242050171,1222.094482421875,1.0009088516235352,1.6180367469787598,2.5071513652801514,3.628978729248047,3.0056185722351074,2.368152379989624,2.1675755977630615,0.006354989018291235,-0.013512730598449707,-0.18537434935569763,-0.2759101092815399,-0.23253335058689117,-0.20870472490787506,12.566536903381348,2.0944228172302246,-0.19724147021770477,-0.002335555385798216,-0.35178959369659424,3.0924017429351807,6295728.0
104.19999694824219,44.00007247924805,0.17040488123893738,-0.04659758880734444,896.7215576171875,1.860458254814148,1191.462158203125,2.0924458503723145,1106.0816650390625,2.2877004146575928,1222.1934814453125,0.977505087852478,1.6186587810516357,2.505770206451416,3.6104350090026855,2.9781477451324463,2.34505033493042,2.146871328353882,0.006086044013500214,-0.014107213355600834,-0.1854945570230484,-0.273508220911026,-0.22950632870197296,-0.20538009703159332,12.44930362701416,2.0748839378356934,-0.19387738406658173,-0.0023583616130053997,-0.35522475838661194,3.0938804149627686,6298738.5
104.30000305175781,44.016658782958984,0.1658548265695572,-0.04550054669380188,896.906494140625,1.8386934995651245,1191.6697998046875,2.061183452606201,1106.3089599609375,2.2570958137512207,1222.2900390625,0.9545852541923523,1.619254231452942,2.5043303966522217,3.591881275177002,2.950918197631836,2.3222522735595703,2.126499891281128,0.0058218869380652905,-0.014688894152641296,-0.18557342886924744,-0.271078884601593,-0.22645527124404907,-0.20205633342266083,12.334064483642578,2.0556774139404297,-0.1905847191810608,-0.002380632795393467,-0.3585793077945709,3.095341682434082,6301713.5
104.4000015258789,44.03280258178711,0.1614309847354889,-0.04423846676945686,897.0892944335938,1.817031979560852,1191.8743896484375,2.030257225036621,1106.5330810546875,2.2267322540283203,1222.3843994140625,0.9321365356445312,1.6198233366012573,2.5028328895568848,3.57332181930542,2.9239327907562256,2.299760103225708,2.106459856033325,0.005562415812164545,-0.015258046798408031,-0.18561232089996338,-0.26862502098083496,-0.2233879566192627,-0.19875086843967438,12.220776557922363,2.0367960929870605,-0.18736304342746735,-0.002402381505817175,-0.3618551790714264,3.0967860221862793,6304653.5
104.5,44.04852294921875,0.15722136199474335,-0.04209623858332634,897.2699584960938,1.795477032661438,1192.075927734375,1.999665379524231,1106.7542724609375,2.196612596511841,1222.4764404296875,0.9101442098617554,1.6203668117523193,2.50127911567688,3.554760456085205,2.8971941471099854,2.2775750160217285,2.0867488384246826,0.0053075142204761505,-0.01581498235464096,-0.18561269342899323,-0.2661498785018921,-0.22031241655349731,-0.19547979533672333,12.109389305114746,2.0182313919067383,-0.18422922492027283,-0.002423627534881234,-0.3650553524494171,3.0982131958007812,6307559.0
104.5999984741211,44.06382369995117,0.1530177891254425,-0.04203566908836365,897.4484252929688,1.7740317583084106,1192.2744140625,1.9694069623947144,1106.972412109375,2.1667401790618896,1222.56640625,0.8885977268218994,1.6208850145339966,2.4996705055236816,3.536200761795044,2.87070369720459,2.2556979656219482,2.0673627853393555,0.005057099275290966,-0.016359930858016014,-0.1855757236480713,-0.26365575194358826,-0.2172340601682663,-0.19224882125854492,11.99986743927002,1.999977946281433,-0.18114012479782104,-0.0024443739093840122,-0.3681802451610565,3.099623203277588,6310430.0
104.69999694824219,44.0787239074707,0.14899322390556335,-0.04024560749530792,897.624755859375,1.7526994943618774,1192.4698486328125,1.9394804239273071,1107.1876220703125,2.1371171474456787,1222.6541748046875,0.8674845695495605,1.6213784217834473,2.4980077743530273,3.5176467895507812,2.844463586807251,2.23412823677063,2.04829740524292,0.0048110708594322205,-0.016893159598112106,-0.18550269305706024,-0.26114535331726074,-0.214158833026886,-0.1890656054019928,11.892170906066895,1.9820284843444824,-0.17813263833522797,-0.002464637393131852,-0.37123239040374756,3.1010165214538574,6313266.5
104.80000305175781,44.09326171875,0.1453932523727417,-0.035999733954668045,897.7989501953125,1.7314831018447876,1192.6622314453125,1.909881830215454,1107.39990234375,2.107745885848999,1222.739990234375,0.8467856049537659,1.62184739112854,2.4962921142578125,3.4991016387939453,2.8184752464294434,2.2128658294677734,2.0295474529266357,0.004569275304675102,-0.01741507276892662,-0.18539535999298096,-0.25862249732017517,-0.21109557151794434,-0.1859460473060608,11.78623104095459,1.9643718004226685,-0.17524898052215576,-0.0024844545405358076,-0.37421730160713196,3.1023929119110107,6316069.0
104.9000015258789,44.107505798339844,0.14242033660411835,-0.029729198664426804,897.9710693359375,1.7103856801986694,1192.851806640625,1.8806053400039673,1107.6092529296875,2.078627824783325,1222.8236083984375,0.8264759182929993,1.6222925186157227,2.494525194168091,3.4805688858032227,2.7927393913269043,2.191908359527588,2.0111052989959717,0.004331510979682207,-0.017926186323165894,-0.18525592982769012,-0.2560918927192688,-0.20805522799491882,-0.18291082978248596,11.681961059570312,1.9469934701919556,-0.1725214123725891,-0.002503877505660057,-0.37714284658432007,3.103752851486206,6318837.0
105.0,44.12150573730469,0.13998518884181976,-0.024351520463824272,898.1410522460938,1.6894099712371826,1193.0384521484375,1.8516448736190796,1107.815673828125,2.0497641563415527,1222.9052734375,0.8065318465232849,1.6227139234542847,2.4927074909210205,3.4620516300201416,2.76725697517395,2.1712534427642822,1.9929615259170532,0.004097586032003164,-0.018426991999149323,-0.1850864291191101,-0.253557950258255,-0.2050473839044571,-0.17997388541698456,11.579275131225586,1.9298793077468872,-0.16992752254009247,-0.002522951690480113,-0.38001590967178345,3.105095863342285,6321571.5
105.0999984741211,44.13529586791992,0.13793303072452545,-0.020521584898233414,898.3088989257812,1.6685588359832764,1193.22216796875,1.8229955434799194,1108.0191650390625,2.021155595779419,1222.98486328125,0.7869341373443604,1.6231120824813843,2.490840196609497,3.4435527324676514,2.742027759552002,2.15089750289917,1.9751065969467163,0.0038673430681228638,-0.01891789771616459,-0.18488861620426178,-0.2510242164134979,-0.20207862555980682,-0.17713889479637146,11.478107452392578,1.9130178689956665,-0.16743826866149902,-0.0025417101569473743,-0.3828413486480713,3.1064224243164062,6324272.5
105.19999694824219,44.14891052246094,0.1361229121685028,-0.018101083114743233,898.4747314453125,1.6478345394134521,1193.4029541015625,1.7946535348892212,1108.2198486328125,1.9928022623062134,1223.0626220703125,0.7676682472229004,1.6234874725341797,2.488924264907837,3.425075054168701,2.7170519828796387,2.130836009979248,1.9575300216674805,0.00364066194742918,-0.019399218261241913,-0.18466386198997498,-0.2484932243824005,-0.1991528570652008,-0.17440210282802582,11.37840461730957,1.8964006900787354,-0.16502830386161804,-0.0025601740926504135,-0.38562247157096863,3.1077325344085693,6326939.5
105.30000305175781,44.1623649597168,0.1345595121383667,-0.015634015202522278,898.6384887695312,1.62723970413208,1193.5810546875,1.7666149139404297,1108.417724609375,1.9647040367126465,1223.138427734375,0.748720645904541,1.6238404512405396,2.4869606494903564,3.406620979309082,2.692328929901123,2.111065149307251,1.9402225017547607,0.0034174302127212286,-0.019871249794960022,-0.18441346287727356,-0.245967298746109,-0.19627313315868378,-0.17175908386707306,11.28011703491211,1.8800195455551147,-0.16269893944263458,-0.0025783656165003777,-0.3883625268936157,3.1090264320373535,6329573.5
105.4000015258789,44.175689697265625,0.13322848081588745,-0.013310393318533897,898.8001708984375,1.6067763566970825,1193.75634765625,1.7388759851455688,1108.61279296875,1.9368609189987183,1223.21240234375,0.730078399181366,1.6241711378097534,2.484950304031372,3.388193368911743,2.667858362197876,2.0915796756744385,1.9231748580932617,0.0031975400634109974,-0.02033427357673645,-0.18413864076137543,-0.2434486299753189,-0.19344200193881989,-0.16920579969882965,11.18320083618164,1.8638668060302734,-0.16044557094573975,-0.0025963052175939083,-0.39106467366218567,3.110304117202759,6332175.0
105.5,44.18891143798828,0.13222163915634155,-0.010068325325846672,898.9598388671875,1.5864468812942505,1193.9288330078125,1.7114323377609253,1108.80517578125,1.9092721939086914,1223.2845458984375,0.7117271423339844,1.6244800090789795,2.4828941822052,3.3697941303253174,2.643638849258423,2.0723745822906494,1.906377911567688,0.0029808715917170048,-0.020788604393601418,-0.18384075164794922,-0.24093955755233765,-0.19066259264945984,-0.1667415052652359,11.087601661682129,1.8479336500167847,-0.15828309953212738,-0.002614020835608244,-0.39373302459716797,3.111565589904785,6334743.0
105.5999984741211,44.20208740234375,0.13177655637264252,-0.004450934007763863,899.1174926757812,1.5662530660629272,1194.0986328125,1.6842777729034424,1108.99462890625,1.8819372653961182,1223.354736328125,0.6936475038528442,1.6247674226760864,2.480792999267578,3.351426124572754,2.6196699142456055,2.0534448623657227,1.8898227214813232,0.002767263213172555,-0.021234655752778053,-0.18352147936820984,-0.2384433150291443,-0.18794028460979462,-0.1643735021352768,10.993250846862793,1.8322083950042725,-0.1562497764825821,-0.002631559269502759,-0.39637473225593567,3.1128110885620117,6337278.5
105.69999694824219,44.215309143066406,0.1322055459022522,0.004290034994482994,899.2731323242188,1.5461968183517456,1194.2657470703125,1.6574037075042725,1109.1815185546875,1.8548548221588135,1223.4232177734375,0.6758126616477966,1.6250336170196533,2.478647470474243,3.3330907821655273,2.595949649810791,2.0347838401794434,1.8734986782073975,0.002556493738666177,-0.021672984585165977,-0.18318304419517517,-0.23596440255641937,-0.18528372049331665,-0.16211853921413422,10.900049209594727,1.816674828529358,-0.15439367294311523,-0.0026489924639463425,-0.3990006148815155,3.1140406131744385,6339782.0
105.80000305175781,44.22865676879883,0.13349118828773499,0.01285630464553833,899.4267578125,1.5262796878814697,1194.43017578125,1.6308008432388306,1109.36572265625,1.8280233144760132,1223.489990234375,0.6581948399543762,1.6252788305282593,2.4764585494995117,3.3147900104522705,2.5724761486053467,2.016385078430176,1.8573938608169556,0.0023483328986912966,-0.02210417576134205,-0.18282769620418549,-0.23350735008716583,-0.18270137906074524,-0.15999063849449158,10.807894706726074,1.8013157844543457,-0.15270382165908813,-0.0026663909666240215,-0.4016212224960327,3.1152544021606445,6342253.0
105.9000015258789,44.24220275878906,0.1354362666606903,0.0194508358836174,899.578369140625,1.5065032243728638,1194.5919189453125,1.6044610738754272,1109.547119140625,1.8014403581619263,1223.554931640625,0.6407712697982788,1.6255033016204834,2.474226951599121,3.296525716781616,2.5492470264434814,1.9982404708862305,1.841495156288147,0.002142589306458831,-0.02252870984375477,-0.1824573427438736,-0.231075718998909,-0.18019866943359375,-0.15799322724342346,10.716703414916992,1.7861171960830688,-0.1511441469192505,-0.0026838090270757675,-0.4042447805404663,3.116452693939209,6344692.5
106.0,44.256004333496094,0.1380336582660675,0.025973957031965256,899.72802734375,1.4868686199188232,1194.7509765625,1.5783765316009521,1109.7259521484375,1.7751034498214722,1223.6180419921875,0.6235209703445435,1.6257073879241943,2.4719531536102295,3.27829909324646,2.5262598991394043,1.980341911315918,1.8257896900177002,0.0019390868255868554,-0.022947033867239952,-0.18207372725009918,-0.22867260873317719,-0.17777970433235168,-0.15612611174583435,10.626397132873535,1.7710663080215454,-0.1497136652469635,-0.002701300662010908,-0.4068794250488281,3.1176352500915527,6347100.0
106.0999984741211,44.270145416259766,0.14140237867832184,0.033687200397253036,899.875732421875,1.467376947402954,1194.9075927734375,1.5525383949279785,1109.9022216796875,1.7490097284317017,1223.6795654296875,0.6064212918281555,1.6258912086486816,2.469637632369995,3.2601113319396973,2.5035111904144287,1.9626809358596802,1.8102643489837646,0.0017376340692862868,-0.02335963025689125,-0.18167869746685028,-0.2263013869524002,-0.17544914782047272,-0.1543920338153839,10.53689193725586,1.7561486959457397,-0.1484290510416031,-0.0027189289685338736,-0.4095346927642822,3.118802309036255,6349476.0
106.19999694824219,44.2846794128418,0.14533138275146484,0.03928994759917259,900.0215454101562,1.4480293989181519,1195.0615234375,1.5269389152526855,1110.0758056640625,1.7231560945510864,1223.7393798828125,0.5894535779953003,1.6260550022125244,2.4672813415527344,3.2419636249542236,2.4809980392456055,1.9452484846115112,1.7949059009552002,0.0015380711993202567,-0.023766903206706047,-0.18127381801605225,-0.2239646315574646,-0.17320941388607025,-0.15278711915016174,10.448116302490234,1.7413526773452759,-0.1472501903772354,-0.0027367407456040382,-0.41221755743026733,3.1199541091918945,6351821.0
106.30000305175781,44.29962158203125,0.14943836629390717,0.04106989502906799,900.1653442382812,1.4288263320922852,1195.2130126953125,1.501572847366333,1110.246826171875,1.69753897190094,1223.7974853515625,0.572608232498169,1.6261988878250122,2.4648845195770264,3.2238569259643555,2.458716869354248,1.9280354976654053,1.7797021865844727,0.001340312184765935,-0.0241690743714571,-0.18085993826389313,-0.22166316211223602,-0.17105816304683685,-0.15129463374614716,10.36003303527832,1.7266720533370972,-0.14611516892910004,-0.0027547513600438833,-0.4149303734302521,3.1210906505584717,6354134.5
106.4000015258789,44.314937591552734,0.15316565334796906,0.03727293387055397,900.3073120117188,1.4097687005996704,1195.36181640625,1.4764387607574463,1110.415283203125,1.6721553802490234,1223.8538818359375,0.5558890104293823,1.6263231039047241,2.4624476432800293,3.205792188644409,2.43666410446167,1.9110335111618042,1.7646434307098389,0.001144376932643354,-0.024566104635596275,-0.18043696880340576,-0.2193954437971115,-0.16898679733276367,-0.14988219738006592,10.272651672363281,1.7121084928512573,-0.14493729174137115,-0.002772931708022952,-0.41766873002052307,3.1222119331359863,6356417.5
106.5,44.33060073852539,0.15660712122917175,0.034414585679769516,900.4473266601562,1.3908566236495972,1195.50830078125,1.451535701751709,1110.581298828125,1.6470023393630981,1223.90869140625,0.5393010377883911,1.6264278888702393,2.4599714279174805,3.187769889831543,2.4148366451263428,1.8942352533340454,1.7497233152389526,0.0009502986795268953,-0.024957925081253052,-0.18000471591949463,-0.21715964376926422,-0.16698667407035828,-0.14852330088615417,10.185988426208496,1.6976646184921265,-0.14373907446861267,-0.002791259903460741,-0.42042943835258484,3.1233184337615967,6358670.0
106.5999984741211,44.346595764160156,0.1599651426076889,0.033580224961042404,900.58544921875,1.3720905780792236,1195.6522216796875,1.4268615245819092,1110.7447509765625,1.6220771074295044,1223.9617919921875,0.5228450894355774,1.6265132427215576,2.457456350326538,3.1697914600372314,2.39323091506958,1.8776335716247559,1.7349369525909424,0.0007580741657875478,-0.02534455433487892,-0.17956328392028809,-0.21495485305786133,-0.16505199670791626,-0.14720484614372253,10.100042343139648,1.6833404302597046,-0.1425497978925705,-0.002809731289744377,-0.42321163415908813,3.1244099140167236,6360892.5
106.69999694824219,44.3629264831543,0.1633162796497345,0.033511437475681305,900.7217407226562,1.3534705638885498,1195.793701171875,1.4024137258529663,1110.9056396484375,1.597377061843872,1224.01318359375,0.5065194368362427,1.6265795230865479,2.4549028873443604,3.151857614517212,2.3718442916870117,1.861222267150879,1.7202807664871216,0.000567680923268199,-0.025726059451699257,-0.17911297082901,-0.21278057992458344,-0.1631786972284317,-0.1459205448627472,10.014805793762207,1.6691343784332275,-0.14137786626815796,-0.0028283458668738604,-0.4260154366493225,3.1254866123199463,6363084.5
106.80000305175781,44.379608154296875,0.16678987443447113,0.03473593294620514,900.856201171875,1.3349968194961548,1195.9327392578125,1.3781886100769043,1111.064208984375,1.5728996992111206,1224.0631103515625,0.49031975865364075,1.6266268491744995,2.4523112773895264,3.133969306945801,2.3506736755371094,1.844995379447937,1.7057511806488037,0.00037907579098828137,-0.026102552190423012,-0.1786542385816574,-0.21063683927059174,-0.16136425733566284,-0.1446695327758789,9.93026065826416,1.655043363571167,-0.14024172723293304,-0.0028471152763813734,-0.42884254455566406,3.1265487670898438,6365247.0
106.9000015258789,44.39663314819336,0.17025600373744965,0.0346611924469471,900.98876953125,1.3166691064834595,1196.0693359375,1.354183316230774,1111.22021484375,1.5486425161361694,1224.111328125,0.4742435812950134,1.6266554594039917,2.4496824741363525,3.1161270141601562,2.3297157287597656,1.8289471864700317,1.6913453340530396,0.00019223001436330378,-0.0264741200953722,-0.17818744480609894,-0.20852330327033997,-0.159605473279953,-0.14344841241836548,9.846392631530762,1.6410654783248901,-0.13911855220794678,-0.0028660399839282036,-0.43169307708740234,3.127596378326416,6367379.5
107.0,44.41399383544922,0.1736156940460205,0.03359704092144966,901.1195068359375,1.2984874248504639,1196.2034912109375,1.3303955793380737,1111.3739013671875,1.524603009223938,1224.157958984375,0.45829111337661743,1.6266653537750244,2.447016716003418,3.098332166671753,2.3089678287506104,1.8130722045898438,1.6770603656768799,7.136486601666547e-06,-0.026840785518288612,-0.17771270871162415,-0.20643916726112366,-0.15789811313152313,-0.14225056767463684,9.763202667236328,1.6272003650665283,-0.13799475133419037,-0.0028851130045950413,-0.4345659017562866,3.128629446029663,6369483.0
107.0999984741211,44.43167495727539,0.17680712044239044,0.03191426768898964,901.2484741210938,1.2804515361785889,1196.3353271484375,1.3068238496780396,1111.525146484375,1.5007789134979248,1224.2030029296875,0.44246408343315125,1.6266568899154663,2.444314479827881,3.080584764480591,2.2884268760681152,1.797365665435791,1.662894368171692,-0.00017619848949834704,-0.02720254845917225,-0.17723006010055542,-0.20438337326049805,-0.15623745322227478,-0.14106857776641846,9.680691719055176,1.6134486198425293,-0.13686183094978333,-0.002904321998357773,-0.43745923042297363,3.129648208618164,6371557.0
107.19999694824219,44.44965362548828,0.17978772521018982,0.02980590984225273,901.3756103515625,1.2625610828399658,1196.46484375,1.2834669351577759,1111.674072265625,1.4771679639816284,1224.2464599609375,0.42676541209220886,1.626630187034607,2.4415764808654785,3.0628862380981445,2.268090009689331,1.7818230390548706,1.64884614944458,-0.00035775985452346504,-0.027559377253055573,-0.1767394244670868,-0.20235468447208405,-0.15461863577365875,-0.1398952454328537,9.598870277404785,1.5998116731643677,-0.1357140690088272,-0.0029236511327326298,-0.4403706192970276,3.130652904510498,6373602.5
107.30000305175781,44.46787643432617,0.1822364628314972,0.024487514048814774,901.5009765625,1.2448158264160156,1196.592041015625,1.260325312614441,1111.8206787109375,1.453768253326416,1224.288330078125,0.41120368242263794,1.6265854835510254,2.438802719116211,3.0452373027801514,2.247954845428467,1.766440510749817,1.6349153518676758,-0.0005374861648306251,-0.02791113406419754,-0.17624033987522125,-0.20035086572170258,-0.15303431451320648,-0.13871635496616364,9.517765045166016,1.586294174194336,-0.13450448215007782,-0.002943058731034398,-0.44329389929771423,3.131643533706665,6375619.0
107.4000015258789,44.48628234863281,0.1840377300977707,0.018012626096606255,901.6245727539062,1.2272151708602905,1196.7169189453125,1.237400770187378,1111.96484375,1.4305779933929443,1224.3287353515625,0.39579105377197266,1.6265227794647217,2.4359943866729736,3.0276386737823486,2.2280189990997314,1.7512151002883911,1.6211035251617432,-0.0007152867037802935,-0.02825760655105114,-0.17573204636573792,-0.1983690708875656,-0.15147599577903748,-0.13751588761806488,9.437418937683105,1.5729031562805176,-0.13322150707244873,-0.0029624945018440485,-0.44622138142585754,3.132620096206665,6377607.0
107.5,44.50480270385742,0.18520668148994446,0.011689514853060246,901.7463989257812,1.2097587585449219,1196.839599609375,1.2146953344345093,1112.1068115234375,1.4075958728790283,1224.3675537109375,0.3805396258831024,1.6264424324035645,2.4331514835357666,3.0100913047790527,2.208280324935913,1.7361445426940918,1.6074135303497314,-0.0008910705801099539,-0.028598584234714508,-0.17521384358406067,-0.19640657305717468,-0.14993587136268616,-0.13628177344799042,9.357873916625977,1.5596455335617065,-0.13186970353126526,-0.0029819083865731955,-0.4491455852985382,3.133582830429077,6379567.0
107.5999984741211,44.523399353027344,0.18598365783691406,0.007769681978970766,901.8665161132812,1.1924461126327515,1196.9599609375,1.1922099590301514,1112.246337890625,1.384820818901062,1224.40478515625,0.36545705795288086,1.6263446807861328,2.4302749633789062,2.992596387863159,2.188736915588379,1.7212274074554443,1.5938485860824585,-0.001064782147295773,-0.028933940455317497,-0.1746852993965149,-0.19446149468421936,-0.14840887486934662,-0.13501159846782684,9.279155731201172,1.5465259552001953,-0.13048455119132996,-0.0030012703500688076,-0.4520619213581085,3.1345317363739014,6381499.0
107.69999694824219,44.54202651977539,0.18626661598682404,0.0028296695090830326,901.9849243164062,1.175276756286621,1197.0780029296875,1.1699457168579102,1112.3837890625,1.362251877784729,1224.4405517578125,0.3505513072013855,1.6262296438217163,2.4273650646209717,2.9751546382904053,2.1693873405456543,1.7064625024795532,1.5804126262664795,-0.0012363637797534466,-0.02926354482769966,-0.17414599657058716,-0.19253195822238922,-0.14689025282859802,-0.13370302319526672,9.201292037963867,1.5335487127304077,-0.1290491223335266,-0.0030205417424440384,-0.45496466755867004,3.135467290878296,6383403.5
107.80000305175781,44.56064987182617,0.1862306296825409,-0.00035996330552734435,902.1016235351562,1.1582502126693726,1197.1939697265625,1.1479029655456543,1112.518798828125,1.3398882150650024,1224.474853515625,0.3358277380466461,1.6260974407196045,2.4244225025177,2.9577674865722656,2.1502299308776855,1.6918491125106812,1.56710946559906,-0.0014057772932574153,-0.029587317258119583,-0.17359571158885956,-0.19061656296253204,-0.14537683129310608,-0.13235801458358765,9.124300956726074,1.520716905593872,-0.12759102880954742,-0.003039698349311948,-0.4578500986099243,3.1363890171051025,6385280.5
107.9000015258789,44.57925033569336,0.186025470495224,-0.0020515485666692257,902.216552734375,1.1413661241531372,1197.3076171875,1.1260814666748047,1112.6517333984375,1.3177292346954346,1224.5078125,0.32128819823265076,1.6259485483169556,2.42144775390625,2.9404358863830566,2.131263494491577,1.6773868799209595,1.553942322731018,-0.0015730132581666112,-0.029905246570706367,-0.1730344593524933,-0.1887146532535553,-0.14386743307113647,-0.1309834122657776,9.048189163208008,1.5080314874649048,-0.12612943351268768,-0.0030587275978177786,-0.4607163369655609,3.1372976303100586,6387130.0
108.0,44.59782409667969,0.18571439385414124,-0.0031106704846024513,902.3298950195312,1.1246236562728882,1197.419189453125,1.1044801473617554,1112.7823486328125,1.295774221420288,1224.5391845703125,0.3069326877593994,1.6257829666137695,2.4184415340423584,2.923161029815674,2.1124866008758545,1.6630754470825195,1.540913701057434,-0.0017380770295858383,-0.030217356979846954,-0.1724623739719391,-0.18682584166526794,-0.14236187934875488,-0.1295870542526245,8.972953796386719,1.4954923391342163,-0.12467185407876968,-0.003077622503042221,-0.46356233954429626,3.138192653656006,6388952.5
108.0999984741211,44.61634826660156,0.185261070728302,-0.004533372353762388,902.4415283203125,1.108022689819336,1197.528564453125,1.08309805393219,1112.910888671875,1.2740224599838257,1224.5692138671875,0.2927614450454712,1.625601053237915,2.4154045581817627,2.9059438705444336,2.093897819519043,1.6489144563674927,1.528025507926941,-0.0019009718671441078,-0.030523668974637985,-0.1718796193599701,-0.18494978547096252,-0.14085988700389862,-0.12817439436912537,8.898595809936523,1.483099341392517,-0.12321309000253677,-0.003096372587606311,-0.4663865566253662,3.1390748023986816,6390748.0
108.19999694824219,44.63483810424805,0.18487782776355743,-0.003832356771454215,902.551513671875,1.0915626287460327,1197.6357421875,1.0619336366653442,1113.0372314453125,1.25247323513031,1224.5977783203125,0.27877146005630493,1.6254029273986816,2.412337064743042,2.8887856006622314,2.075496196746826,1.6349033117294312,1.5152790546417236,-0.002061727223917842,-0.030824266374111176,-0.17128653824329376,-0.18308664858341217,-0.13936279714107513,-0.1267545223236084,8.825103759765625,1.4708505868911743,-0.12178288400173187,-0.003114985069260001,-0.4691900610923767,3.1399435997009277,6392517.0
108.30000305175781,44.65330123901367,0.18463782966136932,-0.0024000105913728476,902.6598510742188,1.0752428770065308,1197.740966796875,1.0409842729568481,1113.161376953125,1.2311257123947144,1224.6248779296875,0.2649575173854828,1.6251887083053589,2.4092397689819336,2.8716869354248047,2.0572800636291504,1.6210415363311768,1.5026745796203613,-0.0022203903645277023,-0.031119277700781822,-0.17068366706371307,-0.1812370866537094,-0.13787290453910828,-0.12533755600452423,8.752456665039062,1.4587427377700806,-0.12038814276456833,-0.003133472753688693,-0.4719747304916382,3.1407997608184814,6394260.0
108.4000015258789,44.67176055908203,0.18457584083080292,-0.0006197943002916873,902.7665405273438,1.0590630769729614,1197.843994140625,1.0202471017837524,1113.283447265625,1.2099788188934326,1224.6507568359375,0.25131359696388245,1.624958872795105,2.406113386154175,2.854649066925049,2.03924822807312,1.6073284149169922,1.4902111291885376,-0.0023770148400217295,-0.03140884265303612,-0.1700715869665146,-0.17940181493759155,-0.1363927572965622,-0.12393227964639664,8.680630683898926,1.4467718601226807,-0.1190325990319252,-0.0031518512405455112,-0.47474294900894165,3.1416428089141846,6395976.5
108.5,44.6901969909668,0.1843702495098114,-0.0020559621043503284,902.8716430664062,1.0430227518081665,1197.9449462890625,0.9997209310531616,1113.4034423828125,1.1890316009521484,1224.6751708984375,0.23783864080905914,1.62471342086792,2.402958393096924,2.8376729488372803,2.0213990211486816,1.5937626361846924,1.477887749671936,-0.00253161508589983,-0.03169301152229309,-0.16945049166679382,-0.17758065462112427,-0.13492225110530853,-0.12253780663013458,8.609622955322266,1.4349372386932373,-0.11767327040433884,-0.0031701100524514914,-0.47749316692352295,3.1424732208251953,6397667.0
108.5999984741211,44.70858383178711,0.18387053906917572,-0.004997165407985449,902.9751586914062,1.0271211862564087,1198.0439453125,0.979405403137207,1113.521240234375,1.1682829856872559,1224.6983642578125,0.22453534603118896,1.6244525909423828,2.3997750282287598,2.8207595348358154,2.0037314891815186,1.5803436040878296,1.4657034873962402,-0.002684174571186304,-0.031971752643585205,-0.1688203364610672,-0.1757727712392807,-0.1334594041109085,-0.12114779651165009,8.539441108703613,1.4232401847839355,-0.11629491299390793,-0.003188226604834199,-0.4802219569683075,3.1432912349700928,6399332.0
108.69999694824219,44.72692108154297,0.18337562680244446,-0.004949058871716261,903.0770874023438,1.0113581418991089,1198.140869140625,0.9592992663383484,1113.6370849609375,1.1477320194244385,1224.7200927734375,0.21140243113040924,1.6241766214370728,2.396564245223999,2.8039093017578125,1.9862439632415771,1.567070484161377,1.4536579847335815,-0.0028347084298729897,-0.03224511444568634,-0.16818132996559143,-0.1739780455827713,-0.13200441002845764,-0.11976366490125656,8.470078468322754,1.411679744720459,-0.11493794620037079,-0.0032062027603387833,-0.4829295873641968,3.1440963745117188,6400971.5
108.80000305175781,44.745208740234375,0.1828969120979309,-0.004787127021700144,903.1774291992188,0.995732843875885,1198.23583984375,0.9394006133079529,1113.7508544921875,1.1273776292800903,1224.7406005859375,0.19843697547912598,1.6238857507705688,2.3933262825012207,2.787123441696167,1.9689353704452515,1.5539424419403076,1.441750407218933,-0.002983245998620987,-0.03251317888498306,-0.16753381490707397,-0.1721966713666916,-0.13055819272994995,-0.11838880181312561,8.401524543762207,1.4002541303634644,-0.1135997548699379,-0.003224040847271681,-0.48561641573905945,3.1448893547058105,6402586.0
108.9000015258789,44.7634391784668,0.18230940401554108,-0.005875160917639732,903.2762451171875,0.9802448749542236,1198.3287353515625,0.9197081923484802,1113.862548828125,1.107218861579895,1224.759765625,0.18563802540302277,1.6235800981521606,2.390061616897583,2.7704029083251953,1.9518041610717773,1.5409585237503052,1.429979920387268,-0.0031297998502850533,-0.032775990664958954,-0.16687799990177155,-0.17042846977710724,-0.12912067770957947,-0.11702277511358261,8.33377456665039,1.3889623880386353,-0.11226469278335571,-0.003241733182221651,-0.4882813096046448,3.145669937133789,6404175.0
109.0,44.78162384033203,0.1818256676197052,-0.004837257321923971,903.3734741210938,0.9648936986923218,1198.4197998046875,0.9002199769020081,1113.9722900390625,1.0872546434402466,1224.7777099609375,0.17300206422805786,1.6232599020004272,2.3867712020874023,2.7537481784820557,1.9348491430282593,1.5281178951263428,1.418345332145691,-0.0032744035124778748,-0.03303363919258118,-0.166214257478714,-0.16867376863956451,-0.1276930570602417,-0.11566923558712006,8.266814231872559,1.3778023719787598,-0.11096099764108658,-0.0032592895440757275,-0.49092569947242737,3.1464383602142334,6405739.5
109.0999984741211,44.79977035522461,0.18146319687366486,-0.003624814795330167,903.46923828125,0.9496787190437317,1198.5087890625,0.8809335827827454,1114.0799560546875,1.06748366355896,1224.79443359375,0.16052433848381042,1.6229252815246582,2.383455276489258,2.7371602058410645,1.9180688858032227,1.5154194831848145,1.4068453311920166,-0.0034171007573604584,-0.03328624740242958,-0.16554304957389832,-0.16693304479122162,-0.12627702951431274,-0.11433272063732147,8.200624465942383,1.36677086353302,-0.10968776792287827,-0.003276720643043518,-0.49355122447013855,3.1471948623657227,6407279.5
109.19999694824219,44.817874908447266,0.1810508817434311,-0.004123158287256956,903.5634155273438,0.9345993995666504,1198.595947265625,0.8618472218513489,1114.185791015625,1.0479049682617188,1224.809814453125,0.14820265769958496,1.6225765943527222,2.3801140785217285,2.720639944076538,1.9014619588851929,1.5028619766235352,1.3954782485961914,-0.003557914635166526,-0.03353387489914894,-0.164864644408226,-0.16520637273788452,-0.12487287819385529,-0.11301276087760925,8.135197639465332,1.3558663129806519,-0.10842371731996536,-0.003294023685157299,-0.4961574971675873,3.1479392051696777,6408795.0
109.30000305175781,44.83592987060547,0.180536687374115,-0.005141931585967541,903.6561279296875,0.9196551442146301,1198.68115234375,0.8429597020149231,1114.28955078125,1.0285171270370483,1224.8240966796875,0.13603635132312775,1.6222138404846191,2.376748561859131,2.7041876316070557,1.8850270509719849,1.4904444217681885,1.384242296218872,-0.0036968556232750416,-0.03377656266093254,-0.1641792207956314,-0.16349348425865173,-0.12348014861345291,-0.11170674115419388,8.070528984069824,1.3450881242752075,-0.10716447979211807,-0.0033111916854977608,-0.4987433850765228,3.148671865463257,6410286.5
109.4000015258789,44.853919982910156,0.1799047440290451,-0.006319400388747454,903.7473754882812,0.9048453569412231,1198.7645263671875,0.8242698907852173,1114.3914794921875,1.0093191862106323,1224.8370361328125,0.1240251436829567,1.6218372583389282,2.373358964920044,2.6878042221069336,1.868762731552124,1.478165626525879,1.3731364011764526,-0.003833931405097246,-0.03401433676481247,-0.16348688304424286,-0.16179411113262177,-0.12209821492433548,-0.1104121208190918,8.006616592407227,1.334436058998108,-0.10590852797031403,-0.003328216029331088,-0.5013076663017273,3.149392604827881,6411754.0
109.5,44.87186050415039,0.17939691245555878,-0.005078377667814493,903.8370971679688,0.8901693820953369,1198.8460693359375,0.8057755827903748,1114.491455078125,0.9903096556663513,1224.848876953125,0.11216539889574051,1.6214470863342285,2.369946002960205,2.6714906692504883,1.8526676893234253,1.466024398803711,1.3621593713760376,-0.003969176206737757,-0.03424729406833649,-0.1627880185842514,-0.1601085513830185,-0.12072815746068954,-0.10913214087486267,7.943445682525635,1.3239076137542725,-0.10468493402004242,-0.0033451078925281763,-0.5038519501686096,3.150101661682129,6413197.5
109.5999984741211,44.88977813720703,0.1791895478963852,-0.0020735508296638727,903.9254150390625,0.8756267428398132,1198.9256591796875,0.787473738193512,1114.589599609375,0.9714874625205994,1224.8594970703125,0.1004500463604927,1.6210434436798096,2.3665096759796143,2.6552469730377197,1.836740493774414,1.4540194272994995,1.3513091802597046,-0.00410265289247036,-0.03447559475898743,-0.162083238363266,-0.15843772888183594,-0.11937268078327179,-0.10787438601255417,7.8809895515441895,1.3134982585906982,-0.10351137071847916,-0.0033618926536291838,-0.5063801407814026,3.15079927444458,6414617.5
109.69999694824219,44.90769577026367,0.17918573319911957,-3.815491800196469e-05,904.0122680664062,0.8612166047096252,1199.0035400390625,0.7693613171577454,1114.685791015625,0.9528511166572571,1224.8690185546875,0.08887281268835068,1.6206265687942505,2.363050937652588,2.6390740871429443,1.8209794759750366,1.4421491622924805,1.3405834436416626,-0.004234416875988245,-0.03469938784837723,-0.161373108625412,-0.15678241848945618,-0.11803386360406876,-0.10664329677820206,7.8192243576049805,1.30320405960083,-0.10237409174442291,-0.003378588240593672,-0.5088948607444763,3.1514854431152344,6416014.5
109.80000305175781,44.92560577392578,0.17911355197429657,-0.0007218587561510503,904.09765625,0.8469384908676147,1199.07958984375,0.7514364719390869,1114.7801513671875,0.9343991279602051,1224.8773193359375,0.07743173837661743,1.6201967000961304,2.359570026397705,2.6229724884033203,1.805383324623108,1.4304119348526,1.3299795389175415,-0.004364490043371916,-0.034918736666440964,-0.1606578528881073,-0.15514257550239563,-0.11671152710914612,-0.10543572157621384,7.758141040802002,1.2930234670639038,-0.10124228149652481,-0.0033951897639781237,-0.5113954544067383,3.152160167694092,6417388.5
109.9000015258789,44.94348907470703,0.17880819737911224,-0.003053555730730295,904.181640625,0.8327916860580444,1199.15380859375,0.7336984872817993,1114.8726806640625,0.9161300659179688,1224.8843994140625,0.0661282166838646,1.6197538375854492,2.356067419052124,2.606942653656006,1.7899504899978638,1.4188063144683838,1.319495677947998,-0.0044928668066859245,-0.03513363003730774,-0.15993745625019073,-0.15351755917072296,-0.11540381610393524,-0.10424428433179855,7.697742938995361,1.2829571962356567,-0.10009976476430893,-0.003411679295822978,-0.5138791799545288,3.1528236865997314,6418739.5
110.0,44.961299896240234,0.17812573909759521,-0.006824480835348368,904.2642211914062,0.8187754154205322,1199.226318359375,0.7161473631858826,1114.96337890625,0.8980425596237183,1224.8905029296875,0.05496613308787346,1.6192981004714966,2.352543592453003,2.5909852981567383,1.7746793031692505,1.4073307514190674,1.3091305494308472,-0.004619520623236895,-0.035344019532203674,-0.15921173989772797,-0.15190629661083221,-0.11410782486200333,-0.10305964201688766,7.638043403625488,1.2730072736740112,-0.09893172234296799,-0.0034280274994671345,-0.5163415670394897,3.1534762382507324,6420067.5
110.0999984741211,44.97903823852539,0.17737749218940735,-0.007482543587684631,904.3453979492188,0.8048890829086304,1199.297119140625,0.6987820267677307,1115.05224609375,0.8801354765892029,1224.8955078125,0.043945688754320145,1.6188299655914307,2.348998785018921,2.5751006603240967,1.759568691253662,1.3959842920303345,1.2988835573196411,-0.0047444552183151245,-0.035549916326999664,-0.15848077833652496,-0.15030841529369354,-0.11282267421483994,-0.10188045352697372,7.579041481018066,1.2631735801696777,-0.09777514636516571,-0.00344422971829772,-0.5187820792198181,3.1541178226470947,6421373.5
110.19999694824219,44.9966926574707,0.1765282154083252,-0.008492817170917988,904.4251708984375,0.7911319136619568,1199.3660888671875,0.6816012263298035,1115.139404296875,0.8624075651168823,1224.8992919921875,0.033066242933273315,1.618349313735962,2.3454337120056152,2.5592892169952393,1.7446171045303345,1.384765863418579,1.2887542247772217,-0.004867681302130222,-0.03575136139988899,-0.15774470567703247,-0.14872369170188904,-0.11154797673225403,-0.10070683807134628,7.520733833312988,1.253455638885498,-0.09662236273288727,-0.0034602792002260685,-0.5211994647979736,3.1547482013702393,6422657.5
110.30000305175781,45.01426696777344,0.17573584616184235,-0.007923680357635021,904.5036010742188,0.7775033116340637,1199.433349609375,0.6646032929420471,1115.2247314453125,0.8448575139045715,1224.902099609375,0.022325346246361732,1.617856502532959,2.341848611831665,2.5435519218444824,1.729823350906372,1.3736742734909058,1.2787419557571411,-0.004989223089069128,-0.03594842180609703,-0.15700377523899078,-0.14715221524238586,-0.11028426140546799,-0.09954165667295456,7.463110446929932,1.2438517808914185,-0.09549172967672348,-0.003476181300356984,-0.5235946774482727,3.155367851257324,6423919.0
110.4000015258789,45.03181076049805,0.17544806003570557,-0.002877776976674795,904.5806884765625,0.7640024423599243,1199.4990234375,0.6477844715118408,1115.308349609375,0.827484130859375,1224.90380859375,0.011714095249772072,1.6173515319824219,2.3382441997528076,2.527888774871826,1.7151861190795898,1.3627084493637085,1.2688450813293457,-0.005109157878905535,-0.0361412949860096,-0.1562587320804596,-0.14559529721736908,-0.10903520882129669,-0.09839688986539841,7.406136989593506,1.234356164932251,-0.0944306030869484,-0.003491977695375681,-0.5259740352630615,3.1559770107269287,6425158.5
110.5,45.04939270019531,0.1758125126361847,0.003644513199105859,904.6564331054688,0.7506285905838013,1199.56298828125,0.6311399340629578,1115.3902587890625,0.8102858066558838,1224.9044189453125,0.001220148871652782,1.6168347597122192,2.334620714187622,2.5123002529144287,1.700703740119934,1.3518664836883545,1.2590610980987549,-0.005227590911090374,-0.036330245435237885,-0.1555105447769165,-0.14405478537082672,-0.10780590027570724,-0.09728667140007019,7.349768161773682,1.224961280822754,-0.093449667096138,-0.003507722867652774,-0.5283455848693848,3.1565752029418945,6426377.0
110.5999984741211,45.06706619262695,0.17674237489700317,0.009298540651798248,904.7308349609375,0.737381100654602,1199.625244140625,0.6146649718284607,1115.470458984375,0.7932608127593994,1224.904052734375,-0.0091679273173213,1.6163060665130615,2.3309783935546875,2.496786594390869,1.6863744258880615,1.3411462306976318,1.249385952949524,-0.005344619043171406,-0.03651552274823189,-0.15476010739803314,-0.1425323337316513,-0.10660059750080109,-0.09622026979923248,7.293959617614746,1.2156599760055542,-0.09253741800785065,-0.0035234636161476374,-0.5307165384292603,3.157163143157959,6427573.5
110.69999694824219,45.08486557006836,0.17799460887908936,0.012522449716925621,904.8038940429688,0.7242591381072998,1199.6859130859375,0.598355770111084,1115.5489501953125,0.7764071822166443,1224.902587890625,-0.019457906484603882,1.6157658100128174,2.327317714691162,2.4813482761383057,1.6721965074539185,1.3305453062057495,1.2398152351379395,-0.005460312124341726,-0.036697302013635635,-0.15400806069374084,-0.14102891087532043,-0.10542141646146774,-0.09519918262958527,7.238682270050049,1.2064471244812012,-0.09166784584522247,-0.003539227182045579,-0.5330908894538879,3.157740592956543,6428749.0
110.80000305175781,45.102821350097656,0.17954763770103455,0.015530234202742577,904.8756713867188,0.7112619280815125,1199.7449951171875,0.5822089910507202,1115.625732421875,0.7597228288650513,1224.900146484375,-0.029656248167157173,1.6152141094207764,2.323638916015625,2.465985059738159,1.658167839050293,1.3200608491897583,1.230344295501709,-0.005574727896600962,-0.036875732243061066,-0.1532549411058426,-0.13954520225524902,-0.10426968336105347,-0.09422266483306885,7.183910846710205,1.197318434715271,-0.09084035456180573,-0.0035550387110561132,-0.5354724526405334,3.1583075523376465,6429904.0
110.9000015258789,45.120975494384766,0.18156114220619202,0.020135099068284035,904.9461669921875,0.6983885169029236,1199.8023681640625,0.5662205219268799,1115.7008056640625,0.7432056665420532,1224.8966064453125,-0.039771247655153275,1.6146509647369385,2.3199427127838135,2.450697422027588,1.6442866325378418,1.3096901178359985,1.2209686040878296,-0.005687939003109932,-0.0370510034263134,-0.15250137448310852,-0.13808222115039825,-0.10314752161502838,-0.09329301118850708,7.129611968994141,1.1882686614990234,-0.0900709480047226,-0.003570936620235443,-0.5378670692443848,3.1588644981384277,6431037.5
111.0,45.13938522338867,0.18408772349357605,0.025265805423259735,905.015380859375,0.6856381893157959,1199.858154296875,0.5503859519958496,1115.7744140625,0.7268534302711487,1224.8922119140625,-0.04981224611401558,1.6140764951705933,2.3162288665771484,2.4354848861694336,1.630550503730774,1.299430012702942,1.2116835117340088,-0.005800028331577778,-0.037223320454359055,-0.15174812078475952,-0.13664114475250244,-0.10205743461847305,-0.09241354465484619,7.075750827789307,1.179291844367981,-0.08936243504285812,-0.003586963750422001,-0.5402811169624329,3.1594111919403076,6432150.5
111.0999984741211,45.1580810546875,0.18698181211948395,0.028940904885530472,905.0833129882812,0.6730099320411682,1199.9124755859375,0.5347011685371399,1115.84619140625,0.7106637954711914,1224.88671875,-0.05978672578930855,1.6134909391403198,2.312498092651367,2.4203476905822754,1.616957426071167,1.2892773151397705,1.2024837732315063,-0.005911062005907297,-0.03739285096526146,-0.15099574625492096,-0.13522277772426605,-0.10100080072879791,-0.09158394485712051,7.022297382354736,1.1703828573226929,-0.08869823813438416,-0.003603150835260749,-0.542719304561615,3.1599481105804443,6433243.5
111.19999694824219,45.17710876464844,0.19027097523212433,0.03289162367582321,905.1499633789062,0.6605027914047241,1199.965087890625,0.5191623568534851,1115.91650390625,0.694634199142456,1224.8802490234375,-0.06970176845788956,1.6128942966461182,2.3087503910064697,2.405285596847534,1.60350501537323,1.2792284488677979,1.1933646202087402,-0.006021104287356138,-0.03755975887179375,-0.150244802236557,-0.13382785022258759,-0.09997871518135071,-0.09080347418785095,6.9692230224609375,1.1615371704101562,-0.08808177709579468,-0.003619530936703086,-0.5451865196228027,3.1604747772216797,6434316.0
111.30000305175781,45.19650650024414,0.19397465884685516,0.037036798894405365,905.2153930664062,0.6481157541275024,1200.0162353515625,0.5037654042243958,1115.9852294921875,0.6787621378898621,1224.872802734375,-0.0795646533370018,1.6122868061065674,2.3049862384796143,2.39029860496521,1.5901908874511719,1.2692800760269165,1.1843209266662598,-0.0061302208341658115,-0.03772421181201935,-0.14949586987495422,-0.13245710730552673,-0.09899228811264038,-0.090071901679039,6.916500091552734,1.152750015258789,-0.08751354366540909,-0.0036361385136842728,-0.5476880073547363,3.160991907119751,6435368.5
111.4000015258789,45.216312408447266,0.19805480539798737,0.04080139100551605,905.2796020507812,0.6358478665351868,1200.06591796875,0.4885062873363495,1116.05224609375,0.6630451083183289,1224.8642578125,-0.08938204497098923,1.611668348312378,2.301205635070801,2.3753862380981445,1.5770126581192017,1.2594285011291504,1.1753480434417725,-0.006238472182303667,-0.0378863662481308,-0.148749440908432,-0.13111114501953125,-0.09804225713014603,-0.0893881767988205,6.864100456237793,1.1440167427062988,-0.08698849380016327,-0.00365300546400249,-0.5502285957336426,3.1614990234375,6436401.0
111.5,45.236549377441406,0.2023649960756302,0.04310190677642822,905.3425903320312,0.6236979961395264,1200.114013671875,0.4733816981315613,1116.1177978515625,0.647480309009552,1224.8548583984375,-0.09915857017040253,1.611039161682129,2.2974090576171875,2.360548496246338,1.5639677047729492,1.249670147895813,1.1664413213729858,-0.006345902569591999,-0.038046326488256454,-0.1480058878660202,-0.12979018688201904,-0.09712829440832138,-0.08874838799238205,6.812005519866943,1.1353342533111572,-0.08649131655693054,-0.0036701513454318047,-0.5528111457824707,3.161996603012085,6437414.0
111.5999984741211,45.25722122192383,0.206706702709198,0.04341704770922661,905.4043579101562,0.6116650700569153,1200.1605224609375,0.4583890736103058,1116.1817626953125,0.6320652365684509,1224.844482421875,-0.10889583081007004,1.6103992462158203,2.2935965061187744,2.345785140991211,1.551053524017334,1.2400014400482178,1.1575967073440552,-0.006452532485127449,-0.03820415586233139,-0.14726534485816956,-0.12849391996860504,-0.09624860435724258,-0.08814509958028793,6.760206699371338,1.1267011165618896,-0.086002878844738,-0.0036875794176012278,-0.5554361939430237,3.162484645843506,6438407.5
111.69999694824219,45.27833938598633,0.21120332181453705,0.0449662059545517,905.4649047851562,0.599747896194458,1200.2056884765625,0.4435257017612457,1116.2442626953125,0.6167973279953003,1224.8331298828125,-0.118596151471138,1.6097486019134521,2.2897682189941406,2.3310954570770264,1.5382678508758545,1.2304190397262573,1.1488107442855835,-0.006558387540280819,-0.03835991397500038,-0.1465279757976532,-0.12722216546535492,-0.09540190547704697,-0.08757386356592178,6.70869255065918,1.1181154251098633,-0.08553649485111237,-0.0037053031846880913,-0.5581058263778687,3.162963390350342,6439382.0
111.80000305175781,45.29989242553711,0.21552824974060059,0.043249376118183136,905.5242919921875,0.587945282459259,1200.249267578125,0.4287899136543274,1116.30517578125,0.60167396068573,1224.82080078125,-0.12825843691825867,1.609087586402893,2.2859246730804443,2.316479206085205,1.5256081819534302,1.2209197282791138,1.1400808095932007,-0.006663465406745672,-0.038513604551553726,-0.14579375088214874,-0.1259741187095642,-0.09458532929420471,-0.08702605217695236,6.657464504241943,1.1095774173736572,-0.08505819737911224,-0.0037233096081763506,-0.5608180165290833,3.1634325981140137,6440337.5
111.9000015258789,45.32184982299805,0.21957136690616608,0.040431149303913116,905.58251953125,0.5762560367584229,1200.2913818359375,0.41418078541755676,1116.364501953125,0.5866928696632385,1224.8074951171875,-0.1378791183233261,1.608415961265564,2.2820656299591064,2.301936626434326,1.51307213306427,1.211500883102417,1.1314047574996948,-0.006767744198441505,-0.038665179163217545,-0.1450624018907547,-0.12474855035543442,-0.09379500895738602,-0.08649153262376785,6.606533050537109,1.1010888814926147,-0.08456040918827057,-0.003741576336324215,-0.5635694265365601,3.1638925075531006,6441273.5
112.0,45.34415817260742,0.22307690978050232,0.035055406391620636,905.6395874023438,0.564678966999054,1200.3321533203125,0.3996984660625458,1116.4224853515625,0.571851909160614,1224.793212890625,-0.1474515199661255,1.6077340841293335,2.278191566467285,2.2874667644500732,1.5006576776504517,1.2021598815917969,1.1227822303771973,-0.0068711768835783005,-0.038814522325992584,-0.14433346688747406,-0.12354370951652527,-0.0930258184671402,-0.0859578400850296,6.555919647216797,1.0926532745361328,-0.08401927351951599,-0.0037600602954626083,-0.5663535594940186,3.1643431186676025,6442191.5
112.0999984741211,45.36674499511719,0.22587543725967407,0.0279852245002985,905.6954345703125,0.5532127618789673,1200.371337890625,0.3853440284729004,1116.4788818359375,0.5571491122245789,1224.7779541015625,-0.15696626901626587,1.607041835784912,2.2743027210235596,2.2730698585510254,1.4883626699447632,1.1928950548171997,1.1142135858535767,-0.006973693147301674,-0.03896147385239601,-0.1436062604188919,-0.12235739082098007,-0.09227173775434494,-0.08541157841682434,6.505657196044922,1.0842761993408203,-0.08342140913009644,-0.0037787046749144793,-0.5691618323326111,3.1647846698760986,6443090.5
112.19999694824219,45.389549255371094,0.22804179787635803,0.021663671359419823,905.7501831054688,0.5418562889099121,1200.4091796875,0.37111854553222656,1116.533935546875,0.5425828099250793,1224.7618408203125,-0.1664145290851593,1.6063393354415894,2.270399332046509,2.2587454319000244,1.4761854410171509,1.1837050914764404,1.1057007312774658,-0.00707522826269269,-0.039105869829654694,-0.14288018643856049,-0.12118756026029587,-0.09152744710445404,-0.08484341949224472,6.455774307250977,1.0759624242782593,-0.08277583867311478,-0.003797458251938224,-0.5719865560531616,3.165217399597168,6443971.0
112.30000305175781,45.412532806396484,0.2298325151205063,0.017907213419675827,905.8038330078125,0.5306083559989929,1200.445556640625,0.3570222556591034,1116.58740234375,0.5281515717506409,1224.74462890625,-0.17579075694084167,1.6056268215179443,2.266481637954712,2.2444937229156494,1.4641245603561401,1.1745892763137817,1.0972458124160767,-0.007175742648541927,-0.03924762085080147,-0.14215485751628876,-0.12003279477357864,-0.09078965336084366,-0.08425126224756241,6.406290054321289,1.067715048789978,-0.08210624754428864,-0.003816291457042098,-0.574823260307312,3.1656410694122314,6444833.5
112.4000015258789,45.43568801879883,0.23154431581497192,0.017117939889431,905.8563232421875,0.5194676518440247,1200.4805908203125,0.34305432438850403,1116.6395263671875,0.5138540863990784,1224.7266845703125,-0.18509358167648315,1.6049041748046875,2.262550115585327,2.2303144931793213,1.4521783590316772,1.1655468940734863,1.0888510942459106,-0.007275229319930077,-0.03938671946525574,-0.14143018424510956,-0.11889249831438065,-0.0900573879480362,-0.08363974094390869,6.357208251953125,1.0595346689224243,-0.08143816888332367,-0.0038351984694600105,-0.5776711106300354,3.166055917739868,6445678.0
112.5,45.459022521972656,0.23333899676799774,0.017946796491742134,905.90771484375,0.5084330439567566,1200.51416015625,0.32921314239501953,1116.690185546875,0.4996889531612396,1224.7076416015625,-0.19432426989078522,1.6041717529296875,2.2586045265197754,2.216207504272461,1.4403455257415771,1.1565775871276855,1.0805182456970215,-0.007373704109340906,-0.03952321037650108,-0.14070630073547363,-0.11776652932167053,-0.08933104574680328,-0.08301631361246109,6.308521747589111,1.0514203310012817,-0.08078406751155853,-0.003854186739772558,-0.5805311799049377,3.166461944580078,6446505.0
112.5999984741211,45.48257064819336,0.23547445237636566,0.021354569122195244,905.9580078125,0.4975034296512604,1200.5465087890625,0.31549614667892456,1116.739501953125,0.4856548011302948,1224.687744140625,-0.2034873366355896,1.6034295558929443,2.254645347595215,2.2021732330322266,1.4286243915557861,1.147680401802063,1.0722477436065674,-0.007471208460628986,-0.039657194167375565,-0.13998354971408844,-0.1166553720831871,-0.08861258625984192,-0.08239144086837769,6.260213375091553,1.043368935585022,-0.08016610145568848,-0.0038732849061489105,-0.5834078788757324,3.1668593883514404,6447314.0
112.69999694824219,45.50632858276367,0.2376076579093933,0.021332109346985817,906.0072021484375,0.4866776168346405,1200.5772705078125,0.30190160870552063,1116.787353515625,0.4717501699924469,1224.6669921875,-0.21258434653282166,1.602677583694458,2.2506730556488037,2.1882107257843018,1.4170137643814087,1.1388546228408813,1.064039707183838,-0.00756775913760066,-0.03978872299194336,-0.13926205039024353,-0.1155589371919632,-0.08790234476327896,-0.08176839351654053,6.212275505065918,1.0353792905807495,-0.07955089211463928,-0.003892493899911642,-0.5863011479377747,3.167248249053955,6448105.5
112.80000305175781,45.53028106689453,0.2395256757736206,0.01918017864227295,906.0553588867188,0.47595444321632385,1200.6068115234375,0.28842881321907043,1116.8338623046875,0.4579736590385437,1224.645263671875,-0.22161343693733215,1.601915955543518,2.246687889099121,2.174320697784424,1.4055120944976807,1.1300996541976929,1.0558940172195435,-0.007663346827030182,-0.03991777449846268,-0.13854171335697174,-0.1144765317440033,-0.08719895780086517,-0.0811445564031601,6.164713382720947,1.0274522304534912,-0.07892284542322159,-0.00391179695725441,-0.5892086029052734,3.167628526687622,6448880.0
112.9000015258789,45.55440139770508,0.24120011925697327,0.01674441061913967,906.1024169921875,0.46533283591270447,1200.635009765625,0.27507734298706055,1116.87890625,0.44432389736175537,1224.6226806640625,-0.23057198524475098,1.6011449098587036,2.242689609527588,2.1605024337768555,1.3941179513931274,1.1214146614074707,1.0478109121322632,-0.007757954299449921,-0.04004431143403053,-0.13782232999801636,-0.11340733617544174,-0.08650077134370804,-0.08051680773496628,6.117534637451172,1.0195891857147217,-0.0782812088727951,-0.0039311740547418594,-0.5921273231506348,3.1680002212524414,6449637.0
113.0,45.57865524291992,0.24254678189754486,0.013466622680425644,906.1484375,0.4548116624355316,1200.661865234375,0.2618471384048462,1116.9227294921875,0.430799663066864,1224.59912109375,-0.23945650458335876,1.6003644466400146,2.2386789321899414,2.146756172180176,1.3828301429748535,1.1127992868423462,1.0397909879684448,-0.007851558737456799,-0.040168289095163345,-0.13710369169712067,-0.11235039681196213,-0.08580585569143295,-0.0798814594745636,6.070751190185547,1.0117918252944946,-0.07761892676353455,-0.003950600046664476,-0.5950533151626587,3.1683638095855713,6450377.0
113.0999984741211,45.603004455566406,0.24349196255207062,0.009451816789805889,906.1934204101562,0.44438984990119934,1200.6873779296875,0.24873840808868408,1116.965087890625,0.4173997938632965,1224.5748291015625,-0.24826258420944214,1.5995746850967407,2.2346560955047607,2.1330816745758057,1.3716474771499634,1.1042534112930298,1.0318350791931152,-0.007944128476083279,-0.04028962552547455,-0.1363854855298996,-0.1113046333193779,-0.08511193096637726,-0.0792343020439148,6.02437686920166,1.0040627717971802,-0.0769307017326355,-0.003970041871070862,-0.5979816913604736,3.1687190532684326,6451100.0
113.19999694824219,45.62741470336914,0.24408157169818878,0.005896087270230055,906.2373046875,0.4340662956237793,1200.711669921875,0.23575140535831451,1117.0062255859375,0.40412330627441406,1224.549560546875,-0.25698620080947876,1.5987756252288818,2.230621337890625,2.119479179382324,1.3605687618255615,1.095776915550232,1.023944616317749,-0.008035634644329548,-0.040408264845609665,-0.13566744327545166,-0.11026903241872787,-0.08441711217164993,-0.07857272773981094,5.9784255027771,0.996404230594635,-0.07622148841619492,-0.003989471588283777,-0.6009082794189453,3.1690661907196045,6451806.5
113.30000305175781,45.65184783935547,0.24433785676956177,0.002562887966632843,906.2802124023438,0.4238400161266327,1200.7344970703125,0.22288629412651062,1117.0458984375,0.3909692168235779,1224.5233154296875,-0.2656238079071045,1.5979676246643066,2.226574659347534,2.1059482097625732,1.3495932817459106,1.0873700380325317,1.0161211490631104,-0.008126053027808666,-0.04052414745092392,-0.13494931161403656,-0.10924270749092102,-0.08371987193822861,-0.07789544016122818,5.93290901184082,0.9888181686401367,-0.07549317926168442,-0.004008862189948559,-0.6038289666175842,3.169404983520508,6452496.5
113.4000015258789,45.6762580871582,0.2440933734178543,-0.00244483957067132,906.3220825195312,0.41370996832847595,1200.7562255859375,0.21014375984668732,1117.0843505859375,0.3779367208480835,1224.496337890625,-0.27417027950286865,1.597150444984436,2.2225165367126465,2.092489242553711,1.3387199640274048,1.0790331363677979,1.008366346359253,-0.008215346373617649,-0.04063718393445015,-0.13423076272010803,-0.10822451859712601,-0.08301802724599838,-0.07719907909631729,5.887844562530518,0.9813074469566345,-0.07473195344209671,-0.004028173163533211,-0.6067376732826233,3.169735908508301,6453170.5
113.5,45.700584411621094,0.24328958988189697,-0.008037938736379147,906.3629760742188,0.4036751687526703,1200.776611328125,0.19752487540245056,1117.12158203125,0.3650251626968384,1224.468505859375,-0.2826196551322937,1.5963245630264282,2.218447208404541,2.079102039337158,1.3279480934143066,1.070766806602478,1.0006823539733887,-0.008303469978272915,-0.040747277438640594,-0.13351136445999146,-0.10721316933631897,-0.08230910450220108,-0.07647968083620071,5.843253135681152,0.9738755226135254,-0.07393502444028854,-0.0040473598055541515,-0.6096276044845581,3.1700587272644043,6453827.5
113.5999984741211,45.72480392456055,0.24216587841510773,-0.011237098835408688,906.40283203125,0.3937346637248993,1200.795654296875,0.18503008782863617,1117.1573486328125,0.3522339165210724,1224.4398193359375,-0.29096826910972595,1.5954898595809937,2.214367151260376,2.0657870769500732,1.3172770738601685,1.06257164478302,0.9930713772773743,-0.0083903968334198,-0.04085436463356018,-0.13279089331626892,-0.10620785504579544,-0.08159201592206955,-0.07573790848255157,5.799147605895996,0.966524600982666,-0.0731232762336731,-0.004066395573318005,-0.6124948859214783,3.1703739166259766,6454469.0
113.69999694824219,45.74887466430664,0.24072034657001495,-0.014455278404057026,906.4417114257812,0.38388755917549133,1200.8135986328125,0.17265968024730682,1117.1920166015625,0.33956247568130493,1224.410400390625,-0.29921332001686096,1.5946465730667114,2.2102766036987305,2.052543878555298,1.3067063093185425,1.0544487237930298,0.9855356216430664,-0.008476107381284237,-0.04095840826630592,-0.1320691704750061,-0.1052079126238823,-0.08086611330509186,-0.07497532665729523,5.755537033081055,0.9592561721801758,-0.07229501008987427,-0.004085255321115255,-0.6153355240821838,3.1706809997558594,6455094.5
113.80000305175781,45.77278137207031,0.23904922604560852,-0.016711270436644554,906.4796142578125,0.3741329610347748,1200.8302001953125,0.1604137122631073,1117.225341796875,0.3270103335380554,1224.3800048828125,-0.3073529303073883,1.5937947034835815,2.2061755657196045,2.0393731594085693,1.2962353229522705,1.0463988780975342,0.9780771136283875,-0.00856059044599533,-0.04105937480926514,-0.13134607672691345,-0.10421287268400192,-0.08013126999139786,-0.07419455796480179,5.712427616119385,0.9520713090896606,-0.07145879417657852,-0.0041039204224944115,-0.6181469559669495,3.170980453491211,6455704.0
113.9000015258789,45.7965087890625,0.23728962242603302,-0.017595957964658737,906.5165405273438,0.3644700348377228,1200.845703125,0.14829176664352417,1117.2574462890625,0.3145770728588104,1224.348876953125,-0.3153868615627289,1.592934489250183,2.2020647525787354,2.0262749195098877,1.2858636379241943,1.0384228229522705,0.9706973433494568,-0.008643846027553082,-0.04115728288888931,-0.13062162697315216,-0.1032225713133812,-0.07938819378614426,-0.0734000876545906,5.669820308685303,0.9449700117111206,-0.07062529027462006,-0.004122384358197451,-0.6209281086921692,3.1712722778320312,6456298.0
114.0,45.820037841796875,0.235307514667511,-0.019821101799607277,906.552490234375,0.35489797592163086,1200.85986328125,0.13629372417926788,1117.2882080078125,0.30226221680641174,1224.31689453125,-0.3233141005039215,1.5920659303665161,2.197944164276123,2.013248920440674,1.2755906581878662,1.0305215120315552,0.9633976221084595,-0.008725868538022041,-0.04125211760401726,-0.12989576160907745,-0.10223671048879623,-0.07863709330558777,-0.07259389013051987,5.6277174949646,0.9379528760910034,-0.06978300958871841,-0.004140629433095455,-0.6236762404441833,3.1715564727783203,6456876.5
114.0999984741211,45.843353271484375,0.23314258456230164,-0.02164924517273903,906.5875244140625,0.34541594982147217,1200.8729248046875,0.1244194358587265,1117.31787109375,0.29006531834602356,1224.2841796875,-0.33113354444503784,1.5911893844604492,2.193814516067505,2.000295639038086,1.265416145324707,1.022695779800415,0.9561790823936462,-0.008806652389466763,-0.04134387522935867,-0.12916845083236694,-0.10125499963760376,-0.0778781846165657,-0.07177754491567612,5.586122989654541,0.9310204386711121,-0.06893664598464966,-0.004158641677349806,-0.6263892650604248,3.171833038330078,6457440.0
114.19999694824219,45.866485595703125,0.23130686581134796,-0.018357234075665474,906.62158203125,0.3360232710838318,1200.884765625,0.11266733705997467,1117.3463134765625,0.2779858708381653,1224.250732421875,-0.338849276304245,1.5903047323226929,2.1896755695343018,1.9874153137207031,1.255339503288269,1.0149461030960083,0.9490422606468201,-0.008886233903467655,-0.04143264517188072,-0.1284400075674057,-0.10027804225683212,-0.07711414992809296,-0.0709599032998085,5.5450215339660645,0.9241702556610107,-0.06812627613544464,-0.0041764480993151665,-0.6290712952613831,3.172102451324463,6457988.0
114.30000305175781,45.88945770263672,0.22972284257411957,-0.015840258449316025,906.6547241210938,0.32671916484832764,1200.8955078125,0.10103560984134674,1117.3734130859375,0.26602327823638916,1224.2164306640625,-0.3464657664299011,1.5894120931625366,2.185528039932251,1.9746078252792358,1.245360255241394,1.0072730779647827,0.9419869184494019,-0.008964650332927704,-0.04151853173971176,-0.12771077454090118,-0.09930656850337982,-0.076347716152668,-0.07014834135770798,5.504395961761475,0.9173993468284607,-0.0673416405916214,-0.004194069653749466,-0.6317256093025208,3.1723642349243164,6458521.0
114.4000015258789,45.912296295166016,0.22838495671749115,-0.013378875330090523,906.6869506835938,0.3175029158592224,1200.905029296875,0.08952250331640244,1117.3994140625,0.25417688488960266,1224.181396484375,-0.3539872169494629,1.5885118246078491,2.1813719272613525,1.961873173713684,1.2354779243469238,0.9996766448020935,0.9350122213363647,-0.009041939862072468,-0.04160163179039955,-0.12698109447956085,-0.09834117442369461,-0.07558120787143707,-0.06934783607721329,5.464231491088867,0.9107052087783813,-0.06658319383859634,-0.004211528226733208,-0.6343552470207214,3.1726186275482178,6459039.0
114.5,45.935054779052734,0.22758421301841736,-0.008007396943867207,906.7182006835938,0.3083738684654236,1200.913330078125,0.07812546193599701,1117.42431640625,0.24244587123394012,1224.1456298828125,-0.3614203929901123,1.5876038074493408,2.1772079467773438,1.949211597442627,1.225691795349121,0.9921566843986511,0.9281166195869446,-0.009118159301578999,-0.04168208688497543,-0.1262514591217041,-0.09738294035196304,-0.07481807470321655,-0.06856618076562881,5.424501895904541,0.9040836095809937,-0.06587296724319458,-0.004228868521749973,-0.636967122554779,3.172865867614746,6459542.5
114.5999984741211,45.9577751159668,0.22722536325454712,-0.003588452935218811,906.7485961914062,0.29933127760887146,1200.920654296875,0.06684187054634094,1117.447998046875,0.23082928359508514,1224.109130859375,-0.3687717914581299,1.5866881608963013,2.1730356216430664,1.9366228580474854,1.216001033782959,0.9847127795219421,0.9212980270385742,-0.009193364530801773,-0.04176004230976105,-0.12552236020565033,-0.0964328870177269,-0.07406137138605118,-0.0678088441491127,5.385182857513428,0.8975304365158081,-0.06520096212625504,-0.00424612732604146,-0.6395666599273682,3.1731059551239014,6460031.5
114.69999694824219,45.98048400878906,0.22706639766693115,-0.0015897604171186686,906.778076171875,0.2903744876384735,1200.9267578125,0.05566984787583351,1117.470458984375,0.21932604908943176,1224.0718994140625,-0.3760454058647156,1.5857651233673096,2.168855905532837,1.9241070747375488,1.2064048051834106,0.9773440957069397,0.9145538806915283,-0.009267590939998627,-0.041835587471723557,-0.1247941106557846,-0.09549150615930557,-0.07331262528896332,-0.06707603484392166,5.346259117126465,0.8910431861877441,-0.06454946100711823,-0.004263321403414011,-0.6421565413475037,3.1733388900756836,6460505.5
114.80000305175781,46.00314712524414,0.22665350139141083,-0.004128905478864908,906.8067016601562,0.28150278329849243,1200.9317626953125,0.04460884630680084,1117.4918212890625,0.2079351544380188,1224.033935546875,-0.3832404315471649,1.5848346948623657,2.1646687984466553,1.9116640090942383,1.1969023942947388,0.9700499773025513,0.9078821539878845,-0.009340835735201836,-0.04190872609615326,-0.12406665831804276,-0.0945584625005722,-0.07257094979286194,-0.06636080890893936,5.307732582092285,0.8846221566200256,-0.06388599425554276,-0.004280431196093559,-0.6447336077690125,3.173564910888672,6460965.5
114.9000015258789,46.0257568359375,0.2260933667421341,-0.005601357668638229,906.8344116210938,0.2727155089378357,1200.9356689453125,0.03365839272737503,1117.5120849609375,0.19665560126304626,1223.9952392578125,-0.39035603404045105,1.5838969945907593,2.1604743003845215,1.8992936611175537,1.187492847442627,0.9628297090530396,0.9012812972068787,-0.009413096122443676,-0.04197944328188896,-0.12333994358778,-0.09363339096307755,-0.07183545082807541,-0.06565788388252258,5.269606113433838,0.8782676458358765,-0.0632217526435852,-0.0042974441312253475,-0.6472962498664856,3.173783779144287,6461411.5
115.0,46.04833221435547,0.22574560344219208,-0.0034776737447828054,906.8612670898438,0.2640119194984436,1200.9384765625,0.022816983982920647,1117.5311279296875,0.18548640608787537,1223.9559326171875,-0.3973948061466217,1.5829521417617798,2.1562728881835938,1.8869960308074951,1.1781753301620483,0.9556825757026672,0.8947500586509705,-0.009484395384788513,-0.04204781353473663,-0.12261417508125305,-0.09271657466888428,-0.07110706716775894,-0.06496864557266235,5.231867790222168,0.8719779849052429,-0.06258193403482437,-0.004314379300922155,-0.6498470306396484,3.1739959716796875,6461843.0
115.0999984741211,46.07091522216797,0.22582584619522095,0.0008025019778870046,906.88720703125,0.255391389131546,1200.9403076171875,0.01208230759948492,1117.5491943359375,0.17442652583122253,1223.915771484375,-0.40436211228370667,1.5820001363754272,2.152064800262451,1.8747707605361938,1.1689491271972656,0.9486079216003418,0.8882867693901062,-0.009554780088365078,-0.042113952338695526,-0.12188974022865295,-0.09180877357721329,-0.07038798183202744,-0.064298115670681,5.194498538970947,0.8657497763633728,-0.061979372054338455,-0.004331272095441818,-0.6523914933204651,3.174201011657715,6462260.5
115.19999694824219,46.093544006347656,0.22627845406532288,0.0045260414481163025,906.9122924804688,0.24685321748256683,1200.94091796875,0.001452020718716085,1117.5660400390625,0.16347482800483704,1223.875,-0.4112631380558014,1.5810412168502808,2.147850275039673,1.8626179695129395,1.1598132848739624,0.9416045546531677,0.8818895220756531,-0.009624296799302101,-0.04217797517776489,-0.12116702646017075,-0.09091071784496307,-0.0696801170706749,-0.06364985555410385,5.157478332519531,0.8595796823501587,-0.06140827760100365,-0.004348154179751873,-0.654934287071228,3.1743993759155273,6462664.5
115.30000305175781,46.116233825683594,0.22690582275390625,0.006273726001381874,906.9365844726562,0.23839670419692993,1200.9405517578125,-0.009075687266886234,1117.5819091796875,0.15263009071350098,1223.83349609375,-0.41810107231140137,1.5800753831863403,2.143629312515259,1.8505373001098633,1.1507666110992432,0.9346714019775391,0.8755559325218201,-0.009692973457276821,-0.0422399565577507,-0.12044625729322433,-0.0900227352976799,-0.06898429244756699,-0.06302358210086823,5.12079381942749,0.8534656167030334,-0.06085462495684624,-0.004365039989352226,-0.6574777364730835,3.174591064453125,6463055.0
115.4000015258789,46.138980865478516,0.22745920717716217,0.005533856805413961,906.9600219726562,0.230021134018898,1200.9390869140625,-0.01950187236070633,1117.5965576171875,0.14189113676548004,1223.7913818359375,-0.42487654089927673,1.579102635383606,2.139402389526367,1.8385286331176758,1.141808271408081,0.9278072118759155,0.8692840337753296,-0.009760819375514984,-0.04229992255568504,-0.1197274848818779,-0.08914469927549362,-0.06829995661973953,-0.06241511180996895,5.084442138671875,0.8474070429801941,-0.06030180677771568,-0.004381924867630005,-0.6600210070610046,3.174776315689087,6463431.5
115.5,46.16178894042969,0.22809426486492157,0.006350533105432987,906.9826049804688,0.22172583639621735,1200.9366455078125,-0.029827801510691643,1117.6102294921875,0.13125677406787872,1223.74853515625,-0.4315907955169678,1.5781232118606567,2.135169267654419,1.8265917301177979,1.1329373121261597,0.9210109710693359,0.8630722165107727,-0.00982784852385521,-0.0423579141497612,-0.1190108060836792,-0.08827660232782364,-0.06762700527906418,-0.06182253360748291,5.048417568206787,0.8414029479026794,-0.059762295335531235,-0.0043988157995045185,-0.6625651717185974,3.174954652786255,6463795.0
115.5999984741211,46.18467712402344,0.22887161374092102,0.007773555815219879,907.0043334960938,0.21351008117198944,1200.93310546875,-0.040055010467767715,1117.622802734375,0.12072582542896271,1223.705078125,-0.43824613094329834,1.5771371126174927,2.1309306621551514,1.8147263526916504,1.1241525411605835,0.9142813682556152,0.8569188714027405,-0.009894082322716713,-0.04241398349404335,-0.11829637736082077,-0.08741860836744308,-0.0669657438993454,-0.061245713382959366,5.0127105712890625,0.8354517817497253,-0.05923878028988838,-0.004415724892169237,-0.6651120185852051,3.175126552581787,6464145.0
115.69999694824219,46.20763397216797,0.229588583111763,0.007169656455516815,907.0252685546875,0.20537316799163818,1200.9285888671875,-0.05018455907702446,1117.6343994140625,0.11029709875583649,1223.660888671875,-0.4448431134223938,1.5761444568634033,2.1266865730285645,1.8029323816299438,1.1154531240463257,0.9076173305511475,0.8508225679397583,-0.009959529154002666,-0.04246815666556358,-0.117584228515625,-0.08657056838274002,-0.066315658390522,-0.0606820210814476,4.977317810058594,0.8295530080795288,-0.05871664732694626,-0.004432647489011288,-0.6676610112190247,3.1752920150756836,6464482.0
115.80000305175781,46.23065185546875,0.23018361628055573,0.005950285587459803,907.04541015625,0.19731438159942627,1200.923095703125,-0.06021719425916672,1117.6448974609375,0.09996946901082993,1223.6160888671875,-0.45138129591941833,1.5751452445983887,2.1224372386932373,1.7912094593048096,1.1068381071090698,0.9010178446769714,0.8447821140289307,-0.010024189949035645,-0.0425204373896122,-0.1168743297457695,-0.08573217689990997,-0.06567578762769699,-0.060128021985292435,4.942240238189697,0.8237067461013794,-0.058193009346723557,-0.004449574742466211,-0.6702106595039368,3.1754512786865234,6464806.0
115.9000015258789,46.253700256347656,0.23047035932540894,0.00286745373159647,907.0647583007812,0.1893330067396164,1200.9166259765625,-0.07015315443277359,1117.6544189453125,0.08974184095859528,1223.5706787109375,-0.4578586220741272,1.5741395950317383,2.11818265914917,1.779557466506958,1.09830641746521,0.8944818377494812,0.8387967944145203,-0.010088050737977028,-0.042570795863866806,-0.11616653203964233,-0.084902822971344,-0.06504442542791367,-0.059578634798526764,4.9074835777282715,0.8179139494895935,-0.057655368000268936,-0.004466481506824493,-0.6727572083473206,3.1756038665771484,6465117.0
116.0,46.27674865722656,0.230476513504982,6.159407348604873e-05,907.0833129882812,0.18142832815647125,1200.9090576171875,-0.07999259978532791,1117.662841796875,0.07961323112249374,1223.5245361328125,-0.4642729163169861,1.5731276273727417,2.1139230728149414,1.7679760456085205,1.0898572206497192,0.8880086541175842,0.832866370677948,-0.010151096619665623,-0.04261920601129532,-0.11546066403388977,-0.08408189564943314,-0.0644199401140213,-0.05902983248233795,4.873055458068848,0.8121759295463562,-0.05710695683956146,-0.004483344033360481,-0.6752971410751343,3.175750494003296,6465415.0
116.0999984741211,46.29975128173828,0.2300303876399994,-0.004461243283003569,907.10107421875,0.17359963059425354,1200.900634765625,-0.089735247194767,1117.6702880859375,0.0695827379822731,1223.477783203125,-0.4706207513809204,1.5721094608306885,2.10965895652771,1.756465196609497,1.0814896821975708,0.8815976977348328,0.8269910216331482,-0.010213303379714489,-0.04266560450196266,-0.11475647240877151,-0.08326856046915054,-0.06380019336938858,-0.05847663804888725,4.8389668464660645,0.8064944744110107,-0.056536026298999786,-0.004500126466155052,-0.6778249144554138,3.1758906841278076,6465700.5
116.19999694824219,46.32268524169922,0.22936633229255676,-0.006640558131039143,907.1180419921875,0.16584622859954834,1200.89111328125,-0.0993812307715416,1117.6767578125,0.05964953452348709,1223.430419921875,-0.4769001603126526,1.571084976196289,2.1053900718688965,1.7450246810913086,1.073203206062317,0.8752484917640686,0.8211712837219238,-0.010274659842252731,-0.042709965258836746,-0.11405381560325623,-0.08246229588985443,-0.0631839856505394,-0.05791768804192543,4.8052239418029785,0.8008706569671631,-0.05595963075757027,-0.004516810644418001,-0.6803379058837891,3.1760246753692627,6465973.5
116.30000305175781,46.34553527832031,0.22847621142864227,-0.008901208639144897,907.1342163085938,0.15816743671894073,1200.8807373046875,-0.10893076658248901,1117.6822509765625,0.04981287196278572,1223.3824462890625,-0.48310983180999756,1.570054531097412,2.101116895675659,1.7336543798446655,1.0649969577789307,0.8689607977867126,0.8154077529907227,-0.010335156694054604,-0.04275227710604668,-0.11335258930921555,-0.08166268467903137,-0.06257046014070511,-0.05735266953706741,4.771831035614014,0.7953051924705505,-0.05537565052509308,-0.004533377941697836,-0.6828333735466003,3.1761527061462402,6466234.0
116.4000015258789,46.36825180053711,0.227170929312706,-0.013052928261458874,907.149658203125,0.15056255459785461,1200.869384765625,-0.11838361620903015,1117.686767578125,0.040072038769721985,1223.3338623046875,-0.48924681544303894,1.569018006324768,2.096839666366577,1.7223541736602783,1.056870460510254,0.8627343773841858,0.809701144695282,-0.010394773446023464,-0.04279249161481857,-0.11265258491039276,-0.08086903393268585,-0.06195806339383125,-0.05677899345755577,4.738797664642334,0.7897996306419373,-0.054772090166807175,-0.004549794364720583,-0.6853060722351074,3.1762747764587402,6466482.5
116.5,46.39079284667969,0.22542598843574524,-0.017449306324124336,907.164306640625,0.14303094148635864,1200.8570556640625,-0.1277393102645874,1117.6903076171875,0.030426429584622383,1223.2845458984375,-0.49530768394470215,1.567975640296936,2.0925586223602295,1.7111238241195679,1.0488229990005493,0.856569230556488,0.804052472114563,-0.010453484952449799,-0.04283054918050766,-0.11195354908704758,-0.08008059114217758,-0.06134510412812233,-0.05619393661618233,4.706136226654053,0.7843560576438904,-0.054148897528648376,-0.00456602405756712,-0.6877506971359253,3.1763906478881836,6466718.5
116.5999984741211,46.413124084472656,0.2233106940984726,-0.021152999252080917,907.1782836914062,0.13557195663452148,1200.8438720703125,-0.1369975209236145,1117.69287109375,0.020875506103038788,1223.2347412109375,-0.5012896656990051,1.566927433013916,2.088273763656616,1.6999634504318237,1.0408540964126587,0.8504654765129089,0.7984629273414612,-0.01051127165555954,-0.042866408824920654,-0.11125528067350388,-0.07929670810699463,-0.06073031947016716,-0.055596332997083664,4.673855781555176,0.7789759635925293,-0.0535108745098114,-0.004582036752253771,-0.6901625394821167,3.1765007972717285,6466942.5
116.69999694824219,46.43519973754883,0.2207401841878891,-0.025705091655254364,907.1914672851562,0.1281849592924118,1200.8297119140625,-0.14615768194198608,1117.6944580078125,0.011418812908232212,1223.184326171875,-0.5071893930435181,1.565873384475708,2.0839853286743164,1.6888728141784668,1.032963514328003,0.8444233536720276,0.7929338812828064,-0.010568109340965748,-0.04290000721812248,-0.11055754125118256,-0.07851669192314148,-0.06011231243610382,-0.05498458072543144,4.641968250274658,0.7736613154411316,-0.05285242199897766,-0.004597794264554977,-0.6925359964370728,3.176604986190796,6467155.0
116.80000305175781,46.45692825317383,0.21728333830833435,-0.03456844016909599,907.2039184570312,0.12086934596300125,1200.8145751953125,-0.1552182286977768,1117.695068359375,0.0020560009870678186,1223.13330078125,-0.5130002498626709,1.5648138523101807,2.0796937942504883,1.677851915359497,1.0251507759094238,0.8384432792663574,0.7874670028686523,-0.01062394492328167,-0.04293123260140419,-0.10985984653234482,-0.07773924618959427,-0.05948810279369354,-0.05435224249958992,4.610496520996094,0.7684161067008972,-0.05214713141322136,-0.004613223485648632,-0.6948599815368652,3.176703453063965,6467355.0
116.9000015258789,46.47823715209961,0.2130795121192932,-0.04203834384679794,907.2156372070312,0.11362454295158386,1200.798583984375,-0.1641775220632553,1117.69482421875,-0.00721312128007412,1223.081787109375,-0.5187159180641174,1.5637487173080444,2.075399160385132,1.666900873184204,1.0174156427383423,0.8325260877609253,0.7820646166801453,-0.010678730905056,-0.04295995831489563,-0.10916174203157425,-0.0769631490111351,-0.05885510519146919,-0.05369502678513527,4.579464435577393,0.7632440328598022,-0.0514070950448513,-0.004628262482583523,-0.6971251964569092,3.1767959594726562,6467543.5
117.0,46.499046325683594,0.20811474323272705,-0.04964761808514595,907.2266235351562,0.10644999891519547,1200.78173828125,-0.17303398251533508,1117.6937255859375,-0.01638861745595932,1223.029541015625,-0.5243303179740906,1.5626780986785889,2.0711019039154053,1.6560195684432983,1.0097581148147583,0.8266727924346924,0.7767292857170105,-0.010732420720160007,-0.04298608377575874,-0.10846279561519623,-0.07618729770183563,-0.05821111798286438,-0.05301019921898842,4.548892974853516,0.7581487894058228,-0.050630781799554825,-0.004642847925424576,-0.6993221044540405,3.1768829822540283,6467720.5
117.0999984741211,46.5192985534668,0.20252935588359833,-0.05585392937064171,907.2369384765625,0.09934519231319427,1200.7640380859375,-0.18178625404834747,1117.6915283203125,-0.025470441207289696,1222.976806640625,-0.5298386812210083,1.561602234840393,2.0668020248413086,1.6452083587646484,1.0021781921386719,0.8208844661712646,0.771463930606842,-0.010784976184368134,-0.04300951957702637,-0.10776267200708389,-0.07541081309318542,-0.057554639875888824,-0.05229734629392624,4.518799781799316,0.753133237361908,-0.049827639013528824,-0.004656928591430187,-0.7014430165290833,3.176964282989502,6467886.0
117.19999694824219,46.538970947265625,0.19668875634670258,-0.05840593948960304,907.2465209960938,0.09230963885784149,1200.745361328125,-0.1904338300228119,1117.6885986328125,-0.03445849195122719,1222.923583984375,-0.5352391600608826,1.560521125793457,2.0625,1.6344671249389648,0.9946759939193726,0.8151624202728271,0.7662709951400757,-0.010836384259164333,-0.043030235916376114,-0.10706125199794769,-0.07463338971138,-0.05688583105802536,-0.05156084522604942,4.489191055297852,0.7481985092163086,-0.04901973158121109,-0.004670483060181141,-0.7034846544265747,3.177039861679077,6468040.5
117.30000305175781,46.55803298950195,0.19065344333648682,-0.06035308539867401,907.25537109375,0.0853428989648819,1200.7259521484375,-0.198976531624794,1117.6846923828125,-0.04335266724228859,1222.869873046875,-0.5405313372612,1.5594350099563599,2.0581960678100586,1.6237961053848267,0.9872515797615051,0.8095078468322754,0.7611526846885681,-0.010886642150580883,-0.043048229068517685,-0.10635851323604584,-0.0738549530506134,-0.05620540678501129,-0.05080571398139,4.460069179534912,0.7433449029922485,-0.048208847641944885,-0.004683495499193668,-0.7054446339607239,3.177110195159912,6468183.0
117.4000015258789,46.576480865478516,0.18444497883319855,-0.06208472698926926,907.2635498046875,0.07844453305006027,1200.70556640625,-0.20741428434848785,1117.679931640625,-0.05215289071202278,1222.8155517578125,-0.545714795589447,1.5583438873291016,2.0538904666900635,1.613195538520813,0.9799050688743591,0.8039218187332153,0.756110668182373,-0.010935748927295208,-0.043063510209321976,-0.10565444827079773,-0.07307547330856323,-0.055514153093099594,-0.05003609508275986,4.431435585021973,0.7385725975036621,-0.04739639163017273,-0.00469595193862915,-0.7073208689689636,3.1771748065948486,6468315.0
117.5,46.59430694580078,0.17827387154102325,-0.06171102821826935,907.2710571289062,0.07161416113376617,1200.6844482421875,-0.2157474309206009,1117.67431640625,-0.06085909903049469,1222.7607421875,-0.5507909059524536,1.5572478771209717,2.049583673477173,1.6026653051376343,0.9726365804672241,0.7984054088592529,0.7511460781097412,-0.010983715765178204,-0.043076105415821075,-0.10494916141033173,-0.07229521870613098,-0.05481358617544174,-0.049257561564445496,4.403285503387451,0.733880877494812,-0.04659513011574745,-0.004707855638116598,-0.7091138362884521,3.177234172821045,6468435.5
117.5999984741211,46.61153030395508,0.17222225666046143,-0.060516107827425,907.2778930664062,0.06485141068696976,1200.6624755859375,-0.22397668659687042,1117.667724609375,-0.06947130709886551,1222.705322265625,-0.555761992931366,1.5561472177505493,2.0452754497528076,1.5922057628631592,0.9654461145401001,0.792959451675415,0.7462595105171204,-0.011030563153326511,-0.04308607429265976,-0.10424283146858215,-0.07151461392641068,-0.054105598479509354,-0.04847578704357147,4.3756103515625,0.7292683720588684,-0.045808758586645126,-0.004719216842204332,-0.7108250856399536,3.177288055419922,6468545.5
117.69999694824219,46.62815856933594,0.1663128286600113,-0.059094298630952835,907.2840576171875,0.05815592780709267,1200.6396484375,-0.23210282623767853,1117.660400390625,-0.0779895931482315,1222.6495361328125,-0.5606305599212646,1.555041790008545,2.040966510772705,1.5818167924880981,0.9583336710929871,0.7875846028327942,0.7414510846138,-0.011076314374804497,-0.043093468993902206,-0.10353567451238632,-0.07073415070772171,-0.053392063826322556,-0.04769546166062355,4.348400592803955,0.7247334122657776,-0.04503827542066574,-0.004730047192424536,-0.7124564051628113,3.1773366928100586,6468644.5
117.80000305175781,46.64419937133789,0.16041302680969238,-0.05899810045957565,907.28955078125,0.05152738466858864,1200.6160888671875,-0.24012644588947296,1117.6522216796875,-0.08641409873962402,1222.59326171875,-0.5653983354568481,1.5539319515228271,2.0366568565368652,1.5714986324310303,0.951299250125885,0.7822812795639038,0.7367205023765564,-0.011120982468128204,-0.043098337948322296,-0.10282780230045319,-0.06995411217212677,-0.052674248814582825,-0.04691869765520096,4.321650505065918,0.7202751040458679,-0.044275715947151184,-0.0047403485514223576,-0.7140080332756042,3.177379846572876,6468732.5
117.9000015258789,46.65966033935547,0.15458154678344727,-0.05831478163599968,907.2943725585938,0.04496545344591141,1200.5916748046875,-0.24804815649986267,1117.64306640625,-0.09474498778581619,1222.5364990234375,-0.5700671076774597,1.552817702293396,2.0323469638824463,1.5612512826919556,0.944342851638794,0.7770498991012573,0.732067346572876,-0.011164584197103977,-0.04310072213411331,-0.10211936384439468,-0.06917481869459152,-0.05195339769124985,-0.046147361397743225,4.295353889465332,0.7158923149108887,-0.043525297194719315,-0.0047501265071332455,-0.7154808640480042,3.1774179935455322,6468810.0
118.0,46.674522399902344,0.14863930642604828,-0.059422362595796585,907.2985229492188,0.0384698361158371,1200.56640625,-0.2558682858943939,1117.6331787109375,-0.10298248380422592,1222.479248046875,-0.5746375322341919,1.5516990423202515,2.0280368328094482,1.551074743270874,0.9374642968177795,0.7718907594680786,0.727491021156311,-0.011207127012312412,-0.043100643903017044,-0.10141041874885559,-0.06839636713266373,-0.05123009532690048,-0.045381098985672,4.26950740814209,0.7115846276283264,-0.04277607798576355,-0.004759372211992741,-0.7168734669685364,3.1774508953094482,6468877.0
118.0999984741211,46.68875503540039,0.14231282472610474,-0.06326480209827423,907.3020629882812,0.032040227204561234,1200.54052734375,-0.26358646154403687,1117.62255859375,-0.11112676560878754,1222.4215087890625,-0.5791079998016357,1.5505763292312622,2.0237269401550293,1.5409692525863647,0.9306635856628418,0.7668040990829468,0.7229912877082825,-0.01124859880656004,-0.0430980809032917,-0.10070084780454636,-0.06761845201253891,-0.050503749400377274,-0.0446162186563015,4.244117736816406,0.7073529362678528,-0.04201329126954079,-0.004768054001033306,-0.7181811332702637,3.177478790283203,6468934.0
118.19999694824219,46.70232009887695,0.1356724351644516,-0.06640397012233734,907.304931640625,0.025676347315311432,1200.5137939453125,-0.27120232582092285,1117.6109619140625,-0.11917798966169357,1222.3634033203125,-0.5834769010543823,1.5494494438171387,2.0194172859191895,1.5309346914291382,0.9239405989646912,0.7617902159690857,0.7185680866241455,-0.011288989335298538,-0.043093010783195496,-0.09999055415391922,-0.0668407753109932,-0.049773845821619034,-0.04385003820061684,4.219189643859863,0.7031983137130737,-0.04124248027801514,-0.004776145331561565,-0.7193998694419861,3.177501678466797,6468980.5
118.30000305175781,46.71518325805664,0.12859973311424255,-0.07072702795267105,907.3071899414062,0.01937791332602501,1200.4862060546875,-0.2787153124809265,1117.5986328125,-0.1271362602710724,1222.3048095703125,-0.587742030620575,1.5483185052871704,2.015108346939087,1.5209711790084839,0.9172954559326172,0.7568495869636536,0.714221715927124,-0.011328281834721565,-0.04308539256453514,-0.09927938133478165,-0.06606291979551315,-0.049039579927921295,-0.04307953268289566,4.194732189178467,0.6991220116615295,-0.04045628011226654,-0.00478361127898097,-0.7205243706703186,3.1775195598602295,6469016.5
118.4000015258789,46.72727966308594,0.12096033990383148,-0.07639385759830475,907.308837890625,0.01314467005431652,1200.4580078125,-0.28612440824508667,1117.5855712890625,-0.13500161468982697,1222.245849609375,-0.591900110244751,1.5471837520599365,2.010800361633301,1.5110788345336914,0.9107280969619751,0.7519826292991638,0.7099528312683105,-0.011366450227797031,-0.04307517409324646,-0.09856709837913513,-0.06528428941965103,-0.048299647867679596,-0.042300689965486526,4.1707563400268555,0.6951260566711426,-0.03964782506227493,-0.004790403880178928,-0.721547544002533,3.177532196044922,6469042.5
118.5,46.73854064941406,0.11264227330684662,-0.08318066596984863,907.309814453125,0.006976368371397257,1200.4290771484375,-0.2934283912181854,1117.5716552734375,-0.14277400076389313,1222.1865234375,-0.595946729183197,1.5460453033447266,2.006493330001831,1.5012577772140503,0.9042387008666992,0.7471900582313538,0.7057623863220215,-0.01140346098691225,-0.043062277138233185,-0.0978533923625946,-0.06450413167476654,-0.04755236208438873,-0.04150902479887009,4.147278785705566,0.6912131309509277,-0.03881150111556053,-0.004796466790139675,-0.7224607467651367,3.1775403022766113,6469059.0
118.5999984741211,46.748924255371094,0.10381215065717697,-0.08830125629901886,907.3102416992188,0.0008727817912586033,1200.3992919921875,-0.30062615871429443,1117.5570068359375,-0.15045331418514252,1222.126708984375,-0.5998785495758057,1.5449031591415405,2.002187967300415,1.4915082454681396,0.8978273868560791,0.7424725890159607,0.701651930809021,-0.011439288035035133,-0.04304663836956024,-0.09713805466890335,-0.06372186541557312,-0.04679665341973305,-0.04070265218615532,4.124311923980713,0.6873853206634521,-0.03795725479722023,-0.004801758099347353,-0.7232577204704285,3.1775434017181396,6469065.0
118.69999694824219,46.75837326049805,0.0945071429014206,-0.0930500477552414,907.3099975585938,-0.005166298244148493,1200.368896484375,-0.3077167570590973,1117.5416259765625,-0.15803933143615723,1222.0665283203125,-0.603692889213562,1.543757438659668,1.9978842735290527,1.4818302392959595,0.8914944529533386,0.737831175327301,0.6976228356361389,-0.011473910883069038,-0.04302821680903435,-0.09642087668180466,-0.06293705105781555,-0.04603182151913643,-0.039880990982055664,4.101865291595459,0.6836442351341248,-0.037086158990859985,-0.004806237760931253,-0.7239325046539307,3.177541732788086,6469061.5
118.80000305175781,46.76683807373047,0.08462592214345932,-0.09881222248077393,907.3092041015625,-0.01114105898886919,1200.3377685546875,-0.31469908356666565,1117.525390625,-0.16553182899951935,1222.0059814453125,-0.6073863506317139,1.542608380317688,1.9935824871063232,1.4722241163253784,0.8852401375770569,0.7332667112350464,0.6936767101287842,-0.011507303453981876,-0.04300695285201073,-0.09570164978504181,-0.06214914098381996,-0.04525689780712128,-0.03904258832335472,4.079951763153076,0.6799919605255127,-0.03619246184825897,-0.004809858277440071,-0.7244778275489807,3.17753529548645,6469048.5
118.9000015258789,46.77421569824219,0.07378383725881577,-0.10842083394527435,907.3078002929688,-0.017051666975021362,1200.305908203125,-0.3215710520744324,1117.508544921875,-0.17293047904968262,1221.945068359375,-0.6109527349472046,1.5414561033248901,1.9892829656600952,1.4626901149749756,0.8790647983551025,0.7287803888320923,0.6898155808448792,-0.011539415456354618,-0.04298272728919983,-0.09497992694377899,-0.06135709583759308,-0.044469621032476425,-0.038182180374860764,4.058594226837158,0.6764324307441711,-0.03525548055768013,-0.004812539555132389,-0.7248817086219788,3.1775240898132324,6469026.0
119.0,46.78044509887695,0.06229456514120102,-0.11489272862672806,907.3057861328125,-0.02289826050400734,1200.2734375,-0.32833102345466614,1117.4908447265625,-0.18023483455181122,1221.8837890625,-0.6143873929977417,1.5403006076812744,1.9849860668182373,1.4532283544540405,0.8729689717292786,0.724373459815979,0.6860416531562805,-0.011570211499929428,-0.04295545816421509,-0.09425540268421173,-0.06056017801165581,-0.04366863891482353,-0.03729806840419769,4.037810325622559,0.6729683876037598,-0.034294456243515015,-0.004814228042960167,-0.7251360416412354,3.1775083541870117,6468994.0
119.0999984741211,46.78547668457031,0.05031995102763176,-0.11974617838859558,907.30322265625,-0.02868095599114895,1200.2403564453125,-0.33497774600982666,1117.472412109375,-0.18744437396526337,1221.8221435546875,-0.6176874041557312,1.53914213180542,1.9806920289993286,1.443839192390442,0.8669530153274536,0.7200473546981812,0.6823572516441345,-0.011599667370319366,-0.042925093322992325,-0.09352787584066391,-0.05975796654820442,-0.042853519320487976,-0.03639143705368042,4.017610549926758,0.6696017980575562,-0.03331615403294563,-0.004814883228391409,-0.7252347469329834,3.177487850189209,6468952.5
119.19999694824219,46.78927230834961,0.037973590195178986,-0.12346360087394714,907.300048828125,-0.034399837255477905,1200.20654296875,-0.34151026606559753,1117.453369140625,-0.19455856084823608,1221.76025390625,-0.6208507418632507,1.5379806756973267,1.9764012098312378,1.4345228672027588,0.861017644405365,0.7158034443855286,0.6787645816802979,-0.011627767235040665,-0.042891599237918854,-0.09279721975326538,-0.058950215578079224,-0.042024336755275726,-0.03546459600329399,3.9980037212371826,0.6663339734077454,-0.03232593834400177,-0.004814475309103727,-0.7251732349395752,3.1774630546569824,6468901.5
119.30000305175781,46.791812896728516,0.025390107184648514,-0.12583482265472412,907.2963256835938,-0.040054965764284134,1200.1719970703125,-0.34792786836624146,1117.43359375,-0.20157688856124878,1221.697998046875,-0.6238763332366943,1.5368165969848633,1.972113847732544,1.4252798557281494,0.8551632761955261,0.7116431593894958,0.6752654314041138,-0.011654503643512726,-0.04285496473312378,-0.09206339716911316,-0.058136891573667526,-0.041181668639183044,-0.03452084958553314,3.9789936542510986,0.6631656289100647,-0.031330399215221405,-0.004812984261661768,-0.7249486446380615,3.177433490753174,6468841.5
119.4000015258789,46.79309844970703,0.012858705595135689,-0.12531402707099915,907.2920532226562,-0.04564637690782547,1200.1368408203125,-0.35423046350479126,1117.4130859375,-0.20849880576133728,1221.635498046875,-0.6267653703689575,1.5356498956680298,1.9678303003311157,1.4161103963851929,0.8493905067443848,0.7075676918029785,0.6718612909317017,-0.011679885908961296,-0.04281521588563919,-0.0913265123963356,-0.057318318635225296,-0.04032706096768379,-0.033565811812877655,3.9605772495269775,0.6600961685180664,-0.030344273895025253,-0.0048104156740009785,-0.7245617508888245,3.1773996353149414,6468772.5
119.5,46.79315185546875,0.000535768223926425,-0.12322936952114105,907.2871704101562,-0.051174089312553406,1200.1011962890625,-0.3604184687137604,1117.391845703125,-0.21532389521598816,1221.5726318359375,-0.6295203566551208,1.5344806909561157,1.9635509252548218,1.4070147275924683,0.8436998128890991,0.7035782337188721,0.6685528755187988,-0.011703934520483017,-0.042772408574819565,-0.09058675915002823,-0.05649508163332939,-0.039462655782699585,-0.03260588273406029,3.9427456855773926,0.6571242809295654,-0.029374297708272934,-0.0048067872412502766,-0.7240152955055237,3.177361488342285,6468695.0
119.5999984741211,46.79197311401367,-0.011790962889790535,-0.12326730787754059,907.2817993164062,-0.05663810297846794,1200.0648193359375,-0.3664918839931488,1117.3699951171875,-0.22205178439617157,1221.509521484375,-0.6321426033973694,1.5333091020584106,1.9592759609222412,1.3979930877685547,0.8380917310714722,0.6996756196022034,0.6653406023979187,-0.011726660653948784,-0.042726580053567886,-0.08984427899122238,-0.055667538195848465,-0.03858984261751175,-0.03164403513073921,3.92549467086792,0.6542491316795349,-0.028408274054527283,-0.0048021008260548115,-0.723309338092804,3.177318811416626,6468608.0
119.69999694824219,46.78950119018555,-0.024727171286940575,-0.129362091422081,907.27587890625,-0.062038395553827286,1200.02783203125,-0.3724495470523834,1117.347412109375,-0.22868208587169647,1221.4461669921875,-0.6346291303634644,1.5321353673934937,1.9550056457519531,1.3890459537506104,0.8325665593147278,0.6958608031272888,0.6622247695922852,-0.011748041026294231,-0.04267767444252968,-0.08909886330366135,-0.0548352487385273,-0.037707749754190445,-0.030675947666168213,3.9088356494903564,0.6514726281166077,-0.02741488814353943,-0.004796304740011692,-0.7224363684654236,3.177272081375122,6468512.5
119.80000305175781,46.78565979003906,-0.03842382878065109,-0.13696657121181488,907.2694091796875,-0.06737494468688965,1199.9903564453125,-0.3782896399497986,1117.32421875,-0.23521436750888824,1221.3826904296875,-0.6369749903678894,1.5309596061706543,1.9507405757904053,1.3801734447479248,0.8271248936653137,0.6921346783638,0.6592063903808594,-0.011768036521971226,-0.04262560233473778,-0.08835017681121826,-0.053997427225112915,-0.03681459650397301,-0.029695412144064903,3.892787218093872,0.648797869682312,-0.026388753205537796,-0.004789337515830994,-0.7213869094848633,3.1772208213806152,6468408.5
119.9000015258789,46.78034973144531,-0.053095512092113495,-0.14671683311462402,907.2623901367188,-0.07264769822359085,1199.9522705078125,-0.38400977849960327,1117.3004150390625,-0.24164804816246033,1221.31884765625,-0.6391736268997192,1.5297818183898926,1.9464807510375977,1.3713760375976562,0.8217673897743225,0.6884985566139221,0.6562869548797607,-0.011786594055593014,-0.042570240795612335,-0.08759776502847672,-0.053153011947870255,-0.035907942801713943,-0.028695298358798027,3.8773741722106934,0.6462290287017822,-0.025318363681435585,-0.0047811176627874374,-0.7201488614082336,3.1771655082702637,6468296.0
120.0,46.77347946166992,-0.06870661675930023,-0.15611107647418976,907.2548828125,-0.07785659283399582,1199.91357421875,-0.3896074593067169,1117.27587890625,-0.24798239767551422,1221.2547607421875,-0.6412181854248047,1.5286023616790771,1.9422266483306885,1.3626540899276733,0.8164947032928467,0.6849538683891296,0.6534688472747803,-0.011803658679127693,-0.042511459439992905,-0.0868411660194397,-0.052300941199064255,-0.034985434263944626,-0.027669934555888176,3.862621784210205,0.6437702775001526,-0.024205926805734634,-0.004771568812429905,-0.7187104821205139,3.1771061420440674,6468175.0
120.0999984741211,46.764991760253906,-0.08485179394483566,-0.16145174205303192,907.246826171875,-0.0830015167593956,1199.874267578125,-0.3950808048248291,1117.2508544921875,-0.25421664118766785,1221.1905517578125,-0.6431044936180115,1.5274211168289185,1.9379786252975464,1.3540080785751343,0.8113076090812683,0.6815022826194763,0.6507545709609985,-0.011819196864962578,-0.04244918376207352,-0.08608010411262512,-0.051440633833408356,-0.03404616937041283,-0.02661893516778946,3.848546266555786,0.6414244174957275,-0.023071657866239548,-0.004760646261274815,-0.7170653939247131,3.1770424842834473,6468045.5
120.19999694824219,46.7548828125,-0.10109328478574753,-0.16241492331027985,907.23828125,-0.08808236569166183,1199.83447265625,-0.4004289507865906,1117.22509765625,-0.26034992933273315,1221.126220703125,-0.644831657409668,1.5262385606765747,1.9337369203567505,1.3454383611679077,0.8062069416046143,0.6781454086303711,0.648146390914917,-0.01183320116251707,-0.042383402585983276,-0.0853145569562912,-0.05057212710380554,-0.033090949058532715,-0.02554701641201973,3.8351519107818604,0.6391919851303101,-0.021935753524303436,-0.004748344887048006,-0.7152124643325806,3.1769750118255615,6467908.0
120.30000305175781,46.743186950683594,-0.11695545166730881,-0.158621683716774,907.2291870117188,-0.09309899061918259,1199.794189453125,-0.40565207600593567,1117.19873046875,-0.26638150215148926,1221.0616455078125,-0.6464023590087891,1.5250545740127563,1.929502010345459,1.3369452953338623,0.8011935353279114,0.6748847961425781,0.6456460952758789,-0.011845692992210388,-0.04231417179107666,-0.08454474806785583,-0.049696117639541626,-0.03212229162454605,-0.024463124573230743,3.822429656982422,0.6370716094970703,-0.020820578560233116,-0.004734697286039591,-0.7131568193435669,3.176903247833252,6467762.0
120.4000015258789,46.72998046875,-0.13205744326114655,-0.15101982653141022,907.2196655273438,-0.09805121272802353,1199.75341796875,-0.4107513129711151,1117.1717529296875,-0.27231070399284363,1220.9969482421875,-0.6478224396705627,1.523869514465332,1.9252742528915405,1.3285294771194458,0.7962679862976074,0.6717214584350586,0.643254280090332,-0.011856719851493835,-0.042241618037223816,-0.08377113193273544,-0.04881381615996361,-0.031144017353653908,-0.023378603160381317,3.810359477996826,0.6350598931312561,-0.019743558019399643,-0.004719769582152367,-0.7109082937240601,3.176827907562256,6467608.5
120.5,46.71537780761719,-0.1460505574941635,-0.13993129134178162,907.2095947265625,-0.10293887555599213,1199.7120361328125,-0.41572868824005127,1117.144287109375,-0.27813708782196045,1220.93212890625,-0.6491003632545471,1.5226832628250122,1.9210538864135742,1.3201912641525269,0.7914309501647949,0.6686562895774841,0.6409703493118286,-0.011866348795592785,-0.042165908962488174,-0.08299435675144196,-0.04792691022157669,-0.030160993337631226,-0.022306116297841072,3.7989113330841064,0.6331518888473511,-0.018721163272857666,-0.004703655373305082,-0.7084811329841614,3.176748514175415,6467447.0
120.5999984741211,46.69951248168945,-0.15863634645938873,-0.12585781514644623,907.1990966796875,-0.10776178538799286,1199.6702880859375,-0.42058709263801575,1117.1162109375,-0.2838604748249054,1220.8670654296875,-0.6502469778060913,1.521496295928955,1.9168411493301392,1.311930775642395,0.7866827845573425,0.6656893491744995,0.6387924551963806,-0.011874670162796974,-0.04208727553486824,-0.08221523463726044,-0.04703747108578682,-0.029178893193602562,-0.02125883661210537,3.788046360015869,0.6313410401344299,-0.017767587676644325,-0.004686474800109863,-0.705893337726593,3.1766650676727295,6467277.5
120.69999694824219,46.68254852294922,-0.1696399301290512,-0.11003583669662476,907.1880493164062,-0.1125197783112526,1199.6279296875,-0.4253300726413727,1117.0875244140625,-0.28948095440864563,1220.802001953125,-0.6512746810913086,1.5203083753585815,1.9126365184783936,1.3037482500076294,0.782023549079895,0.6628203392028809,0.6367174386978149,-0.011881783604621887,-0.042005959898233414,-0.0814346969127655,-0.046147800981998444,-0.02820371650159359,-0.020249074324965477,3.777719736099243,0.6296199560165405,-0.016891060397028923,-0.004668361507356167,-0.7031650543212891,3.1765780448913574,6467100.0
120.80000305175781,46.66462326049805,-0.17927461862564087,-0.09634693711996078,907.1765747070312,-0.1172126978635788,1199.585205078125,-0.4299609959125519,1117.058349609375,-0.29499879479408264,1220.73681640625,-0.6521948575973511,1.5191199779510498,1.908440113067627,1.295643925666809,0.7774531841278076,0.660048246383667,0.6347411274909973,-0.01188778318464756,-0.041922204196453094,-0.0806535854935646,-0.04525994881987572,-0.027240488678216934,-0.019284537062048912,3.767890453338623,0.6279817223548889,-0.016080398112535477,-0.00464943191036582,-0.7003138065338135,3.176487445831299,6466915.5
120.9000015258789,46.64583206176758,-0.18790355324745178,-0.08628927171230316,907.1646118164062,-0.12184042483568192,1199.5419921875,-0.434482604265213,1117.028564453125,-0.3004145622253418,1220.671630859375,-0.6530162692070007,1.5179308652877808,1.9042521715164185,1.287617564201355,0.7729714512825012,0.6573716998100281,0.63285893201828,-0.011892741546034813,-0.04183619096875191,-0.07987253367900848,-0.044375449419021606,-0.02629256434738636,-0.01836715079843998,3.75852632522583,0.6264210939407349,-0.015318453311920166,-0.0046297712251544,-0.6973524689674377,3.1763930320739746,6466723.0
121.0,46.626277923583984,-0.1955529749393463,-0.07649427652359009,907.1522216796875,-0.1264028549194336,1199.498291015625,-0.43889760971069336,1116.9981689453125,-0.3057289719581604,1220.606201171875,-0.6537469029426575,1.516741394996643,1.9000729322433472,1.2796692848205566,0.7685779333114624,0.6547890901565552,0.6310660243034363,-0.011896723881363869,-0.041748080402612686,-0.07909214496612549,-0.04349566623568535,-0.025362690910696983,-0.01749739795923233,3.749598264694214,0.6249330639839172,-0.014605852775275707,-0.004609462805092335,-0.6942934989929199,3.1762948036193848,6466523.5
121.0999984741211,46.606056213378906,-0.20220516622066498,-0.06652183085680008,907.1393432617188,-0.13089995086193085,1199.4542236328125,-0.443208783864975,1116.9674072265625,-0.3109428286552429,1220.5408935546875,-0.6543949246406555,1.5155515670776367,1.8959026336669922,1.271799087524414,0.7642720937728882,0.6522983908653259,0.6293576955795288,-0.011899799108505249,-0.04165804758667946,-0.07831300050020218,-0.04262194782495499,-0.024453477934002876,-0.016675880178809166,3.7410759925842285,0.6235126852989197,-0.013943699188530445,-0.004588590934872627,-0.6911497712135315,3.1761932373046875,6466316.5
121.19999694824219,46.585243225097656,-0.20811818540096283,-0.059130240231752396,907.1260375976562,-0.1353316605091095,1199.40966796875,-0.4474186599254608,1116.93603515625,-0.31605711579322815,1220.475341796875,-0.6549668908119202,1.5143615007400513,1.891741394996643,1.2640067338943481,0.760053277015686,0.649897575378418,0.6277291774749756,-0.01190202310681343,-0.04156623035669327,-0.07753557711839676,-0.04175532981753349,-0.023566555231809616,-0.01590069569647312,3.7329351902008057,0.6221558451652527,-0.013318821787834167,-0.004567218944430351,-0.6879305839538574,3.1760880947113037,6466102.5
121.30000305175781,46.56391525268555,-0.21328213810920715,-0.05163956433534622,907.1123046875,-0.13969801366329193,1199.36474609375,-0.4515296220779419,1116.9041748046875,-0.3210728168487549,1220.409912109375,-0.6554689407348633,1.5131711959838867,1.887589454650879,1.2562918663024902,0.7559207081794739,0.6475841999053955,0.6261759400367737,-0.011903448030352592,-0.04147276282310486,-0.07676032185554504,-0.04089675471186638,-0.022703254595398903,-0.015169935300946236,3.7251527309417725,0.6208587884902954,-0.012733176350593567,-0.004545409698039293,-0.6846456527709961,3.1759793758392334,6465881.0
121.4000015258789,46.54213333129883,-0.2178061604499817,-0.04524015635251999,907.0980834960938,-0.14399906992912292,1199.3193359375,-0.45554402470588684,1116.871826171875,-0.32599106431007385,1220.34423828125,-0.6559066772460938,1.5119808912277222,1.8834469318389893,1.2486544847488403,0.7518736124038696,0.6453559994697571,0.6246936917304993,-0.011904122307896614,-0.04137776046991348,-0.07598762959241867,-0.04004702717065811,-0.021864505484700203,-0.014481245540082455,3.717707395553589,0.6196178793907166,-0.012181064113974571,-0.004523218609392643,-0.6813031435012817,3.1758673191070557,6465653.0
121.5,46.51996612548828,-0.22170092165470123,-0.03894757106900215,907.08349609375,-0.14823493361473083,1199.2735595703125,-0.4594641625881195,1116.8389892578125,-0.33081305027008057,1220.2786865234375,-0.6562853455543518,1.510790467262268,1.8793139457702637,1.2410942316055298,0.7479109764099121,0.6432103514671326,0.6232782602310181,-0.011904090642929077,-0.04128134623169899,-0.07521786540746689,-0.03920688107609749,-0.021051041781902313,-0.013832511380314827,3.7105789184570312,0.6184298396110535,-0.011662600561976433,-0.004500698298215866,-0.6779110431671143,3.1757519245147705,6465418.0
121.5999984741211,46.49748992919922,-0.22475120425224304,-0.030502943322062492,907.0684204101562,-0.1524057388305664,1199.2275390625,-0.46329280734062195,1116.8056640625,-0.3355400264263153,1220.2130126953125,-0.6566116213798523,1.509600043296814,1.8751907348632812,1.2336108684539795,0.7440317869186401,0.6411447525024414,0.6219256520271301,-0.011903409846127033,-0.041183654218912125,-0.0744514986872673,-0.03837727755308151,-0.02026420831680298,-0.013224216178059578,3.703742742538452,0.6172904372215271,-0.011189037933945656,-0.004477920010685921,-0.674480140209198,3.175632953643799,6465176.0
121.69999694824219,46.474754333496094,-0.22735174000263214,-0.02600530907511711,907.052978515625,-0.15651167929172516,1199.180908203125,-0.46703219413757324,1116.7718505859375,-0.34017327427864075,1220.1473388671875,-0.6568900346755981,1.5084097385406494,1.871077299118042,1.2262037992477417,0.7402350902557373,0.6391564607620239,0.620631992816925,-0.011902120895683765,-0.041084785014390945,-0.07368884980678558,-0.03755878284573555,-0.019504224881529808,-0.012653554789721966,3.69718074798584,0.6161968111991882,-0.010739211924374104,-0.004454922396689653,-0.6710161566734314,3.175511121749878,6464927.5
121.80000305175781,46.45176696777344,-0.22986392676830292,-0.02512180432677269,907.0371704101562,-0.1605529636144638,1199.134033203125,-0.4706837236881256,1116.7376708984375,-0.3447141647338867,1220.0816650390625,-0.6571221351623535,1.507219672203064,1.8669737577438354,1.2188729047775269,0.7365196347236633,0.6372429132461548,0.6193937659263611,-0.011900239624083042,-0.040984783321619034,-0.0729300007224083,-0.036751408129930496,-0.018769854679703712,-0.012114034034311771,3.6908862590789795,0.6151477098464966,-0.010296564549207687,-0.004431713372468948,-0.6675203442573547,3.1753857135772705,6464672.5
121.9000015258789,46.428524017333984,-0.23244017362594604,-0.025762513279914856,907.0208740234375,-0.16452987492084503,1199.0867919921875,-0.47424834966659546,1116.702880859375,-0.3491639494895935,1220.0159912109375,-0.6573081016540527,1.506029725074768,1.8628803491592407,1.2116177082061768,0.7328843474388123,0.6354016065597534,0.6182082891464233,-0.011897769756615162,-0.040883664041757584,-0.07217495143413544,-0.035954900085926056,-0.01805921271443367,-0.011598501354455948,3.6848576068878174,0.6141429543495178,-0.009854481555521488,-0.0044082882814109325,-0.6639919281005859,3.175257444381714,6464411.0
122.0,46.405006408691406,-0.2351849228143692,-0.027447454631328583,907.0042724609375,-0.16844268143177032,1199.0391845703125,-0.4777267575263977,1116.6678466796875,-0.3535238206386566,1219.9501953125,-0.6574469804763794,1.5048401355743408,1.8587970733642578,1.2044377326965332,0.7293282151222229,0.6336302161216736,0.6170734763145447,-0.0118947084993124,-0.0407814122736454,-0.07142360508441925,-0.0351688414812088,-0.017370104789733887,-0.01110018976032734,3.6790966987609863,0.613182783126831,-0.00940768513828516,-0.004384633153676987,-0.6604289412498474,3.17512583732605,6464143.5
122.0999984741211,46.3812141418457,-0.23790118098258972,-0.027162587270140648,906.9871826171875,-0.17229171097278595,1198.9913330078125,-0.4811198115348816,1116.6322021484375,-0.35779494047164917,1219.8843994140625,-0.6575390100479126,1.5036507844924927,1.8547240495681763,1.1973328590393066,0.7258502244949341,0.6319267749786377,0.6159878373146057,-0.011891060508787632,-0.04067804664373398,-0.07067595422267914,-0.03439299762248993,-0.016701003536581993,-0.010615529492497444,3.6736018657684326,0.612267017364502,-0.008966301567852497,-0.004360751714557409,-0.6568318009376526,3.1749911308288574,6463869.5
122.19999694824219,46.35716247558594,-0.24052180349826813,-0.02620629034936428,906.9697875976562,-0.17607730627059937,1198.9429931640625,-0.4844287037849426,1116.59619140625,-0.3619784414768219,1219.8187255859375,-0.6575850248336792,1.5024619102478027,1.8506615161895752,1.1903024911880493,0.7224492430686951,0.6302893161773682,0.6149500012397766,-0.011886835098266602,-0.040573589503765106,-0.06993203610181808,-0.03362727537751198,-0.016050854697823524,-0.010142871178686619,3.6683690547943115,0.6113948225975037,-0.008532458916306496,-0.004336652345955372,-0.6532018780708313,3.174853563308716,6463589.0
122.30000305175781,46.33284378051758,-0.24321284890174866,-0.026910407468676567,906.9519653320312,-0.1797998547554016,1198.8944091796875,-0.4876541793346405,1116.559814453125,-0.3660753667354584,1219.7529296875,-0.6575848460197449,1.501273512840271,1.8466094732284546,1.1833462715148926,0.7191243767738342,0.6287159323692322,0.6139589548110962,-0.011882035061717033,-0.04046805575489998,-0.0691918283700943,-0.03287140280008316,-0.015418191440403461,-0.009679465554654598,3.6633973121643066,0.610566258430481,-0.008097141981124878,-0.004312329925596714,-0.6495383381843567,3.174712896347046,6463303.0
122.4000015258789,46.3082160949707,-0.2462465465068817,-0.030337076634168625,906.933837890625,-0.18345972895622253,1198.845458984375,-0.4907965064048767,1116.5230712890625,-0.3700867295265198,1219.6871337890625,-0.6575363874435425,1.5000855922698975,1.8425679206848145,1.1764639616012573,0.7158746123313904,0.6272050738334656,0.6130140423774719,-0.011876645497977734,-0.040361400693655014,-0.06845514476299286,-0.032124754041433334,-0.014800675213336945,-0.009220179170370102,3.658693790435791,0.6097822785377502,-0.0076467618346214294,-0.004287756513804197,-0.6458370089530945,3.1745693683624268,6463010.5
122.5,46.28327178955078,-0.24945949018001556,-0.03212935850024223,906.915283203125,-0.18705733120441437,1198.7962646484375,-0.49385592341423035,1116.48583984375,-0.3740134835243225,1219.6214599609375,-0.6574379801750183,1.4988981485366821,1.8385372161865234,1.1696550846099854,0.7126990556716919,0.6257553100585938,0.6121149659156799,-0.011870657093822956,-0.04025361314415932,-0.06772184371948242,-0.03138680383563042,-0.014196398667991161,-0.00876194890588522,3.6542630195617676,0.6090438365936279,-0.007190457545220852,-0.0042629181407392025,-0.6420957446098328,3.1744229793548584,6462712.5
122.5999984741211,46.257999420166016,-0.2527191936969757,-0.0325971394777298,906.8964233398438,-0.19059307873249054,1198.7467041015625,-0.49683302640914917,1116.4482421875,-0.37785646319389343,1219.5556640625,-0.6572890281677246,1.497711420059204,1.834517240524292,1.1629194021224976,0.7095969319343567,0.6243653893470764,0.6112617254257202,-0.011864067055284977,-0.04014468193054199,-0.06699185818433762,-0.030657237395644188,-0.013604129664599895,-0.008304059505462646,3.65010666847229,0.6083511114120483,-0.006733695510774851,-0.004237811081111431,-0.6383140683174133,3.17427396774292,6462409.0
122.69999694824219,46.232391357421875,-0.2560931444168091,-0.033739324659109116,906.877197265625,-0.19406738877296448,1198.6968994140625,-0.4997282922267914,1116.4102783203125,-0.3816165030002594,1219.489990234375,-0.6570887565612793,1.4965254068374634,1.8305083513259888,1.1562566757202148,0.7065673470497131,0.6230341196060181,0.6104543209075928,-0.011856872588396072,-0.04003459960222244,-0.06626510620117188,-0.029935698956251144,-0.01302260160446167,-0.007845531217753887,3.646226406097412,0.6077044010162354,-0.006272136699408293,-0.004212427884340286,-0.6344907283782959,3.174121856689453,6462099.5
122.80000305175781,46.20640563964844,-0.25983381271362305,-0.03740663081407547,906.8576049804688,-0.1974806785583496,1198.646728515625,-0.5025416612625122,1116.3719482421875,-0.3852944076061249,1219.42431640625,-0.6568345427513123,1.49534010887146,1.8265104293823242,1.1496663093566895,0.7036095261573792,0.6217605471611023,0.6096929311752319,-0.011849054135382175,-0.039923328906297684,-0.06554139405488968,-0.02922152727842331,-0.012449782341718674,-0.007382966112345457,3.6426308155059814,0.6071051359176636,-0.005792718846350908,-0.004186737351119518,-0.6306211948394775,3.173967123031616,6461784.5
122.9000015258789,46.180023193359375,-0.2638506591320038,-0.04016858711838722,906.8377075195312,-0.20083341002464294,1198.596435546875,-0.5052729845046997,1116.333251953125,-0.3888908326625824,1219.358642578125,-0.6565238237380981,1.4941556453704834,1.8225237131118774,1.1431481838226318,0.7007227540016174,0.620543897151947,0.6089780926704407,-0.011840595863759518,-0.039810825139284134,-0.06482049822807312,-0.028514089062809944,-0.011883835308253765,-0.006913934834301472,3.6393282413482666,0.6065546870231628,-0.005300764925777912,-0.004160718526691198,-0.6267021298408508,3.173809766769409,6461464.5
123.0,46.153202056884766,-0.2681833803653717,-0.043327268213033676,906.8174438476562,-0.20412597060203552,1198.5457763671875,-0.5079221725463867,1116.294189453125,-0.3924064040184021,1219.29296875,-0.6561540961265564,1.4929720163345337,1.818548321723938,1.136702060699463,0.697906494140625,0.6193836331367493,0.6083105802536011,-0.011831478215754032,-0.03969704359769821,-0.06410221755504608,-0.027812743559479713,-0.011322999373078346,-0.006436371244490147,3.6363277435302734,0.6060546040534973,-0.0047930758446455,-0.0041343457996845245,-0.6227297186851501,3.173649787902832,6461138.5
123.0999984741211,46.125919342041016,-0.2728288471698761,-0.04645461589097977,906.796875,-0.20735883712768555,1198.4947509765625,-0.5104888081550598,1116.2547607421875,-0.39584165811538696,1219.2274169921875,-0.6557224988937378,1.4917893409729004,1.8145843744277954,1.1303277015686035,0.6951600313186646,0.618279218673706,0.6076914072036743,-0.011821680702269077,-0.039581939578056335,-0.06338633596897125,-0.027116840705275536,-0.010765578597784042,-0.005948489066213369,3.633638381958008,0.6056063771247864,-0.004269500263035297,-0.004107594024389982,-0.6187003254890442,3.1734871864318848,6460807.5
123.19999694824219,46.09812545776367,-0.2779584228992462,-0.05129567161202431,906.7760009765625,-0.21053238213062286,1198.443603515625,-0.5129722356796265,1116.2149658203125,-0.3991970419883728,1219.161865234375,-0.6552251577377319,1.490607738494873,1.8106319904327393,1.124024748802185,0.6924829483032227,0.6172305345535278,0.6071215867996216,-0.01181117445230484,-0.039465438574552536,-0.06267254054546356,-0.026425542309880257,-0.010209445841610432,-0.005447188392281532,3.6312739849090576,0.6052123308181763,-0.00372044974938035,-0.0040804240852594376,-0.6146078705787659,3.1733222007751465,6460471.5
123.30000305175781,46.06977462768555,-0.2834945321083069,-0.05536117032170296,906.7547607421875,-0.2136470526456833,1198.3922119140625,-0.5153718590736389,1116.1749267578125,-0.40247291326522827,1219.0963134765625,-0.6546581983566284,1.489427089691162,1.806691288948059,1.117793083190918,0.6898747682571411,0.6162374019622803,0.6066027283668518,-0.011799930594861507,-0.03934747725725174,-0.061960551887750626,-0.02573804371058941,-0.009652678854763508,-0.0049302661791443825,3.6292479038238525,0.6048746705055237,-0.0031500449404120445,-0.004052803851664066,-0.6104476451873779,3.173154592514038,6460130.5
123.4000015258789,46.0408821105957,-0.28894487023353577,-0.054503440856933594,906.7332763671875,-0.21670323610305786,1198.340576171875,-0.5176876783370972,1116.134521484375,-0.40566959977149963,1219.0308837890625,-0.6540209650993347,1.4882477521896362,1.802762508392334,1.1116325855255127,0.687335193157196,0.6153000593185425,0.6061362028121948,-0.011787944473326206,-0.03922804817557335,-0.06125029921531677,-0.02505412884056568,-0.009095050394535065,-0.004400806967169046,3.6275622844696045,0.6045936942100525,-0.0025828939396888018,-0.004024741239845753,-0.6062207221984863,3.1729846000671387,6459784.0
123.5,46.01144790649414,-0.2943304181098938,-0.053855400532484055,906.71142578125,-0.21970131993293762,1198.2886962890625,-0.5199201107025146,1116.09375,-0.40878739953041077,1218.965576171875,-0.6533134579658508,1.4870696067810059,1.7988457679748535,1.1055430173873901,0.6848638653755188,0.6144185066223145,0.6057231426239014,-0.011775219812989235,-0.03910715505480766,-0.06054177135229111,-0.02437371015548706,-0.008536681532859802,-0.0038620757404714823,3.6262166500091553,0.6043694019317627,-0.002015376929193735,-0.003996242769062519,-0.601928174495697,3.1728122234344482,6459433.0
123.5999984741211,45.9814567565918,-0.29989880323410034,-0.055684030055999756,906.6893310546875,-0.2226416915655136,1198.236572265625,-0.522068977355957,1116.052734375,-0.41182661056518555,1218.9002685546875,-0.652534008026123,1.4858927726745605,1.7949411869049072,1.0995241403579712,0.682460367679596,0.613592803478241,0.6053643226623535,-0.011761743575334549,-0.03898477554321289,-0.05983482673764229,-0.023696398362517357,-0.007976854220032692,-0.0033139782026410103,3.6252167224884033,0.6042027473449707,-0.001434747944585979,-0.0039672949351370335,-0.5975679159164429,3.172637462615967,6459077.5
123.69999694824219,45.950923919677734,-0.30535727739334106,-0.05458461865782738,906.6669311523438,-0.22552470862865448,1198.1842041015625,-0.5241344571113586,1116.0113525390625,-0.41478750109672546,1218.8350830078125,-0.6516823172569275,1.4847172498703003,1.7910488843917847,1.0935759544372559,0.6801244616508484,0.6128232479095459,0.6050607562065125,-0.011747515760362148,-0.038860905915498734,-0.059129439294338226,-0.023022061213850975,-0.007415581960231066,-0.0027585525531321764,3.624563217163086,0.6040938496589661,-0.0008572337683290243,-0.003937907051295042,-0.593141496181488,3.1724603176116943,6458717.0
123.80000305175781,45.91986083984375,-0.31062978506088257,-0.05272510647773743,906.6442260742188,-0.2283507138490677,1198.1317138671875,-0.5261170864105225,1115.9697265625,-0.4176703691482544,1218.7698974609375,-0.6507590413093567,1.4835432767868042,1.7871689796447754,1.087698221206665,0.6778558492660522,0.6121097803115845,0.6048129796981812,-0.011732542887330055,-0.03873557224869728,-0.05842564254999161,-0.022350752726197243,-0.006853371858596802,-0.0021988176740705967,3.624253511428833,0.6040422916412354,-0.00028517257305793464,-0.0039080968126654625,-0.5886513590812683,3.17228102684021,6458352.0
123.9000015258789,45.8882942199707,-0.3156440556049347,-0.0501428097486496,906.6212158203125,-0.23112007975578308,1198.0791015625,-0.5280174612998962,1115.9278564453125,-0.42047548294067383,1218.704833984375,-0.6497654318809509,1.4823707342147827,1.783301830291748,1.0818908214569092,0.6756542325019836,0.611452579498291,0.6046212315559387,-0.011716837994754314,-0.038608796894550323,-0.057723518460989,-0.021682625636458397,-0.006290958728641272,-0.0016378640430048108,3.6242828369140625,0.6040471196174622,0.00027775217313319445,-0.0038778861053287983,-0.5841009020805359,3.1720995903015137,6457982.5
124.0,45.85627365112305,-0.32021981477737427,-0.04575755447149277,906.5979614257812,-0.23383313417434692,1198.026123046875,-0.5298367142677307,1115.8856201171875,-0.4232032299041748,1218.6400146484375,-0.6487040519714355,1.481199860572815,1.779447317123413,1.0761535167694092,0.6735191941261292,0.6108515858650208,0.6044853925704956,-0.011700421571731567,-0.038480646908283234,-0.05702323094010353,-0.021018052473664284,-0.005729651544243097,-0.001079960260540247,3.624641180038452,0.6041068434715271,0.000822128844447434,-0.0038473124150186777,-0.5794957876205444,3.1719157695770264,6457608.5
124.0999984741211,45.823829650878906,-0.324419766664505,-0.04199950769543648,906.574462890625,-0.23649020493030548,1197.9730224609375,-0.5315758585929871,1115.84326171875,-0.42585402727127075,1218.5751953125,-0.6475773453712463,1.4800307750701904,1.7756056785583496,1.070486068725586,0.6714504361152649,0.6103066205978394,0.6044051051139832,-0.011683315970003605,-0.03835117071866989,-0.056324951350688934,-0.02035740204155445,-0.005170641001313925,-0.0005282523343339562,3.625319480895996,0.604219913482666,0.0013517301995307207,-0.003816407872363925,-0.5748408436775208,3.1717300415039062,6457230.0
124.19999694824219,45.791038513183594,-0.3279055058956146,-0.03485729917883873,906.5507202148438,-0.23909161984920502,1197.9197998046875,-0.5332366228103638,1115.800537109375,-0.4284283220767975,1218.510498046875,-0.6463898420333862,1.47886323928833,1.7717771530151367,1.06488835811615,0.6694475412368774,0.6098173260688782,0.6043793559074402,-0.01166556030511856,-0.038220468908548355,-0.05562899261713028,-0.01970139518380165,-0.004616042133420706,1.1733831343008205e-05,3.6263010501861572,0.6043834686279297,0.0018476933473721147,-0.003785232314839959,-0.5701450705528259,3.171542167663574,6456847.5
124.30000305175781,45.75800323486328,-0.33037543296813965,-0.02469935268163681,906.5266723632812,-0.241637721657753,1197.866455078125,-0.5348215103149414,1115.757568359375,-0.43092674016952515,1218.4459228515625,-0.6451488137245178,1.4776976108551025,1.7679617404937744,1.059360146522522,0.6675099730491638,0.6093831062316895,0.6044067144393921,-0.01164721418172121,-0.038088686764240265,-0.05493586137890816,-0.019051216542720795,-0.004069112241268158,0.0005318361800163984,3.627558708190918,0.6045930981636047,0.002294727135449648,-0.00375387049280107,-0.5654212236404419,3.1713521480560303,6456461.0
124.4000015258789,45.724830627441406,-0.33173611760139465,-0.013606661930680275,906.5023803710938,-0.24412885308265686,1197.8128662109375,-0.5363336801528931,1115.71435546875,-0.4333500564098358,1218.3814697265625,-0.6438626646995544,1.4765338897705078,1.7641594409942627,1.0539010763168335,0.6656370162963867,0.6090030670166016,0.6044846773147583,-0.011628348380327225,-0.03795600309967995,-0.05424614995718002,-0.01840825378894806,-0.003533485811203718,0.001023984863422811,3.629061460494995,0.6048435568809509,0.0026877247728407383,-0.0037224143743515015,-0.5606831908226013,3.1711604595184326,6456070.0
124.5,45.6916389465332,-0.33188602328300476,-0.0014992250362411141,906.4778442382812,-0.24656535685062408,1197.7591552734375,-0.5377764701843262,1115.6708984375,-0.4356992542743683,1218.317138671875,-0.6425408124923706,1.4753719568252563,1.7603704929351807,1.0485107898712158,0.6638279557228088,0.6086758375167847,0.6046100854873657,-0.011609041132032871,-0.03782260790467262,-0.053560517728328705,-0.017774036154150963,-0.0030130103696137667,0.0014805548125877976,3.6307740211486816,0.6051290035247803,0.0030199256725609303,-0.0036909638438373804,-0.5559459924697876,3.170966386795044,6455675.5
124.5999984741211,45.658546447753906,-0.33094310760498047,0.009429270401597023,906.4530639648438,-0.2489476054906845,1197.705322265625,-0.5391533374786377,1115.627197265625,-0.4379754364490509,1218.2529296875,-0.6411923766136169,1.4742120504379272,1.7565948963165283,1.0431888103485107,0.662081778049469,0.6083996891975403,0.6047791242599487,-0.011589368805289268,-0.037688691169023514,-0.05287960171699524,-0.017149997875094414,-0.0025110796559602022,0.0018962747417390347,3.632662534713745,0.6054437756538391,0.0032963836565613747,-0.0036596092395484447,-0.5512232780456543,3.1707706451416016,6455277.0
124.69999694824219,45.62562561035156,-0.3291926980018616,0.01750396378338337,906.4280395507812,-0.2512759864330292,1197.6513671875,-0.5404673218727112,1115.583251953125,-0.4401799142360687,1218.1888427734375,-0.6398246884346008,1.4730541706085205,1.7528327703475952,1.03793466091156,0.6603975296020508,0.6081727743148804,0.604987621307373,-0.011569393798708916,-0.03755440190434456,-0.05220389738678932,-0.01653720811009407,-0.002029928145930171,0.0022698957473039627,3.6346993446350098,0.605783224105835,0.003530302317813039,-0.003628417383879423,-0.5465250015258789,3.1705732345581055,6454874.5
124.80000305175781,45.59292984008789,-0.3269760310649872,0.022166868671774864,906.40283203125,-0.2535509467124939,1197.5972900390625,-0.5417208671569824,1115.5391845703125,-0.4423140585422516,1218.125,-0.6384424567222595,1.4718981981277466,1.7490841150283813,1.0327478647232056,0.6587738990783691,0.6079928278923035,0.6052314639091492,-0.011549157090485096,-0.03741984814405441,-0.05153371021151543,-0.015936249867081642,-0.001570377149619162,0.0026042454410344362,3.6368656158447266,0.6061442494392395,0.0037377241533249617,-0.0035974259953945875,-0.5418570041656494,3.1703736782073975,6454468.5
124.9000015258789,45.560482025146484,-0.32449206709861755,0.02483966387808323,906.3773193359375,-0.2557729482650757,1197.54296875,-0.5429157614707947,1115.494873046875,-0.4443792402744293,1218.0611572265625,-0.6370487213134766,1.470744252204895,1.7453488111495972,1.02762770652771,0.6572097539901733,0.6078578233718872,0.6055070161819458,-0.011528686620295048,-0.03728509321808815,-0.05086921527981758,-0.01534737553447485,-0.0011323102517053485,0.0029040921945124865,3.6391494274139404,0.6065248847007751,0.003927386365830898,-0.0035666574258357286,-0.5372225046157837,3.1701724529266357,6454059.0
125.0,45.528316497802734,-0.32162341475486755,0.028686491772532463,906.3516235351562,-0.25794243812561035,1197.4886474609375,-0.5440540909767151,1115.4503173828125,-0.4463769197463989,1217.99755859375,-0.6356468796730042,1.4695924520492554,1.7416270971298218,1.022573709487915,0.6557039022445679,0.6077654957771301,0.6058109402656555,-0.011508013121783733,-0.03715021535754204,-0.050210628658533096,-0.014770911075174809,-0.000715855392627418,0.0031722690910100937,3.6415369510650635,0.6069228053092957,0.0040918574668467045,-0.0035361426416784525,-0.5326262712478638,3.1699695587158203,6453646.0
125.0999984741211,45.4964714050293,-0.3184565603733063,0.03166835755109787,906.3257446289062,-0.26005998253822327,1197.4342041015625,-0.545137882232666,1115.405517578125,-0.4483084976673126,1217.93408203125,-0.6342400908470154,1.468442678451538,1.737918734550476,1.017585277557373,0.6542550921440125,0.6077137589454651,0.6061401963233948,-0.011487164534628391,-0.03701528534293175,-0.0495581328868866,-0.014207128435373306,-0.00032100273529067636,0.003411318175494671,3.644015312194824,0.6073358654975891,0.004236205946654081,-0.0035059060901403427,-0.528071939945221,3.169764757156372,6453229.0
125.19999694824219,45.464988708496094,-0.31484755873680115,0.03609013184905052,906.2996215820312,-0.26212605834007263,1197.379638671875,-0.5461692810058594,1115.360595703125,-0.4501754343509674,1217.8707275390625,-0.6328322887420654,1.4672950506210327,1.7342239618301392,1.0126618146896362,0.6528619527816772,0.6077004075050354,0.6064919233322144,-0.011466178111732006,-0.036880385130643845,-0.048911966383457184,-0.013656430877745152,5.1865310524590313e-05,0.0036219260655343533,3.646568775177002,0.6077614426612854,0.004351714160293341,-0.003475983627140522,-0.5235649347305298,3.169558525085449,6452809.0
125.30000305175781,45.43391418457031,-0.31072911620140076,0.041184261441230774,906.2733154296875,-0.2641412317752838,1197.324951171875,-0.5471509099006653,1115.3155517578125,-0.45197924971580505,1217.8074951171875,-0.6314283013343811,1.4661494493484497,1.7305426597595215,1.0078027248382568,0.651523232460022,0.6077231764793396,0.6068633198738098,-0.011445093899965286,-0.036745619028806686,-0.04827243462204933,-0.01311936043202877,0.000401999190216884,0.003803402418270707,3.6491785049438477,0.6081964373588562,0.004434929694980383,-0.0034464166965335608,-0.5191114544868469,3.1693506240844727,6452386.0
125.4000015258789,45.40333938598633,-0.3057471513748169,0.0498196966946125,906.246826171875,-0.26610612869262695,1197.2701416015625,-0.5480859875679016,1115.270263671875,-0.4537215232849121,1217.744384765625,-0.6300352215766907,1.4650059938430786,1.726874828338623,1.0030070543289185,0.650237500667572,0.6077798008918762,0.6072511076927185,-0.011423974297940731,-0.03661113604903221,-0.047640010714530945,-0.012596892192959785,0.0007274686358869076,0.00395140191540122,3.6518168449401855,0.6086361408233643,0.004465817008167505,-0.0034172756131738424,-0.5147221088409424,3.1691412925720215,6451959.5
125.5,45.373348236083984,-0.2999270260334015,0.058201197534799576,906.2200927734375,-0.2680213451385498,1197.21533203125,-0.5489781498908997,1115.2247314453125,-0.4554039537906647,1217.6815185546875,-0.6286610960960388,1.4638646841049194,1.7232204675674438,0.9982743263244629,0.6490032076835632,0.6078675985336304,0.6076518893241882,-0.011402887292206287,-0.03647710382938385,-0.047015219926834106,-0.012090104632079601,0.0010261530987918377,0.004061645362526178,3.6544532775878906,0.6090755462646484,0.004446272272616625,-0.0033886281307786703,-0.5104071497917175,3.1689302921295166,6451530.0
125.5999984741211,45.344017028808594,-0.2933177351951599,0.06609316170215607,906.1932373046875,-0.2698875367641449,1197.160400390625,-0.549830973148346,1115.17919921875,-0.4570283591747284,1217.61865234375,-0.627313494682312,1.4627254009246826,1.7195794582366943,0.9936037063598633,0.6478188037872314,0.6079838275909424,0.6080616116523743,-0.011381898075342178,-0.03634368255734444,-0.04639856144785881,-0.011600002646446228,0.001296210684813559,0.004131237044930458,3.657058000564575,0.6095096468925476,0.004377396311610937,-0.003360538277775049,-0.5061761140823364,3.168717622756958,6451097.0
125.69999694824219,45.31538391113281,-0.2863002121448517,0.07017505168914795,906.1661376953125,-0.27170535922050476,1197.1053466796875,-0.550647497177124,1115.1334228515625,-0.45859667658805847,1217.5560302734375,-0.62599778175354,1.4615882635116577,1.715951681137085,0.988994300365448,0.6466825008392334,0.608125627040863,0.6084763407707214,-0.01136105414479971,-0.036210983991622925,-0.04579035937786102,-0.011127132922410965,0.001537124626338482,0.004161631688475609,3.6596102714538574,0.6099350452423096,0.004279066808521748,-0.0033330381847918034,-0.5020340085029602,3.168503761291504,6450661.5
125.80000305175781,45.28749465942383,-0.2789015769958496,0.07398641854524612,906.1388549804688,-0.2734755873680115,1197.05029296875,-0.5514304041862488,1115.08740234375,-0.46011078357696533,1217.4935302734375,-0.6247183084487915,1.4604531526565552,1.7123371362686157,0.9844452738761902,0.6455926299095154,0.6082900166511536,0.6088922619819641,-0.011340394616127014,-0.036079104989767075,-0.04519087076187134,-0.010671877302229404,0.001748821116052568,0.004155102651566267,3.6620919704437256,0.610348641872406,0.004150352440774441,-0.003306158585473895,-0.49798527359962463,3.168288230895996,6450223.0
125.9000015258789,45.260379791259766,-0.2711544334888458,0.07747156918048859,906.1114501953125,-0.27519890666007996,1196.9951171875,-0.5521824359893799,1115.0413818359375,-0.4615727365016937,1217.4310302734375,-0.6234793663024902,1.4593201875686646,1.7087358236312866,0.979955792427063,0.6445474028587341,0.6084741353988647,0.609305739402771,-0.011319958604872227,-0.03594813495874405,-0.04460034519433975,-0.010234582237899303,0.0019312986405566335,0.004113565199077129,3.664485454559326,0.6107475757598877,0.003992768004536629,-0.003279926488175988,-0.4940341114997864,3.1680715084075928,6449782.0
126.0,45.23405075073242,-0.26330143213272095,0.0785299614071846,906.0838623046875,-0.2768761217594147,1196.9398193359375,-0.5529059767723083,1114.9951171875,-0.46298444271087646,1217.3687744140625,-0.6222836375236511,1.4581892490386963,1.7051475048065186,0.9755248427391052,0.6435449719429016,0.6086750626564026,0.6097134947776794,-0.011299771256744862,-0.03581813722848892,-0.04401891306042671,-0.009815295226871967,0.0020853520836681128,0.004040913190692663,3.6667792797088623,0.611129879951477,0.0038194747176021338,-0.003254349809139967,-0.49018165469169617,3.167853355407715,6449338.0
126.0999984741211,45.20850372314453,-0.2554405927658081,0.07860828936100006,906.0560913085938,-0.27850809693336487,1196.884521484375,-0.553602933883667,1114.94873046875,-0.46434786915779114,1217.306640625,-0.6211326122283936,1.4570602178573608,1.7015721797943115,0.97115159034729,0.6425836086273193,0.6088900566101074,0.6101126670837402,-0.011279850266873837,-0.03568914905190468,-0.043446607887744904,-0.009413855150341988,0.002212266670539975,0.003941750153899193,3.6689655780792236,0.611494243144989,0.0036348376888781786,-0.003229428082704544,-0.48642784357070923,3.1676340103149414,6448891.0
126.19999694824219,45.18374252319336,-0.24763406813144684,0.07806523144245148,906.0281372070312,-0.2800956070423126,1196.8291015625,-0.5542751550674438,1114.9022216796875,-0.46566492319107056,1217.2445068359375,-0.6200272440910339,1.4559332132339478,1.6980096101760864,0.9668351411819458,0.641661524772644,0.6091164350509644,0.6105007529258728,-0.011260205879807472,-0.035561200231313705,-0.042883433401584625,-0.009029998444020748,0.002313520759344101,0.003820442594587803,3.67103910446167,0.6118398308753967,0.003442254615947604,-0.003205155720934272,-0.4827718734741211,3.1674134731292725,6448442.0
126.30000305175781,45.159732818603516,-0.2400738000869751,0.07560265809297562,906.0000610351562,-0.2816395163536072,1196.773681640625,-0.5549238920211792,1114.8555908203125,-0.46693748235702515,1217.1826171875,-0.6189669966697693,1.4548081159591675,1.6944599151611328,0.9625745415687561,0.6407769322395325,0.6093517541885376,0.6108758449554443,-0.011240839026868343,-0.035434283316135406,-0.04232928156852722,-0.008663208223879337,0.002391184214502573,0.0036824592389166355,3.672999620437622,0.6121665835380554,0.003252680180594325,-0.003181512001901865,-0.47921058535575867,3.167191505432129,6447990.0
126.4000015258789,45.13644790649414,-0.23287039995193481,0.07203409820795059,905.9718017578125,-0.28314074873924255,1196.7181396484375,-0.5555500984191895,1114.808837890625,-0.4681672751903534,1217.1207275390625,-0.6179501414299011,1.4536850452423096,1.690922737121582,0.9583689570426941,0.6399281620979309,0.6095938086509705,0.611236572265625,-0.011221739463508129,-0.03530837222933769,-0.04178396239876747,-0.008312765508890152,0.002447756938636303,0.0035337256267666817,3.674851179122925,0.6124752163887024,0.0030720727518200874,-0.0031584668904542923,-0.47573941946029663,3.16696834564209,6447536.0
126.5,45.113853454589844,-0.22594381868839264,0.06926571577787399,905.9434204101562,-0.2846001982688904,1196.66259765625,-0.5561547875404358,1114.761962890625,-0.4693560004234314,1217.0589599609375,-0.6169753074645996,1.452563762664795,1.6873981952667236,0.9542174339294434,0.63911372423172,0.6098405122756958,0.6115821003913879,-0.011202898807823658,-0.03518344834446907,-0.04124729707837105,-0.007978009060025215,0.0024854298681020737,0.0033783535473048687,3.6765975952148438,0.6127662658691406,0.002896206919103861,-0.003135996637865901,-0.4723548889160156,3.1667439937591553,6447079.0
126.5999984741211,45.0919189453125,-0.219339519739151,0.06604306399822235,905.9149169921875,-0.2860187292098999,1196.60693359375,-0.5567387342453003,1114.7149658203125,-0.4705052077770233,1216.997314453125,-0.6160406470298767,1.4514445066452026,1.6838860511779785,0.950119137763977,0.638331949710846,0.6100901365280151,0.611911952495575,-0.011184308677911758,-0.03505948185920715,-0.04071909561753273,-0.00765825342386961,0.002506333403289318,0.003219806356355548,3.6782431602478027,0.6130405068397522,0.0027287949342280626,-0.003114074468612671,-0.46905288100242615,3.1665186882019043,6446620.0
126.69999694824219,45.07062530517578,-0.21293222904205322,0.06407283991575241,905.88623046875,-0.2873972952365875,1196.5511474609375,-0.5573029518127441,1114.6678466796875,-0.4716164171695709,1216.935791015625,-0.615145206451416,1.450326919555664,1.6803861856460571,0.9460732340812683,0.637581467628479,0.6103411316871643,0.6122258305549622,-0.011165961623191833,-0.03493645787239075,-0.040199216455221176,-0.007352946791797876,0.002512120408937335,0.003059735521674156,3.6797897815704346,0.6132982969284058,0.0025630479212850332,-0.003092683618888259,-0.46583092212677,3.1662919521331787,6446159.0
126.80000305175781,45.04993438720703,-0.20693284273147583,0.059993889182806015,905.857421875,-0.2887367904186249,1196.4954833984375,-0.5578479766845703,1114.6207275390625,-0.47269105911254883,1216.874267578125,-0.6142867207527161,1.4492112398147583,1.676898717880249,0.9420789480209351,0.6368608474731445,0.6105920076370239,0.6125237941741943,-0.011147845536470413,-0.03481433913111687,-0.039687421172857285,-0.007061332929879427,0.002504913602024317,0.002901270054280758,3.681244134902954,0.6135407090187073,0.002412185538560152,-0.0030717900954186916,-0.46268385648727417,3.166064500808716,6445695.5
126.9000015258789,45.029762268066406,-0.20172443985939026,0.052084121853113174,905.8284912109375,-0.290038138628006,1196.4395751953125,-0.5583733916282654,1114.5733642578125,-0.4737304449081421,1216.81298828125,-0.6134597063064575,1.4480973482131958,1.6734232902526855,0.9381354451179504,0.6361687183380127,0.610841691493988,0.6128063201904297,-0.011129917576909065,-0.034693025052547455,-0.03918326273560524,-0.0067821103148162365,0.0024882128927856684,0.0027515122201293707,3.682624340057373,0.6137707233428955,0.0022977774497121572,-0.0030513289384543896,-0.4596019387245178,3.1658358573913574,6445230.0
127.0,45.01002502441406,-0.197352796792984,0.043716371059417725,905.7993774414062,-0.29130226373672485,1196.3837890625,-0.5588783025741577,1114.52587890625,-0.47473570704460144,1216.7515869140625,-0.6126576662063599,1.4469852447509766,1.6699600219726562,0.9342420101165771,0.6355039477348328,0.6110894083976746,0.6130746006965637,-0.011112128384411335,-0.03457238897681236,-0.03868618980050087,-0.006513786967843771,0.0024658588226884604,0.0026176657993346453,3.683952808380127,0.6139920949935913,0.00222192145884037,-0.003031231462955475,-0.45657479763031006,3.1656060218811035,6444762.5
127.0999984741211,44.990665435791016,-0.19361399114131927,0.03738803789019585,905.7702026367188,-0.29253003001213074,1196.327880859375,-0.55936199426651,1114.4783935546875,-0.4757077991962433,1216.6904296875,-0.6118749976158142,1.4458749294281006,1.6665087938308716,0.9303979873657227,0.6348655819892883,0.6113347411155701,0.6133304834365845,-0.01109443698078394,-0.03445233032107353,-0.03819575160741806,-0.006255114451050758,0.0024408320896327496,0.0025034495629370213,3.6852478981018066,0.6142079830169678,0.0021742398384958506,-0.0030114462133497,-0.4535946547985077,3.1653754711151123,6444293.0
127.19999694824219,44.97165298461914,-0.19011494517326355,0.034990496933460236,905.7409057617188,-0.2937223017215729,1196.2718505859375,-0.5598247051239014,1114.4307861328125,-0.47664764523506165,1216.6292724609375,-0.6111092567443848,1.4447664022445679,1.6630696058273315,0.9266026020050049,0.6342525482177734,0.6115775108337402,0.6135759353637695,-0.011076824739575386,-0.034332796931266785,-0.037711698561906815,-0.006005401257425547,0.002414446324110031,0.0024072835221886635,3.6865179538726807,0.61441969871521,0.002134136389940977,-0.002991952933371067,-0.45065850019454956,3.1651439666748047,6443821.5
127.30000305175781,44.952999114990234,-0.18652595579624176,0.03588986024260521,905.7114868164062,-0.2948800027370453,1196.2159423828125,-0.5602672100067139,1114.383056640625,-0.4775560200214386,1216.5682373046875,-0.6103608012199402,1.4436595439910889,1.659642219543457,0.9228553771972656,0.6336641311645508,0.6118175387382507,0.6138123273849487,-0.011059297248721123,-0.03421380743384361,-0.03723401576280594,-0.0057645090855658054,0.0023864605464041233,0.002323570428416133,3.687760591506958,0.6146267652511597,0.0020848128478974104,-0.0029727586079388857,-0.4477674067020416,3.1649112701416016,6443348.0
127.4000015258789,44.9347038269043,-0.18295833468437195,0.03567615896463394,905.6819458007812,-0.29600393772125244,1196.1597900390625,-0.5606904625892639,1114.3353271484375,-0.4784338176250458,1216.5072021484375,-0.6096299886703491,1.4425544738769531,1.6562267541885376,0.9191555976867676,0.6330993175506592,0.6120546460151672,0.6140408515930176,-0.011041860096156597,-0.034095365554094315,-0.03676266223192215,-0.005532284267246723,0.002356705255806446,0.0022483107168227434,3.6889734268188477,0.614828884601593,0.002034001052379608,-0.0029538616072386503,-0.44492107629776,3.164677858352661,6442873.0
127.5,44.91677474975586,-0.1792731136083603,0.03685227036476135,905.6522827148438,-0.2970949411392212,1196.103759765625,-0.5610954761505127,1114.287353515625,-0.47928187251091003,1216.4462890625,-0.6089177131652832,1.4414511919021606,1.6528230905532837,0.9155026078224182,0.6325573325157166,0.6122887134552002,0.614262044429779,-0.01102452166378498,-0.03397750109434128,-0.03629766032099724,-0.005308699794113636,0.002324690343812108,0.00217744754627347,3.6901516914367676,0.6150252819061279,0.0019727631006389856,-0.00293527077883482,-0.44212085008621216,3.1644434928894043,6442396.0
127.5999984741211,44.89921188354492,-0.1756557673215866,0.0361735038459301,905.6224975585938,-0.2981537878513336,1196.047607421875,-0.5614832043647766,1114.2393798828125,-0.4801010489463806,1216.3853759765625,-0.6082242131233215,1.4403495788574219,1.6494312286376953,0.9118958115577698,0.6320372223854065,0.6125195026397705,0.6144763231277466,-0.011007286608219147,-0.0338602177798748,-0.035838957875967026,-0.005093569867312908,0.0022904067300260067,0.002109320368617773,3.691293954849243,0.6152156591415405,0.0019124358659610152,-0.0029169805347919464,-0.4393658936023712,3.16420841217041,6441917.0
127.69999694824219,44.88200378417969,-0.1720554530620575,0.03600303456187248,905.5926513671875,-0.2991813123226166,1195.991455078125,-0.5618542432785034,1114.19140625,-0.48089224100112915,1216.3245849609375,-0.6075494289398193,1.4392497539520264,1.646051049232483,0.9083345532417297,0.6315382719039917,0.6127467155456543,0.6146838665008545,-0.010990156792104244,-0.033743519335985184,-0.03538650646805763,-0.004886699840426445,0.002253882121294737,0.0020427603740245104,3.692399263381958,0.6153998970985413,0.0018490143120288849,-0.002898989012464881,-0.4366559386253357,3.1639723777770996,6441436.5
127.80000305175781,44.865169525146484,-0.16837039589881897,0.03685059770941734,905.5626831054688,-0.30017828941345215,1195.935302734375,-0.5622096657752991,1114.143310546875,-0.4816562533378601,1216.263916015625,-0.6068942546844482,1.4381515979766846,1.6426825523376465,0.9048182368278503,0.6310595870018005,0.6129701137542725,0.6148847341537476,-0.01097314152866602,-0.033627428114414215,-0.034940313547849655,-0.004688051529228687,0.0022147276904433966,0.001975620398297906,3.6934633255004883,0.615577220916748,0.0017769220285117626,-0.0028813027311116457,-0.4339919984340668,3.1637356281280518,6440954.5
127.9000015258789,44.84871292114258,-0.16456851363182068,0.03801888972520828,905.5325927734375,-0.3011454939842224,1195.8790283203125,-0.5625506043434143,1114.0950927734375,-0.4823940098285675,1216.2032470703125,-0.6062600016593933,1.4370551109313965,1.639325499534607,0.9013462066650391,0.6306003332138062,0.6131894588470459,0.6150787472724915,-0.010956253856420517,-0.033511970192193985,-0.03450042009353638,-0.004497670102864504,0.002172365551814437,0.0019056241726502776,3.6944801807403564,0.6157467365264893,0.001694615581072867,-0.002863931003957987,-0.4313753843307495,3.1634981632232666,6440471.0
128.0,44.83261489868164,-0.1609467715024948,0.03621737286448479,905.50244140625,-0.3020836412906647,1195.82275390625,-0.5628776550292969,1114.0467529296875,-0.4831063151359558,1216.142578125,-0.6056461334228516,1.435960292816162,1.6359801292419434,0.8979179263114929,0.6301596760749817,0.6134044528007507,0.6152657270431519,-0.010939490050077438,-0.033397141844034195,-0.03406672924757004,-0.0043152496218681335,0.002127222018316388,0.0018340200185775757,3.695451259613037,0.6159085631370544,0.0016194130294024944,-0.002846858697012067,-0.4288039207458496,3.163259744644165,6439985.5
128.10000610351562,44.81689453125,-0.1572408527135849,0.03705926612019539,905.47216796875,-0.3029935359954834,1195.7664794921875,-0.5631916522979736,1113.9984130859375,-0.48379406332969666,1216.0821533203125,-0.6050530672073364,1.4348671436309814,1.632646083831787,0.8945326209068298,0.6297369599342346,0.6136147975921631,0.6154453754425049,-0.01092285756021738,-0.03328295424580574,-0.033639222383499146,-0.0041406950913369656,0.0020791301503777504,0.0017599730053916574,3.696373462677002,0.6160622239112854,0.001534465467557311,-0.0028300925623625517,-0.4262785315513611,3.1630208492279053,6439499.0
128.1999969482422,44.80158615112305,-0.15308132767677307,0.0415952205657959,905.4418334960938,-0.3038758635520935,1195.7100830078125,-0.5634943842887878,1113.9500732421875,-0.4844581186771393,1216.0216064453125,-0.6044845581054688,1.433775782585144,1.6293234825134277,0.8911898136138916,0.6293312311172485,0.6138200759887695,0.6156172752380371,-0.01090638805180788,-0.03316948562860489,-0.03321811184287071,-0.003974486142396927,0.0020263786427676678,0.001678088796325028,3.697232723236084,0.6162054538726807,0.0014194999821484089,-0.0028136689215898514,-0.42380473017692566,3.162781000137329,6439011.0
128.3000030517578,44.78676986694336,-0.14815372228622437,0.049276065081357956,905.4114379882812,-0.3047313690185547,1195.65380859375,-0.563788652420044,1113.9014892578125,-0.4850994646549225,1215.961181640625,-0.6039472222328186,1.4326858520507812,1.6260122060775757,0.8878887295722961,0.6289416551589966,0.6140196919441223,0.6157801747322083,-0.010890135541558266,-0.03305686637759209,-0.03280382230877876,-0.0038176276721060276,0.001965915784239769,0.0015798010863363743,3.6980032920837402,0.6163339018821716,0.001257052761502564,-0.002797649474814534,-0.4213918149471283,3.1625406742095947,6438521.5
128.39999389648438,44.77251434326172,-0.14254523813724518,0.05608483776450157,905.3809204101562,-0.30556079745292664,1195.597412109375,-0.5640771985054016,1113.85302734375,-0.4857192635536194,1215.90087890625,-0.6034479737281799,1.4315977096557617,1.6227120161056519,0.8846287131309509,0.6285672783851624,0.6142127513885498,0.6159321069717407,-0.010874159634113312,-0.032945238053798676,-0.03239680081605911,-0.0036711376160383224,0.0018948315409943461,0.0014583960874006152,3.698659658432007,0.6164432764053345,0.0010525089455768466,-0.0027820889372378588,-0.4190480411052704,3.162299394607544,6438030.5
128.5,44.758880615234375,-0.13634291291236877,0.06202329695224762,905.3502807617188,-0.30636486411094666,1195.5408935546875,-0.5643628835678101,1113.804443359375,-0.4863187074661255,1215.8404541015625,-0.6029929518699646,1.4305111169815063,1.6194230318069458,0.8814090490341187,0.6282069683074951,0.6143980622291565,0.616070568561554,-0.010858511552214622,-0.0328347310423851,-0.0319974310696125,-0.0035358841996639967,0.0018107753712683916,0.0013098110212013125,3.6991779804229736,0.616529643535614,0.0008093167562037706,-0.002767035039141774,-0.416780561208725,3.162057638168335,6437538.5
128.60000610351562,44.74592208862305,-0.12956906855106354,0.06773842126131058,905.3196411132812,-0.30714428424835205,1195.4844970703125,-0.5646483898162842,1113.7557373046875,-0.486899197101593,1215.7802734375,-0.6025881767272949,1.4294259548187256,1.6161450147628784,0.8782289028167725,0.6278595924377441,0.6145742535591125,0.6161926984786987,-0.010843242518603802,-0.032725460827350616,-0.03160608187317848,-0.0034126786049455404,0.0017116731032729149,0.001131245750002563,3.6995351314544678,0.6165891885757446,0.0005275575676932931,-0.002752533182501793,-0.414596289396286,3.1618154048919678,6437045.0
128.6999969482422,44.73367691040039,-0.12247246503829956,0.0709659606218338,905.2888793945312,-0.3078998327255249,1195.427978515625,-0.5649361610412598,1113.70703125,-0.4874621629714966,1215.719970703125,-0.60223788022995,1.428342342376709,1.6128779649734497,0.8750874996185303,0.6275238990783691,0.614739716053009,0.6162953972816467,-0.010828390717506409,-0.032617516815662384,-0.031223000958561897,-0.0033020165283232927,0.0015964172780513763,0.0009230621508322656,3.699713706970215,0.6166189908981323,0.00022117442858871073,-0.0027386092115193605,-0.41249898076057434,3.1615724563598633,6436550.5
128.8000030517578,44.72216796875,-0.11508109420537949,0.07391374558210373,905.258056640625,-0.3086322546005249,1195.3714599609375,-0.5652282238006592,1113.658203125,-0.4880090355873108,1215.6597900390625,-0.6019458174705505,1.4272602796554565,1.609621524810791,0.8719840049743652,0.6271986365318298,0.614892840385437,0.6163759231567383,-0.010813986882567406,-0.03251098096370697,-0.030848383903503418,-0.0032042560633271933,0.0014643246540799737,0.000686523097101599,3.6996994018554688,0.6166165471076965,-0.00010976881458191201,-0.002725286176428199,-0.4104922115802765,3.1613287925720215,6436054.5
128.89999389648438,44.71144485473633,-0.10723468661308289,0.0784640908241272,905.2271728515625,-0.3093423545360565,1195.31494140625,-0.5655272006988525,1113.609375,-0.4885413646697998,1215.599609375,-0.6017166376113892,1.4261795282363892,1.6063756942749023,0.8689174652099609,0.6268824934959412,0.6150317788124084,0.6164312958717346,-0.010800073854625225,-0.03240594640374184,-0.03048250637948513,-0.003119946224614978,0.00131421466358006,0.00042086877510882914,3.6994731426239014,0.6165788173675537,-0.000474965461762622,-0.002712600165978074,-0.408581405878067,3.1610846519470215,6435557.5
129.0,44.70152282714844,-0.09922563284635544,0.08009053021669388,905.1961669921875,-0.31003084778785706,1195.2584228515625,-0.5658351182937622,1113.560546875,-0.4890606999397278,1215.5394287109375,-0.6015535593032837,1.4251002073287964,1.6031402349472046,0.8658871054649353,0.6265740990638733,0.6151548624038696,0.6164587736129761,-0.01078667864203453,-0.032302483916282654,-0.03012552484869957,-0.003049332182854414,0.0011457926593720913,0.00012799665273632854,3.699021816253662,0.6165036559104919,-0.0008565580938011408,-0.0027005635201931,-0.40676841139793396,3.1608400344848633,6435059.5
129.10000610351562,44.69241714477539,-0.091060571372509,0.08165060728788376,905.1651611328125,-0.31069859862327576,1195.2017822265625,-0.5661539435386658,1113.5115966796875,-0.4895686209201813,1215.479248046875,-0.6014589667320251,1.4240221977233887,1.5999151468276978,0.8628920316696167,0.6262720823287964,0.6152601838111877,0.6164556741714478,-0.010773823596537113,-0.032200638204813004,-0.029777536168694496,-0.0029925203416496515,0.000959143799263984,-0.0001896195171866566,3.6983354091644287,0.6163892149925232,-0.0012557419249787927,-0.00268918857909739,-0.40505507588386536,3.1605947017669678,6434560.0
129.1999969482422,44.68413543701172,-0.08281861245632172,0.08241958171129227,905.134033203125,-0.3113464117050171,1195.1451416015625,-0.5664853453636169,1113.462646484375,-0.49006667733192444,1215.419189453125,-0.6014347076416016,1.422945499420166,1.5967000722885132,0.859931230545044,0.6259750127792358,0.6153458952903748,0.6164197325706482,-0.01076152827590704,-0.03210045397281647,-0.029438603669404984,-0.0029495209455490112,0.0007546023698523641,-0.0005293276626616716,3.6974050998687744,0.6162341833114624,-0.0016675468068569899,-0.002678480464965105,-0.4034422039985657,3.160348892211914,6434059.5
129.3000030517578,44.6766471862793,-0.07485079765319824,0.07967810332775116,905.1029052734375,-0.3119750916957855,1195.0885009765625,-0.5668303966522217,1113.41357421875,-0.49055641889572144,1215.3590087890625,-0.6014800667762756,1.4218698740005493,1.5934948921203613,0.857003927230835,0.6256815791130066,0.6154103875160217,0.6163489818572998,-0.010749788023531437,-0.03200191631913185,-0.029108598828315735,-0.0029198676347732544,0.0005337767070159316,-0.0008851280435919762,3.696232318878174,0.6160386800765991,-0.0020712614059448242,-0.002668416826054454,-0.4019263684749603,3.1601028442382812,6433558.5
129.39999389648438,44.669921875,-0.06726863980293274,0.07582162320613861,905.0716552734375,-0.3125855028629303,1195.03173828125,-0.5671893954277039,1113.364501953125,-0.4910392463207245,1215.298828125,-0.6015926003456116,1.4207954406738281,1.5902996063232422,0.8541091680526733,0.6253905296325684,0.6154520511627197,0.6162421107292175,-0.010738587006926537,-0.03190498799085617,-0.028787270188331604,-0.002902810927480459,0.00029895553598180413,-0.0012500669108703732,3.694823741912842,0.6158039569854736,-0.002461341442540288,-0.0026589655317366123,-0.4005027711391449,3.159856081008911,6433056.0
129.5,44.663909912109375,-0.060119565576314926,0.07149072736501694,905.0403442382812,-0.3131784498691559,1194.97509765625,-0.5675626397132874,1113.3154296875,-0.4915165305137634,1215.2386474609375,-0.6017693281173706,1.4197221994400024,1.587113857269287,0.8512461185455322,0.6251005530357361,0.6154696345329285,0.6160986423492432,-0.010727902874350548,-0.03180960565805435,-0.02847432531416416,-0.002897504484280944,5.256427903077565e-05,-0.0016179386293515563,3.6931891441345215,0.6155315041542053,-0.0028344776947051287,-0.002650091191753745,-0.399166077375412,3.159608840942383,6432552.5
129.60000610351562,44.65855407714844,-0.05356483906507492,0.06554728001356125,905.009033203125,-0.3137547969818115,1194.9183349609375,-0.5679498910903931,1113.2662353515625,-0.49198949337005615,1215.178466796875,-0.6020059585571289,1.4186499118804932,1.583937644958496,0.8484140038490295,0.6248105764389038,0.6154621243476868,0.6159185171127319,-0.010717703960835934,-0.03171569108963013,-0.028169376775622368,-0.0029028833378106356,-0.00020250068337190896,-0.0019820244051516056,3.69134259223938,0.61522376537323,-0.00318037043325603,-0.0026417451445013285,-0.3979089856147766,3.1593611240386963,6432048.5
129.6999969482422,44.653778076171875,-0.04775306209921837,0.05811775475740433,904.9776000976562,-0.3143153786659241,1194.8614501953125,-0.5683501958847046,1113.217041015625,-0.49245911836624146,1215.1182861328125,-0.6022964715957642,1.4175785779953003,1.58077073097229,0.8456119298934937,0.6245195865631104,0.6154288649559021,0.6157025098800659,-0.010707944631576538,-0.031623128801584244,-0.027871927246451378,-0.002917633391916752,-0.0004628137103281915,-0.002334943041205406,3.6893043518066406,0.614884078502655,-0.0034899574238806963,-0.002633867086842656,-0.39672234654426575,3.1591129302978516,6431543.5
129.8000030517578,44.649539947509766,-0.04238974303007126,0.05363321304321289,904.9461669921875,-0.314860999584198,1194.8045654296875,-0.568763256072998,1113.167724609375,-0.49292635917663574,1215.0579833984375,-0.6026366949081421,1.4165083169937134,1.5776129961013794,0.8428393006324768,0.6242266893386841,0.615369439125061,0.6154519319534302,-0.01069859229028225,-0.03153183311223984,-0.02758159674704075,-0.002940755570307374,-0.0007259845733642578,-0.0026735139545053244,3.687088966369629,0.6145148277282715,-0.0037803277373313904,-0.0026264202315360308,-0.39560070633888245,3.1588644981384277,6431037.5
129.89999389648438,44.64582443237305,-0.03715252876281738,0.05237212032079697,904.9146118164062,-0.31539246439933777,1194.7476806640625,-0.5691893100738525,1113.118408203125,-0.49339208006858826,1214.9976806640625,-0.6030250191688538,1.4154388904571533,1.5744643211364746,0.8400953412055969,0.6239311099052429,0.6152835488319397,0.6151681542396545,-0.010689636692404747,-0.03144177794456482,-0.0272982120513916,-0.0029717814177274704,-0.0009911860106512904,-0.0029995255172252655,3.6847007274627686,0.6141167879104614,-0.004068331327289343,-0.0026193943340331316,-0.3945424258708954,3.1586153507232666,6430530.5
130.0,44.642608642578125,-0.03217310085892677,0.049794308841228485,904.883056640625,-0.31591057777404785,1194.6907958984375,-0.5696285367012024,1113.069091796875,-0.4938569962978363,1214.9373779296875,-0.6034597754478455,1.4143702983856201,1.5713245868682861,0.8373793959617615,0.62363201379776,0.6151711344718933,0.6148523092269897,-0.010681064799427986,-0.0313529297709465,-0.027021581307053566,-0.0030102047603577375,-0.0012575130676850677,-0.0033138238359242678,3.6821448802948,0.6136907935142517,-0.004344363231211901,-0.0026127679739147425,-0.3935443162918091,3.1583659648895264,6430022.5
130.10000610351562,44.63986587524414,-0.02739724889397621,0.04775850474834442,904.8514404296875,-0.3164161443710327,1194.6337890625,-0.5700811743736267,1113.0196533203125,-0.49432188272476196,1214.8770751953125,-0.6039391160011292,1.4133026599884033,1.5681936740875244,0.8346907496452332,0.6233288049697876,0.6150320172309875,0.6145056486129761,-0.010672863572835922,-0.0312652513384819,-0.026751510798931122,-0.0030555292032659054,-0.0015241204528138041,-0.003617029171437025,3.679427146911621,0.6132378578186035,-0.004612205550074577,-0.0026065243873745203,-0.39260390400886536,3.158116340637207,6429514.0
130.1999969482422,44.6375732421875,-0.02294522151350975,0.04452027380466461,904.8197631835938,-0.3169098496437073,1194.5767822265625,-0.5705469846725464,1112.97021484375,-0.49478739500045776,1214.816650390625,-0.6044605374336243,1.4122357368469238,1.5650714635849,0.832028865814209,0.6230206489562988,0.6148662567138672,0.6141292452812195,-0.010665015317499638,-0.031178699806332588,-0.02648776024580002,-0.003107143333181739,-0.0017898770747706294,-0.003908499609678984,3.676555871963501,0.6127592921257019,-0.004864056594669819,-0.002600637264549732,-0.39171716570854187,3.1578660011291504,6429004.5
130.3000030517578,44.635677337646484,-0.018959028646349907,0.039861928671598434,904.7880859375,-0.317392498254776,1194.5196533203125,-0.5710254907608032,1112.920654296875,-0.49525418877601624,1214.756103515625,-0.60502028465271,1.4111696481704712,1.561957836151123,0.8293929696083069,0.6227071285247803,0.6146740913391113,0.613724410533905,-0.010657490231096745,-0.03109319694340229,-0.026229994371533394,-0.003164215013384819,-0.0020530906040221453,-0.00418575806543231,3.673543691635132,0.6122573018074036,-0.0050917393527925014,-0.0025950686540454626,-0.3908783793449402,3.1576154232025146,6428494.5
130.39999389648438,44.63411331176758,-0.015615546144545078,0.033434826880693436,904.7562866210938,-0.3178647458553314,1194.4625244140625,-0.5715155601501465,1112.87109375,-0.4957227110862732,1214.6956787109375,-0.6056129336357117,1.4101042747497559,1.5588527917861938,0.8267826437950134,0.6223876476287842,0.6144558191299438,0.6132927536964417,-0.010650246404111385,-0.031008638441562653,-0.025977762416005135,-0.00322564784437418,-0.0023114157374948263,-0.004444522317498922,3.6704094409942627,0.611734926700592,-0.0052848388440907,-0.002589766401797533,-0.3900797665119171,3.1573643684387207,6427983.5
130.5,44.63285446166992,-0.012591117061674595,0.030244288966059685,904.7244873046875,-0.31832730770111084,1194.4053955078125,-0.5720166563987732,1112.821533203125,-0.4961933493614197,1214.635009765625,-0.6062349081039429,1.4090394973754883,1.5557560920715332,0.8241972327232361,0.6220618486404419,0.6142120361328125,0.6128361821174622,-0.010643255896866322,-0.030924953520298004,-0.02573075145483017,-0.0032906881533563137,-0.0025635515339672565,-0.004684244282543659,3.667165756225586,0.6111943125724792,-0.005462720058858395,-0.002584704663604498,-0.3893173336982727,3.1571130752563477,6427472.0
130.60000610351562,44.631874084472656,-0.009830974973738194,0.027601420879364014,904.692626953125,-0.3187808692455292,1194.34814453125,-0.5725283026695251,1112.7718505859375,-0.49666643142700195,1214.5743408203125,-0.606883704662323,1.4079755544662476,1.5526677370071411,0.8216362595558167,0.6217293739318848,0.613943338394165,0.6123565435409546,-0.010636497288942337,-0.030842090025544167,-0.02548872120678425,-0.0033587985672056675,-0.002808828605338931,-0.0049060797318816185,3.6638214588165283,0.6106368899345398,-0.0056264749728143215,-0.0025798617862164974,-0.3885878920555115,3.1568615436553955,6426959.5
130.6999969482422,44.63114547729492,-0.007261727936565876,0.025692466646432877,904.6607666015625,-0.3192260265350342,1194.2908935546875,-0.5730502009391785,1112.72216796875,-0.4971422553062439,1214.513671875,-0.6075572371482849,1.4069122076034546,1.549587607383728,0.8190993070602417,0.6213899850845337,0.6136505007743835,0.6118555068969727,-0.010629957541823387,-0.030760008841753006,-0.02525148168206215,-0.003429551376029849,-0.003046889090910554,-0.005111686885356903,3.6603829860687256,0.6100638508796692,-0.005780150648206472,-0.0025752221699804068,-0.3878890573978424,3.156609296798706,6426446.5
130.8000030517578,44.630672454833984,-0.0047591677866876125,0.02502560429275036,904.6287841796875,-0.3196633756160736,1194.2335205078125,-0.5735824108123779,1112.6724853515625,-0.497621089220047,1214.452880859375,-0.608254611492157,1.405849575996399,1.546515703201294,0.8165857791900635,0.6210433840751648,0.6133342385292053,0.6113346815109253,-0.0106236282736063,-0.03067869320511818,-0.025018908083438873,-0.0035027116537094116,-0.0032778941094875336,-0.005303815007209778,3.656853675842285,0.6094756126403809,-0.005930641200393438,-0.002570780459791422,-0.38722002506256104,3.1563570499420166,6425932.5
130.89999389648438,44.630428314208984,-0.00243693427182734,0.023222334682941437,904.5968017578125,-0.3200935423374176,1194.1761474609375,-0.574124813079834,1112.6226806640625,-0.49810317158699036,1214.3919677734375,-0.6089743375778198,1.404787540435791,1.5434519052505493,0.8140953183174133,0.620689332485199,0.6129952073097229,0.6107951998710632,-0.010617498308420181,-0.030598109588027,-0.024790845811367035,-0.0035779590252786875,-0.0035017402842640877,-0.005483729764819145,3.653238534927368,0.6088730692863464,-0.006070617586374283,-0.0025665219873189926,-0.38657858967781067,3.156104326248169,6425418.0
131.0,44.630367279052734,-0.0005968288751319051,0.018401052802801132,904.5647583007812,-0.32051709294319153,1194.11865234375,-0.5746763348579407,1112.5728759765625,-0.4985886812210083,1214.3310546875,-0.609712541103363,1.4037261009216309,1.5403960943222046,0.8116274476051331,0.6203277111053467,0.6126342415809631,0.6102384328842163,-0.010611536912620068,-0.0305181834846735,-0.02456696890294552,-0.0036545584443956614,-0.0037171682342886925,-0.005648807156831026,3.6495509147644043,0.6082584857940674,-0.006182740908116102,-0.0025624074041843414,-0.38595885038375854,3.155851125717163,6424902.5
131.10000610351562,44.63042449951172,0.0005868822336196899,0.011837110854685307,904.53271484375,-0.3209344744682312,1194.0611572265625,-0.5752356052398682,1112.52294921875,-0.499077707529068,1214.27001953125,-0.610463559627533,1.402665138244629,1.5373482704162598,0.8091817498207092,0.6199584007263184,0.6122521758079529,0.6096661686897278,-0.010605699382722378,-0.030438803136348724,-0.024346819147467613,-0.00373144936747849,-0.003922076430171728,-0.005794206168502569,3.6458115577697754,0.6076352596282959,-0.0062577384524047375,-0.002558383857831359,-0.38535282015800476,3.155597686767578,6424387.0
131.1999969482422,44.630523681640625,0.000964956299867481,0.0037807407788932323,904.5006103515625,-0.321346253156662,1194.003662109375,-0.5758005380630493,1112.4730224609375,-0.49957022070884705,1214.208984375,-0.6112202405929565,1.4016048908233643,1.5343083143234253,0.8067579865455627,0.6195814609527588,0.6118503212928772,0.6090806126594543,-0.010599927045404911,-0.030359821394085884,-0.024129832163453102,-0.0038073379546403885,-0.004113810136914253,-0.005914079956710339,3.6420462131500244,0.6070076823234558,-0.006286835763603449,-0.002554386155679822,-0.3847506642341614,3.155344009399414,6423870.0
131.3000030517578,44.630558013916016,0.00036467143218033016,-0.006002848502248526,904.4684448242188,-0.3217529058456421,1193.946044921875,-0.576368510723114,1112.4229736328125,-0.5000660419464111,1214.1478271484375,-0.6119738221168518,1.4005452394485474,1.5312762260437012,0.8043557405471802,0.6191970705986023,0.6114301085472107,0.60848468542099,-0.010594149120151997,-0.0302810687571764,-0.023915335536003113,-0.003880675183609128,-0.004289128817617893,-0.006001580040901899,3.638286590576172,0.6063810586929321,-0.006259663496166468,-0.002550335368141532,-0.3841404914855957,3.155089855194092,6423353.0
131.39999389648438,44.63042068481445,-0.0013977050548419356,-0.017623765394091606,904.436279296875,-0.32215479016304016,1193.888427734375,-0.5769362449645996,1112.373046875,-0.500564694404602,1214.0865478515625,-0.6127138137817383,1.3994860649108887,1.528252124786377,0.8019748330116272,0.6188055276870728,0.6109933257102966,0.6078819632530212,-0.010588281787931919,-0.030202331021428108,-0.023702533915638924,-0.003949635662138462,-0.004444173537194729,-0.006048872135579586,3.634570837020874,0.6057618260383606,-0.006165166385471821,-0.002546137198805809,-0.38350817561149597,3.1548354625701904,6422835.0
131.5,44.62998580932617,-0.004321576561778784,-0.029238715767860413,904.4039916992188,-0.32255232334136963,1193.8306884765625,-0.5775001645088196,1112.3228759765625,-0.5010656118392944,1214.0252685546875,-0.6134291887283325,1.3984276056289673,1.5252357721328735,0.799615204334259,0.6184073686599731,0.6105422377586365,0.6072768568992615,-0.01058223471045494,-0.03012339398264885,-0.023490598425269127,-0.0040123434737324715,-0.0045751179568469524,-0.006049225572496653,3.630939483642578,0.6051566004753113,-0.006003064103424549,-0.0025416985154151917,-0.3828396201133728,3.15458083152771,6422316.5
131.60000610351562,44.62917709350586,-0.008105711080133915,-0.03784134238958359,904.3717651367188,-0.32294583320617676,1193.7728271484375,-0.5780572295188904,1112.2728271484375,-0.5015680193901062,1213.9638671875,-0.6141110062599182,1.397369623184204,1.52222740650177,0.7972767353057861,0.6180033683776855,0.6100794076919556,0.6066741943359375,-0.010575934313237667,-0.0300440713763237,-0.023278851062059402,-0.004067320842295885,-0.00467938045039773,-0.0060004740953445435,3.6274259090423584,0.6045709848403931,-0.005789908114820719,-0.002536949934437871,-0.3821243345737457,3.1543259620666504,6421797.5
131.6999969482422,44.6279411315918,-0.012360414490103722,-0.04254702851176262,904.3394165039062,-0.3233356177806854,1193.715087890625,-0.5786049962043762,1112.22265625,-0.5020708441734314,1213.9024658203125,-0.6147533059120178,1.3963123559951782,1.5192270278930664,0.7949594259262085,0.6175942420959473,0.609607458114624,0.6060787439346313,-0.010569331236183643,-0.029964247718453407,-0.023066846653819084,-0.004113709554076195,-0.004756166134029627,-0.005905809346586466,3.6240522861480713,0.604008674621582,-0.005546391475945711,-0.0025318532716482878,-0.3813566565513611,3.1540706157684326,6421277.5
131.8000030517578,44.62626266479492,-0.016775889322161674,-0.044154755771160126,904.3070678710938,-0.32372185587882996,1193.6572265625,-0.5791420936584473,1112.17236328125,-0.5025732517242432,1213.8409423828125,-0.6153532862663269,1.3952558040618896,1.5162346363067627,0.7926633358001709,0.6171810030937195,0.6091292500495911,0.6054947376251221,-0.01056240126490593,-0.029883859679102898,-0.022854363545775414,-0.004151197150349617,-0.004806163255125284,-0.005771954078227282,3.6208295822143555,0.6034716367721558,-0.005288696847856045,-0.0025263959541916847,-0.38053467869758606,3.1538150310516357,6420757.0
131.89999389648438,44.62419891357422,-0.020654315128922462,-0.038784246891736984,904.274658203125,-0.32410475611686707,1193.5992431640625,-0.5796685218811035,1112.1220703125,-0.5030742883682251,1213.7794189453125,-0.6159133911132812,1.3941999673843384,1.5132502317428589,0.7903885841369629,0.6167643666267395,0.6086472272872925,0.6049254536628723,-0.010555162094533443,-0.02980295568704605,-0.022641567513346672,-0.004180455580353737,-0.004832671023905277,-0.005612152628600597,3.6177501678466797,0.6029583811759949,-0.005056808702647686,-0.0025206217542290688,-0.37966492772102356,3.1535589694976807,6420236.0
132.0,44.621829986572266,-0.02366088330745697,-0.030065685510635376,904.2422485351562,-0.3244844079017639,1193.541259765625,-0.58018559217453,1112.07177734375,-0.5035731792449951,1213.7177734375,-0.6164400577545166,1.3931447267532349,1.510274052619934,0.7881350517272949,0.6163451671600342,0.6081634759902954,0.6043727993965149,-0.010547664947807789,-0.029721660539507866,-0.02242891676723957,-0.004202851094305515,-0.004840669222176075,-0.005442260764539242,3.6147913932800293,0.6024652123451233,-0.004868041258305311,-0.0025146009866148233,-0.3787580728530884,3.1533026695251465,6419714.5
132.10000610351562,44.61925506591797,-0.025753041729331017,-0.020921582356095314,904.2097778320312,-0.32486096024513245,1193.483154296875,-0.5806950330734253,1112.0213623046875,-0.504069447517395,1213.6561279296875,-0.6169408559799194,1.3920904397964478,1.5073059797286987,0.785902738571167,0.6159240007400513,0.6076796054840088,0.6038369536399841,-0.010539970360696316,-0.029640119522809982,-0.02221694216132164,-0.004219920374453068,-0.004835300613194704,-0.005275895819067955,3.6119260787963867,0.6019876599311829,-0.004725009668618441,-0.002508407924324274,-0.3778252601623535,3.153046131134033,6419192.0
132.1999969482422,44.61653518676758,-0.027193890884518623,-0.014408490620553493,904.1773071289062,-0.32523444294929504,1193.425048828125,-0.5811982750892639,1111.970947265625,-0.5045626163482666,1213.5943603515625,-0.6174217462539673,1.3910367488861084,1.5043460130691528,0.7836916446685791,0.615501344203949,0.6071968078613281,0.603317141532898,-0.01053212396800518,-0.029558449983596802,-0.022006064653396606,-0.004232882987707853,-0.004820551723241806,-0.0051209996454417706,3.609133243560791,0.6015222072601318,-0.004613583907485008,-0.0025020954199135303,-0.3768744468688965,3.152789354324341,6418669.5
132.3000030517578,44.61370849609375,-0.02828804962337017,-0.010941591113805771,904.1447143554688,-0.32560494542121887,1193.366943359375,-0.581696093082428,1111.92041015625,-0.5050526261329651,1213.5325927734375,-0.6178863644599915,1.3899840116500854,1.501394271850586,0.7815014719963074,0.615077555179596,0.6067157983779907,0.6028122305870056,-0.01052415557205677,-0.029476722702383995,-0.021796517074108124,-0.00424247607588768,-0.004798860289156437,-0.004979799967259169,3.606400489807129,0.6010667681694031,-0.004518202040344477,-0.002495691180229187,-0.37590983510017395,3.1525323390960693,6418146.0
132.39999389648438,44.61080551147461,-0.02901848964393139,-0.007304402068257332,904.1121826171875,-0.32597246766090393,1193.3087158203125,-0.5821890830993652,1111.8699951171875,-0.5055392384529114,1213.4708251953125,-0.6183376908302307,1.3889319896697998,1.4984506368637085,0.7793322801589966,0.6146529912948608,0.6062372326850891,0.6023206114768982,-0.010516088455915451,-0.02939499169588089,-0.021588502451777458,-0.004249338060617447,-0.0047722626477479935,-0.0048533845692873,3.6037168502807617,0.6006194949150085,-0.004441846627742052,-0.0024892250075936317,-0.3749358654022217,3.1522748470306396,6417622.0
132.5,44.60786437988281,-0.02940511517226696,-0.0038662459701299667,904.0795288085938,-0.32633712887763977,1193.25048828125,-0.5826780796051025,1111.8193359375,-0.5060223937034607,1213.408935546875,-0.6187788248062134,1.387880802154541,1.49551522731781,0.7771837115287781,0.6142277717590332,0.6057614684104919,0.6018409132957458,-0.010507946833968163,-0.02931332215666771,-0.021382220089435577,-0.00425409572198987,-0.004742645192891359,-0.004742617253214121,3.60107159614563,0.600178599357605,-0.004383560735732317,-0.0024827246088534594,-0.37395673990249634,3.152017116546631,6417097.0
132.60000610351562,44.604942321777344,-0.02924768440425396,0.0015743038384243846,904.046875,-0.326698899269104,1193.1922607421875,-0.5831641554832458,1111.7686767578125,-0.506502091884613,1213.3470458984375,-0.6192141771316528,1.3868303298950195,1.4925880432128906,0.7750557065010071,0.6138021945953369,0.6052886843681335,0.6013713479042053,-0.010499767027795315,-0.02923179604113102,-0.021177969872951508,-0.004257604014128447,-0.0047124228440225124,-0.0046502528712153435,3.5984485149383545,0.5997413992881775,-0.004355708137154579,-0.0024762339890003204,-0.3729791045188904,3.151759147644043,6416572.0
132.6999969482422,44.60210037231445,-0.028406338766217232,0.008413444273173809,904.0142211914062,-0.3270578384399414,1193.1339111328125,-0.5836490988731384,1111.718017578125,-0.5069785118103027,1213.28515625,-0.6196497082710266,1.3857808113098145,1.489668846130371,0.7729480266571045,0.613376259803772,0.6048188805580139,0.600909948348999,-0.010491595603525639,-0.02915053255856037,-0.020976154133677483,-0.004260966554284096,-0.004684558138251305,-0.004580628126859665,3.5958263874053955,0.5993043780326843,-0.00436613941565156,-0.002469808328896761,-0.3720112442970276,3.151500940322876,6416046.0
132.8000030517578,44.59941101074219,-0.026889530941843987,0.015168082900345325,903.9815063476562,-0.32741400599479675,1193.075439453125,-0.5841348171234131,1111.6673583984375,-0.5074518918991089,1213.22314453125,-0.6200916171073914,1.3847320079803467,1.4867578744888306,0.7708603739738464,0.6129499673843384,0.6043515801429749,0.6004541516304016,-0.010483483783900738,-0.029069654643535614,-0.020777199417352676,-0.004265319090336561,-0.004661947023123503,-0.004537515342235565,3.59318208694458,0.5988637208938599,-0.004414571914821863,-0.002463502110913396,-0.3710613548755646,3.151242256164551,6415520.0
132.89999389648438,44.59690475463867,-0.02505539543926716,0.01834135688841343,903.94873046875,-0.3277674615383148,1193.01708984375,-0.5846224427223206,1111.6165771484375,-0.5079226493835449,1213.1611328125,-0.620543897151947,1.3836841583251953,1.48385488986969,0.768792450428009,0.6125231385231018,0.6038861870765686,0.600001335144043,-0.01047546323388815,-0.028989238664507866,-0.020581359043717384,-0.004271340556442738,-0.004646094515919685,-0.004520180635154247,3.5905020236968994,0.5984169840812683,-0.00448077917098999,-0.0024573407135903835,-0.37013334035873413,3.1509835720062256,6414993.0
133.0,44.59458923339844,-0.023156464099884033,0.01898931711912155,903.9159545898438,-0.3281182050704956,1192.9586181640625,-0.5851126313209534,1111.5657958984375,-0.5083910822868347,1213.0989990234375,-0.6210078001022339,1.3826369047164917,1.4809600114822388,0.7667439579963684,0.6120955944061279,0.6034220457077026,0.5995491743087769,-0.010467546060681343,-0.028909310698509216,-0.02038870006799698,-0.004279246553778648,-0.0046371701173484325,-0.004524385090917349,3.587780237197876,0.5979633331298828,-0.004552011378109455,-0.0024513297248631716,-0.36922794580459595,3.150724411010742,6414465.5
133.10000610351562,44.59246826171875,-0.021235954016447067,0.01920509897172451,903.8831176757812,-0.32846641540527344,1192.9000244140625,-0.5856057405471802,1111.514892578125,-0.5088576078414917,1213.036865234375,-0.6214840412139893,1.3815906047821045,1.478073000907898,0.7647145986557007,0.6116672158241272,0.6029585003852844,0.5990957617759705,-0.010459735989570618,-0.02882988192141056,-0.020199233666062355,-0.004289099480956793,-0.00463493587449193,-0.004545761737972498,3.5850143432617188,0.5975024104118347,-0.004626745358109474,-0.002445470541715622,-0.3683454096317291,3.1504650115966797,6413937.0
133.1999969482422,44.590518951416016,-0.01946183107793331,0.01774122193455696,903.8502197265625,-0.3288120925426483,1192.8414306640625,-0.586101770401001,1111.4639892578125,-0.5093225836753845,1212.9747314453125,-0.6219719648361206,1.3805450201034546,1.475193977355957,0.7627040147781372,0.6112377047538757,0.6024948358535767,0.5986394882202148,-0.01045203022658825,-0.028750943019986153,-0.020012879744172096,-0.004300740081816912,-0.00463856803253293,-0.0045791673474013805,3.582206964492798,0.5970344543457031,-0.0046950094401836395,-0.0024397512897849083,-0.3674839437007904,3.150205373764038,6413408.5
133.3000030517578,44.58873748779297,-0.017818234860897064,0.016435960307717323,903.8173217773438,-0.3291553556919098,1192.7828369140625,-0.586600661277771,1111.4130859375,-0.5097864270210266,1212.9124755859375,-0.6224705576896667,1.379500150680542,1.4723228216171265,0.7607119083404541,0.6108070015907288,0.6020305752754211,0.5981795787811279,-0.010444420389831066,-0.0286724716424942,-0.019829537719488144,-0.004313954617828131,-0.004647149704396725,-0.004620272666215897,3.5793607234954834,0.5965601205825806,-0.00475824112072587,-0.002434161491692066,-0.3666419982910156,3.1499454975128174,6412879.5
133.39999389648438,44.58713150024414,-0.016081208363175392,0.017370278015732765,903.784423828125,-0.3294963240623474,1192.72412109375,-0.5871026515960693,1111.362060546875,-0.5102493166923523,1212.8502197265625,-0.6229804158210754,1.3784561157226562,1.4694595336914062,0.7587379813194275,0.6103748679161072,0.6015651822090149,0.5977151393890381,-0.010436912067234516,-0.028594480827450752,-0.019649216905236244,-0.004328811541199684,-0.004660594742745161,-0.004668155685067177,3.5764734745025635,0.5960789322853088,-0.0048291487619280815,-0.002428708365187049,-0.36582061648368835,3.1496851444244385,6412349.5
133.5,44.5856819152832,-0.014468114823102951,0.016130929812788963,903.75146484375,-0.32983508706092834,1192.6654052734375,-0.5876078009605408,1111.31103515625,-0.5107115507125854,1212.787841796875,-0.623501181602478,1.3774127960205078,1.4666038751602173,0.7567819356918335,0.6099411845207214,0.6010982394218445,0.5972456932067871,-0.0104295015335083,-0.02851695939898491,-0.019471855834126472,-0.00434520049020648,-0.004678338300436735,-0.004720585886389017,3.5735466480255127,0.5955910682678223,-0.004893775563687086,-0.0024233818985521793,-0.3650183379650116,3.1494247913360596,6411819.5
133.60000610351562,44.58440017700195,-0.01283127348870039,0.016368413344025612,903.7184448242188,-0.33017176389694214,1192.6065673828125,-0.5881162881851196,1111.2598876953125,-0.51117342710495,1212.7254638671875,-0.6240328550338745,1.3763701915740967,1.4637560844421387,0.7548434734344482,0.6095057725906372,0.6006293296813965,0.5967708230018616,-0.010422189719974995,-0.02843991108238697,-0.01929742656648159,-0.004363091662526131,-0.00470007536932826,-0.004776590503752232,3.5705795288085938,0.5950965881347656,-0.004961845465004444,-0.0024181841872632504,-0.36423543095588684,3.1491639614105225,6411288.5
133.6999969482422,44.58327865600586,-0.011234785430133343,0.01596488431096077,903.6854248046875,-0.33050647377967834,1192.5477294921875,-0.5886282324790955,1111.208740234375,-0.5116352438926697,1212.6630859375,-0.6245753169059753,1.3753283023834229,1.4609159231185913,0.7529223561286926,0.6090684533119202,0.6001580953598022,0.5962902307510376,-0.010414977557957172,-0.028363334015011787,-0.019125893712043762,-0.004382445011287928,-0.004725493025034666,-0.004835308529436588,3.5675723552703857,0.5945954322814941,-0.005028639454394579,-0.002413111738860607,-0.3634713888168335,3.1489028930664062,6410757.0
133.8000030517578,44.582340240478516,-0.009353372268378735,0.01881413161754608,903.65234375,-0.3308393359184265,1192.4888916015625,-0.5891444683074951,1111.1575927734375,-0.5120971202850342,1212.6005859375,-0.6251307129859924,1.3742872476577759,1.4580833911895752,0.751018226146698,0.6086291670799255,0.5996840596199036,0.5958034992218018,-0.010407879948616028,-0.028287265449762344,-0.01895737275481224,-0.0044035837054252625,-0.004755294416099787,-0.004899170249700546,3.5645177364349365,0.5940862894058228,-0.005113630089908838,-0.002408187370747328,-0.3627296984195709,3.14864182472229,6410225.0
133.89999389648438,44.58163070678711,-0.007098073605448008,0.022552981972694397,903.6192626953125,-0.3311704397201538,1192.429931640625,-0.5896660089492798,1111.1063232421875,-0.5125595331192017,1212.5380859375,-0.6257022619247437,1.3732467889785767,1.4552584886550903,0.7491307258605957,0.6081876754760742,0.599206805229187,0.5953099727630615,-0.010400925762951374,-0.028211770579218864,-0.01879207417368889,-0.004427073057740927,-0.004790815059095621,-0.00497206998988986,3.561403274536133,0.5935671925544739,-0.005220626946538687,-0.0024034413509070873,-0.3620148301124573,3.1483802795410156,6409693.0
134.0,44.581214904785156,-0.004166602157056332,0.029314713552594185,903.5861206054688,-0.33149993419647217,1192.3709716796875,-0.5901948809623718,1111.0550537109375,-0.5130227208137512,1212.4754638671875,-0.6262955665588379,1.3722070455551147,1.4524409770965576,0.7472596168518066,0.6077436208724976,0.5987255573272705,0.5948083996772766,-0.010394158773124218,-0.02813696302473545,-0.01863037422299385,-0.004453868139535189,-0.004834391176700592,-0.005060357041656971,3.5582079887390137,0.5930346846580505,-0.005367564968764782,-0.0023989281617105007,-0.36133500933647156,3.148118495941162,6409160.0
134.10000610351562,44.5811767578125,-0.000398903590394184,0.037676986306905746,903.5529174804688,-0.33182796835899353,1192.3118896484375,-0.5907334685325623,1111.003662109375,-0.5134873390197754,1212.412841796875,-0.6269180774688721,1.3711678981781006,1.4496309757232666,0.7454044818878174,0.6072967052459717,0.5982394218444824,0.5942968726158142,-0.010387641377747059,-0.028062988072633743,-0.01847277767956257,-0.004485235549509525,-0.004889097064733505,-0.005171613767743111,3.5549049377441406,0.592484176158905,-0.005563100799918175,-0.0023947148583829403,-0.360700398683548,3.1478562355041504,6408626.5
134.1999969482422,44.581600189208984,0.004253862425684929,0.04652766138315201,903.5197143554688,-0.33215469121932983,1192.2528076171875,-0.5912846922874451,1110.952392578125,-0.5139539837837219,1212.35009765625,-0.6275780200958252,1.3701294660568237,1.4468283653259277,0.7435649037361145,0.6068463325500488,0.5977470874786377,0.5937727093696594,-0.010381440632045269,-0.027990007773041725,-0.018319841474294662,-0.0045225475914776325,-0.0049581462517380714,-0.005312716122716665,3.5514633655548096,0.5919105410575867,-0.0058103748597204685,-0.002390872919932008,-0.3601217269897461,3.1475939750671387,6408092.0
134.3000030517578,44.582576751708984,0.009759710170328617,0.05505847930908203,903.4865112304688,-0.3324802815914154,1192.193603515625,-0.5918514728546143,1110.90087890625,-0.5144236087799072,1212.2872314453125,-0.6282836198806763,1.3690916299819946,1.444032907485962,0.741740345954895,0.6063918471336365,0.5972470641136169,0.5932327508926392,-0.010375622659921646,-0.027918187901377678,-0.018172120675444603,-0.004567140247672796,-0.005044505000114441,-0.005488862749189138,3.5478529930114746,0.5913088321685791,-0.006108246278017759,-0.002387471031397581,-0.35960930585861206,3.147331476211548,6407557.5
134.39999389648438,44.584163665771484,0.015852438285946846,0.06092727929353714,903.4532470703125,-0.33280491828918457,1192.1343994140625,-0.5924363136291504,1110.8494873046875,-0.5148971080780029,1212.224365234375,-0.6290411949157715,1.3680543899536133,1.4412447214126587,0.7399302124977112,0.6059325337409973,0.5967373847961426,0.5926733016967773,-0.010370240546762943,-0.0278476532548666,-0.018030036240816116,-0.004619997460395098,-0.005150039214640856,-0.005701312329620123,3.5440497398376465,0.5906749367713928,-0.006442056503146887,-0.0023845559917390347,-0.35917025804519653,3.147068738937378,6407022.5
134.5,44.58634948730469,0.02187361568212509,0.060211777687072754,903.419921875,-0.33312880992889404,1192.0751953125,-0.593040406703949,1110.7979736328125,-0.515375554561615,1212.1614990234375,-0.6298521757125854,1.3670175075531006,1.4384633302688599,0.7381340861320496,0.6054675579071045,0.5962162613868713,0.5920911431312561,-0.010365309193730354,-0.02777843363583088,-0.01789364404976368,-0.0046811792999506,-0.005274017341434956,-0.0059434897266328335,3.5400474071502686,0.5900079011917114,-0.006774924695491791,-0.0023821222130209208,-0.3588036596775055,3.14680552482605,6406487.0
134.60000610351562,44.58908462524414,0.027372093871235847,0.05498477444052696,903.3865966796875,-0.3334522843360901,1192.015869140625,-0.5936634540557861,1110.746337890625,-0.5158599615097046,1212.098388671875,-0.6307135820388794,1.3659812211990356,1.4356889724731445,0.7363513112068176,0.6049960255622864,0.5956819653511047,0.5914837718009949,-0.010360803455114365,-0.02771046757698059,-0.017762668430805206,-0.004749923478811979,-0.005413529463112354,-0.0062036518938839436,3.535856008529663,0.5893093347549438,-0.007083210162818432,-0.002380126854404807,-0.358503133058548,3.1465423107147217,6405951.0
134.6999969482422,44.59231185913086,0.03226349875330925,0.04891404137015343,903.353271484375,-0.3337755501270294,1191.9564208984375,-0.5943047404289246,1110.69482421875,-0.516351044178009,1212.0352783203125,-0.6316205859184265,1.364945411682129,1.432921290397644,0.7345813512802124,0.6045172810554504,0.5951330661773682,0.5908499956130981,-0.010356687009334564,-0.027643665671348572,-0.017636718228459358,-0.004825196228921413,-0.005565100349485874,-0.006470569875091314,3.531491994857788,0.5885820388793945,-0.007362937554717064,-0.00237852125428617,-0.35826125741004944,3.1462786197662354,6405414.0
134.8000030517578,44.59599304199219,0.0367860272526741,0.04522528871893883,903.3198852539062,-0.3340989351272583,1191.89697265625,-0.594963788986206,1110.64306640625,-0.5168495178222656,1211.97216796875,-0.6325697302818298,1.3639099597930908,1.4301601648330688,0.7328237295150757,0.6040307283401489,0.5945684909820557,0.590189516544342,-0.010352934710681438,-0.0275779590010643,-0.017515504732728004,-0.004906227812170982,-0.00572618143633008,-0.006737804040312767,3.5269670486450195,0.5878278613090515,-0.0076271770521998405,-0.002377274911850691,-0.35807353258132935,3.14601469039917,6404877.0
134.89999389648438,44.60009002685547,0.041004423052072525,0.042183976620435715,903.2864379882812,-0.33442267775535583,1191.83740234375,-0.5956403017044067,1110.5914306640625,-0.5173560380935669,1211.9088134765625,-0.6335586309432983,1.3628747463226318,1.427405595779419,0.731078028678894,0.6035358309745789,0.5939874649047852,0.5895024538040161,-0.010349525138735771,-0.027513299137353897,-0.01739879697561264,-0.004992425907403231,-0.005894849076867104,-0.007001772988587618,3.522289752960205,0.5870482921600342,-0.00787774845957756,-0.002376363379880786,-0.35793623328208923,3.1457507610321045,6404339.5
135.0,44.604610443115234,0.04516904801130295,0.04164624586701393,903.2529907226562,-0.3347471356391907,1191.77783203125,-0.5963345766067505,1110.5396728515625,-0.5178710222244263,1211.845458984375,-0.6345864534378052,1.361840009689331,1.4246574640274048,0.729343831539154,0.6030320525169373,0.5933892130851746,0.588789165019989,-0.010346454568207264,-0.02744966745376587,-0.017286498099565506,-0.005083518568426371,-0.0060701677575707436,-0.007262345403432846,3.5174620151519775,0.5862436890602112,-0.008128522895276546,-0.002375782234594226,-0.3578487038612366,3.145486354827881,6403801.0
135.10000610351562,44.609519958496094,0.04910169541835785,0.039326462894678116,903.219482421875,-0.3350725769996643,1191.7181396484375,-0.5970465540885925,1110.48779296875,-0.5183950662612915,1211.7818603515625,-0.6356515884399414,1.3608055114746094,1.4219156503677368,0.7276206016540527,0.6025189161300659,0.5927731990814209,0.5880500674247742,-0.010343711823225021,-0.027387036010622978,-0.017178457230329514,-0.005179122090339661,-0.006250941660255194,-0.0075183468870818615,3.512488842010498,0.5854148268699646,-0.008367671631276608,-0.002375512383878231,-0.35780808329582214,3.145221710205078,6403262.5
135.1999969482422,44.614768981933594,0.0524875782430172,0.033858850598335266,903.1859741210938,-0.3353992998600006,1191.658447265625,-0.597775399684906,1110.4359130859375,-0.5189285278320312,1211.71826171875,-0.6367500424385071,1.3597712516784668,1.4191800355911255,0.7259079813957214,0.6019960641860962,0.5921388864517212,0.5872858166694641,-0.010341263376176357,-0.027325324714183807,-0.017074337229132652,-0.005278393160551786,-0.0064347879961133,-0.007764957379549742,3.5073845386505127,0.5845640897750854,-0.008577615022659302,-0.002375509822741151,-0.3578076958656311,3.1449568271636963,6402723.0
135.3000030517578,44.620269775390625,0.05502011999487877,0.025325395166873932,903.1524047851562,-0.33572760224342346,1191.5986328125,-0.5985193848609924,1110.384033203125,-0.5194716453552246,1211.654541015625,-0.6378749012947083,1.3587372303009033,1.4164505004882812,0.7242055535316467,0.6014631390571594,0.5914862155914307,0.5864976644515991,-0.010339055210351944,-0.027264395728707314,-0.016973603516817093,-0.005380005110055208,-0.00661813048645854,-0.007994317449629307,3.502173662185669,0.5836955904960632,-0.008741427212953568,-0.00237570540048182,-0.35783714056015015,3.1446917057037354,6402183.5
135.39999389648438,44.625946044921875,0.0567588284611702,0.01738710142672062,903.1188354492188,-0.33605778217315674,1191.5386962890625,-0.5992766618728638,1110.33203125,-0.5200246572494507,1211.5906982421875,-0.6390190720558167,1.357703447341919,1.4137271642684937,0.7225131392478943,0.6009200215339661,0.5908154249191284,0.5856878161430359,-0.010337029583752155,-0.027204105630517006,-0.016875695437192917,-0.005482600536197424,-0.006797492504119873,-0.008199986070394516,3.4968819618225098,0.5828136801719666,-0.008863046765327454,-0.002376035088673234,-0.35788679122924805,3.1444263458251953,6401643.0
135.5,44.631717681884766,0.05770197510719299,0.009431439451873302,903.085205078125,-0.33639007806777954,1191.478759765625,-0.6000452041625977,1110.280029296875,-0.5205873847007751,1211.5267333984375,-0.6401752829551697,1.3566697835922241,1.411009669303894,0.7208303213119507,0.6003666520118713,0.5901269912719727,0.5848588347434998,-0.010335128754377365,-0.027144312858581543,-0.0167800635099411,-0.005584868602454662,-0.0069696977734565735,-0.008377163670957088,3.491535186767578,0.5819225311279297,-0.008941106498241425,-0.0023764343932271004,-0.3579469323158264,3.144160509109497,6401102.5
135.60000610351562,44.63748550415039,0.05768359825015068,-0.0001837471645558253,903.051513671875,-0.33672478795051575,1191.418701171875,-0.6008224487304688,1110.2279052734375,-0.5211596488952637,1211.462646484375,-0.6413351893424988,1.3556363582611084,1.4082982540130615,0.7191570401191711,0.59980309009552,0.5894219279289246,0.5840137600898743,-0.010333284735679626,-0.027084849774837494,-0.016686072573065758,-0.005685311742126942,-0.007131212390959263,-0.008520341478288174,3.486163854598999,0.5810273289680481,-0.008965346962213516,-0.002376825548708439,-0.3580058515071869,3.143894672393799,6400561.0
135.6999969482422,44.64316940307617,0.05684548616409302,-0.008381142280995846,903.017822265625,-0.3370620906352997,1191.3585205078125,-0.601606011390686,1110.17578125,-0.5217410922050476,1211.3984375,-0.6424909830093384,1.3546031713485718,1.405592679977417,0.7174931168556213,0.5992296934127808,0.5887013077735901,0.5831562876701355,-0.01033143512904644,-0.027025559917092323,-0.016593128442764282,-0.005782554391771555,-0.007279003504663706,-0.008626075461506844,3.4807965755462646,0.580132782459259,-0.008943975903093815,-0.002377142431214452,-0.358053594827652,3.1436285972595215,6400019.0
135.8000030517578,44.648704528808594,0.055358078330755234,-0.014874055981636047,902.984130859375,-0.33740219473838806,1191.29833984375,-0.6023937463760376,1110.1236572265625,-0.522331178188324,1211.3341064453125,-0.643636167049408,1.3535701036453247,1.40289306640625,0.7158384323120117,0.5986467599868774,0.5879667401313782,0.5822901129722595,-0.010329525917768478,-0.026966311037540436,-0.016500744968652725,-0.005875510163605213,-0.007410961203277111,-0.008693837560713291,3.475456953048706,0.5792428255081177,-0.008885377086699009,-0.002377332653850317,-0.35808223485946655,3.143362045288086,6399476.5
135.89999389648438,44.65401840209961,0.05315396562218666,-0.02204113081097603,902.9503784179688,-0.3377452790737152,1191.2381591796875,-0.6031833291053772,1110.0712890625,-0.5229292511940002,1211.269775390625,-0.6447641253471375,1.3525372743606567,1.4001994132995605,0.7141929268836975,0.598054826259613,0.5872198939323425,0.5814191102981567,-0.010327502153813839,-0.026906970888376236,-0.016408421099185944,-0.005963093601167202,-0.007525061722844839,-0.008722945116460323,3.47016978263855,0.5783616304397583,-0.008784488774836063,-0.0023773382417857647,-0.3580830693244934,3.1430952548980713,6398933.5
136.0,44.659053802490234,0.05033648759126663,-0.02817479707300663,902.9165649414062,-0.3380914330482483,1191.177734375,-0.6039726138114929,1110.01904296875,-0.5235346555709839,1211.2052001953125,-0.6458687782287598,1.3515045642852783,1.3975117206573486,0.7125567197799683,0.5974544286727905,0.5864625573158264,0.5805471539497375,-0.010325315408408642,-0.026847414672374725,-0.016315706074237823,-0.006044329609721899,-0.007619660347700119,-0.008713562041521072,3.4649577140808105,0.5774929523468018,-0.008647250942885876,-0.0023771098349243402,-0.3580486476421356,3.1428282260894775,6398390.0
136.10000610351562,44.66373825073242,0.04686220735311508,-0.034742776304483414,902.8827514648438,-0.33844074606895447,1191.1173095703125,-0.604759156703949,1109.9666748046875,-0.5241464376449585,1211.140625,-0.6469438672065735,1.3504722118377686,1.3948299884796143,0.7109298706054688,0.5968462228775024,0.585696816444397,0.5796780586242676,-0.010322912596166134,-0.026787519454956055,-0.016222134232521057,-0.0061182561330497265,-0.007693198975175619,-0.00866564642637968,3.459843873977661,0.5766406655311584,-0.008470284752547741,-0.002376594115048647,-0.3579709827899933,3.1425609588623047,6397846.0
136.1999969482422,44.6679801940918,0.04239873215556145,-0.044634751975536346,902.848876953125,-0.3387932777404785,1191.0567626953125,-0.6055399179458618,1109.9141845703125,-0.5247637629508972,1211.0758056640625,-0.6479808688163757,1.3494399785995483,1.3921542167663574,0.709312379360199,0.5962311029434204,0.5849248766899109,0.5788158178329468,-0.010320224799215794,-0.026727110147476196,-0.01612708531320095,-0.006183512043207884,-0.007743078283965588,-0.008575566112995148,3.454859972000122,0.5758100152015686,-0.008234457112848759,-0.002375711454078555,-0.3578380346298218,3.1422934532165527,6397301.0
136.3000030517578,44.67166519165039,0.036854397505521774,-0.05544334277510643,902.8150024414062,-0.33914899826049805,1190.9962158203125,-0.6063113212585449,1109.8616943359375,-0.5253854393959045,1211.010986328125,-0.6489698886871338,1.3484081029891968,1.3894846439361572,0.7077045440673828,0.5956099629402161,0.5841493010520935,0.5779649615287781,-0.01031716912984848,-0.02666598930954933,-0.016029834747314453,-0.006238516885787249,-0.007766201160848141,-0.008438455872237682,3.450043201446533,0.5750072002410889,-0.00793545227497816,-0.002374374307692051,-0.3576366603374481,3.1420257091522217,6396756.0
136.39999389648438,44.6746940612793,0.030284341424703598,-0.06570057570934296,902.7810668945312,-0.33950790762901306,1190.935546875,-0.6070695519447327,1109.80908203125,-0.5260102152824402,1210.946044921875,-0.6499011516571045,1.3473765850067139,1.3868211507797241,0.7061065435409546,0.5949838757514954,0.5833728909492493,0.5771303176879883,-0.010313664563000202,-0.026603959500789642,-0.015929674729704857,-0.006281750742346048,-0.007759762462228537,-0.008250799961388111,3.445430278778076,0.5742383599281311,-0.007575845345854759,-0.0023725004866719246,-0.35735440254211426,3.1417574882507324,6396210.0
136.5,44.6769905090332,0.022951843217015266,-0.07332498580217361,902.7470703125,-0.339869886636734,1190.874755859375,-0.6078113317489624,1109.7564697265625,-0.5266366600990295,1210.8809814453125,-0.6507665514945984,1.3463454246520996,1.3841638565063477,0.704518735408783,0.5943541526794434,0.5825986266136169,0.5763170123100281,-0.010309644043445587,-0.026540854945778847,-0.0158260315656662,-0.006312050390988588,-0.007722037378698587,-0.008012576960027218,3.4410512447357178,0.5735085606575012,-0.0071695358492434025,-0.002370028290897608,-0.35698202252388,3.141489267349243,6395663.5
136.60000610351562,44.67848587036133,0.014957216568291187,-0.07994626462459564,902.7130737304688,-0.34023478627204895,1190.81396484375,-0.6085335612297058,1109.7037353515625,-0.5272632837295532,1210.81591796875,-0.6515592336654663,1.3453147411346436,1.381512999534607,0.7029414772987366,0.5937220454216003,0.5818297863006592,0.5755299925804138,-0.010305050760507584,-0.026476537808775902,-0.01571841537952423,-0.006328492425382137,-0.007651998661458492,-0.007725455332547426,3.4369330406188965,0.5728221535682678,-0.006720403674989939,-0.002366904402151704,-0.3565114736557007,3.1412205696105957,6395116.5
136.6999969482422,44.67908477783203,0.00599622679874301,-0.08960989862680435,902.6790161132812,-0.34060242772102356,1190.7530517578125,-0.6092326045036316,1109.6510009765625,-0.5278883576393127,1210.750732421875,-0.6522705554962158,1.3442844152450562,1.378868579864502,0.7013752460479736,0.5930891036987305,0.5810696482658386,0.5747742056846619,-0.010299810208380222,-0.02641082927584648,-0.015606214292347431,-0.006329839117825031,-0.0075477659702301025,-0.007387781050056219,3.433108329772949,0.5721847414970398,-0.006210275460034609,-0.0023630510549992323,-0.3559311032295227,3.140951633453369,6394569.0
136.8000030517578,44.678688049316406,-0.003970595076680183,-0.0996682196855545,902.6449584960938,-0.34097251296043396,1190.692138671875,-0.6099042892456055,1109.59814453125,-0.5285102128982544,1210.6854248046875,-0.652890682220459,1.343254804611206,1.3762308359146118,0.6998204588890076,0.5924567580223083,0.5803217887878418,0.5740548372268677,-0.010293842293322086,-0.026343535631895065,-0.015488739125430584,-0.006314695812761784,-0.007407085038721561,-0.00699673593044281,3.429614543914795,0.571602463722229,-0.005637612659484148,-0.002358387690037489,-0.3552286624908447,3.1406822204589844,6394021.0
136.89999389648438,44.67720031738281,-0.014881997369229794,-0.10911402106285095,902.61083984375,-0.34134477376937866,1190.631103515625,-0.6105445623397827,1109.5452880859375,-0.5291268825531006,1210.6201171875,-0.6534101963043213,1.3422257900238037,1.3736000061035156,0.6982777714729309,0.591826856136322,0.5795899033546448,0.5733773708343506,-0.010287065990269184,-0.026274459436535835,-0.01536532398313284,-0.006281746551394463,-0.00722799077630043,-0.006550530903041363,3.426488161087036,0.5710813403129578,-0.0050049214623868465,-0.002352838171645999,-0.35439276695251465,3.1404128074645996,6393472.0
137.0,44.67451858520508,-0.02679205872118473,-0.11910060793161392,902.57666015625,-0.341718852519989,1190.570068359375,-0.6111488938331604,1109.492431640625,-0.529736340045929,1210.5548095703125,-0.65381920337677,1.3411973714828491,1.3709760904312134,0.6967476606369019,0.5912012457847595,0.578877866268158,0.5727473497390747,-0.01027939934283495,-0.026203403249382973,-0.015235287137329578,-0.0062296465039253235,-0.007008486893028021,-0.006047227885574102,3.423766613006592,0.570627748966217,-0.00430776784196496,-0.0023463224060833454,-0.35341134667396545,3.1401429176330566,6392922.5
137.10000610351562,44.6705436706543,-0.039773792028427124,-0.12981735169887543,902.54248046875,-0.3420942723751068,1190.5089111328125,-0.6117127537727356,1109.4393310546875,-0.5303364396095276,1210.4893798828125,-0.6541070342063904,1.340169906616211,1.3683593273162842,0.695231020450592,0.5905818343162537,0.5781899690628052,0.5721706748008728,-0.010270752012729645,-0.026130152866244316,-0.01509789377450943,-0.006156946998089552,-0.006746347062289715,-0.00548416655510664,3.4214906692504883,0.5702484250068665,-0.0035410921555012465,-0.0023387547116726637,-0.3522714674472809,3.1398727893829346,6392372.5
137.1999969482422,44.66519546508789,-0.05348479747772217,-0.13711005449295044,902.50830078125,-0.34247058629989624,1190.4476318359375,-0.6122318506240845,1109.3863525390625,-0.5309247374534607,1210.4239501953125,-0.6542651653289795,1.3391432762145996,1.3657501935958862,0.6937284469604492,0.5899707674980164,0.5775304436683655,0.5716532468795776,-0.01026105135679245,-0.02605452947318554,-0.014952554367482662,-0.006062577944248915,-0.006440447177737951,-0.004862213972955942,3.419694185256958,0.5699490308761597,-0.002723329234868288,-0.0023300768807530403,-0.35096439719200134,3.1396021842956543,6391822.0
137.3000030517578,44.65842056274414,-0.0677480697631836,-0.14263273775577545,902.4739990234375,-0.34284722805023193,1190.386474609375,-0.6127022504806519,1109.333251953125,-0.5314989686012268,1210.3585205078125,-0.6542865633964539,1.3381177186965942,1.36314857006073,0.692240834236145,0.5893702507019043,0.576903760433197,0.5712008476257324,-0.01025023777037859,-0.02597638964653015,-0.014798813499510288,-0.005945817567408085,-0.006090617273002863,-0.004184627439826727,3.4184045791625977,0.5697340965270996,-0.0018617507303133607,-0.002320245373994112,-0.34948351979255676,3.139331579208374,6391271.0
137.39999389648438,44.650169372558594,-0.08250711858272552,-0.14759044349193573,902.439697265625,-0.34322354197502136,1190.3251953125,-0.613120436668396,1109.280029296875,-0.5320565700531006,1210.2930908203125,-0.6541649103164673,1.3370933532714844,1.3605549335479736,0.6907690167427063,0.588782548904419,0.5763142108917236,0.5708188414573669,-0.010238254442811012,-0.025895604863762856,-0.014636260457336903,-0.005806064233183861,-0.005696969572454691,-0.003454666119068861,3.41764760017395,0.5696079730987549,-0.0009579727193340659,-0.0023092213086783886,-0.34782305359840393,3.1390604972839355,6390719.0
137.5,44.64042282104492,-0.0974493995308876,-0.1494228094816208,902.4053344726562,-0.3435989320278168,1190.2637939453125,-0.6134831309318542,1109.226806640625,-0.532595157623291,1210.2276611328125,-0.653895914554596,1.33607017993927,1.3579695224761963,0.6893139481544495,0.5882099866867065,0.5757661461830139,0.5705121755599976,-0.010225064121186733,-0.02581208385527134,-0.014464636333286762,-0.005643095355480909,-0.005260595586150885,-0.002677825978025794,3.4174416065216064,0.5695735812187195,-2.872603727155365e-05,-0.0022969909477978945,-0.3459809124469757,3.138789176940918,6390166.5
137.60000610351562,44.62920379638672,-0.11219926178455353,-0.14749863743782043,902.3709716796875,-0.3439725935459137,1190.202392578125,-0.6137881278991699,1109.1734619140625,-0.5331122279167175,1210.162353515625,-0.6534783840179443,1.3350483179092407,1.3553926944732666,0.6878765225410461,0.5876548290252686,0.5752637982368469,0.5702852010726929,-0.010210650973021984,-0.025725796818733215,-0.014283904805779457,-0.0054572466760873795,-0.004784004297107458,-0.0018628438701853156,3.4177935123443604,0.5696322321891785,0.0009065751801244915,-0.0022835717536509037,-0.34395965933799744,3.1385176181793213,6389613.5
137.6999969482422,44.61653518676758,-0.12668092548847198,-0.14481663703918457,902.3365478515625,-0.34434378147125244,1190.1409912109375,-0.6140335202217102,1109.1201171875,-0.5336055159568787,1210.0970458984375,-0.6529121994972229,1.3340280055999756,1.3528245687484741,0.6864575743675232,0.587119460105896,0.5748109817504883,0.5701411962509155,-0.010195011273026466,-0.025636736303567886,-0.014094124548137188,-0.005249072331935167,-0.00427012424916029,-0.0010181503603234887,3.418705940246582,0.5697843432426453,0.001845301128923893,-0.002268986776471138,-0.3417627811431885,3.1382455825805664,6389060.0
137.8000030517578,44.60244369506836,-0.14092835783958435,-0.14247435331344604,902.3021240234375,-0.34471169114112854,1190.07958984375,-0.6142175197601318,1109.0667724609375,-0.5340726375579834,1210.03173828125,-0.6521973609924316,1.3330093622207642,1.350265383720398,0.685058057308197,0.586605966091156,0.5744112730026245,0.5700829029083252,-0.010178140364587307,-0.025544896721839905,-0.013895345851778984,-0.00501909339800477,-0.003721593413501978,-0.00014991468924563378,3.4201819896698,0.5700303316116333,0.0027895134408026934,-0.0022532562725245953,-0.33939340710639954,3.1379733085632324,6388506.0
137.89999389648438,44.58700942993164,-0.15434430539608002,-0.13415943086147308,902.2676391601562,-0.34507542848587036,1190.0181884765625,-0.6143393516540527,1109.0133056640625,-0.5345115065574646,1209.966552734375,-0.6513375043869019,1.331992506980896,1.3477156162261963,0.6836788654327393,0.5861164927482605,0.5740679502487183,0.5701121091842651,-0.010160064324736595,-0.02545034885406494,-0.01368789654225111,-0.004768507555127144,-0.003142738714814186,0.0007313418318517506,3.422210693359375,0.5703684091567993,0.003704668255522847,-0.0022364489268511534,-0.33686184883117676,3.1377007961273193,6387951.0
138.0,44.570335388183594,-0.16673554480075836,-0.12391243129968643,902.2330932617188,-0.3454340994358063,1189.956787109375,-0.6143993139266968,1108.9598388671875,-0.5349202156066895,1209.9014892578125,-0.6503391861915588,1.330977439880371,1.3451755046844482,0.682320773601532,0.5856530070304871,0.573783814907074,0.5702295303344727,-0.010140831582248211,-0.025353213772177696,-0.013472302816808224,-0.004498978145420551,-0.0025388947688043118,0.0016136113554239273,3.4247705936431885,0.5707951188087463,0.004581599496304989,-0.0022186494898051023,-0.3341808319091797,3.137428045272827,6387395.5
138.10000610351562,44.552494049072266,-0.17840008437633514,-0.11664536595344543,902.1985473632812,-0.34578683972358704,1189.8953857421875,-0.6143973469734192,1108.9063720703125,-0.5352969765663147,1209.8365478515625,-0.6492072939872742,1.3299643993377686,1.3426451683044434,0.6809846758842468,0.5852174162864685,0.5735610723495483,0.5704349279403687,-0.010120479390025139,-0.02525358647108078,-0.013248981907963753,-0.004211863037198782,-0.0019142593955621123,0.00249007367528975,3.4278461933135986,0.5713077187538147,0.005436763167381287,-0.002199918031692505,-0.3313594162464142,3.137155055999756,6386840.0
138.1999969482422,44.533531188964844,-0.1896255761384964,-0.11225491762161255,902.1639404296875,-0.34613269567489624,1189.8338623046875,-0.6143326759338379,1108.852783203125,-0.5356401205062866,1209.7716064453125,-0.647944450378418,1.3289533853530884,1.3401248455047607,0.6796712875366211,0.5848113298416138,0.5734017491340637,0.5707275867462158,-0.010099025443196297,-0.025151517242193222,-0.0130181685090065,-0.003908037673681974,-0.0012714836047962308,0.003359279129654169,3.4314301013946533,0.5719050168991089,0.006284414790570736,-0.002180291572585702,-0.3284032344818115,3.1368815898895264,6386283.0
138.3000030517578,44.513511657714844,-0.2002144455909729,-0.10588876157999039,902.1293334960938,-0.34647074341773987,1189.7724609375,-0.6142048835754395,1108.7991943359375,-0.5359482765197754,1209.7069091796875,-0.6465538144111633,1.3279446363449097,1.337614893913269,0.6783813834190369,0.5844364762306213,0.5733075141906738,0.5711066722869873,-0.0100764911621809,-0.025047065690159798,-0.012780149467289448,-0.0035884922835975885,-0.000613388663623482,0.004218902438879013,3.4355125427246094,0.57258540391922,0.0071115270256996155,-0.0021598231978714466,-0.32532018423080444,3.136608123779297,6385726.0
138.39999389648438,44.492488861083984,-0.21023134887218475,-0.10016893595457077,902.0946655273438,-0.3468000590801239,1189.7110595703125,-0.614013671875,1108.74560546875,-0.5362198948860168,1209.642333984375,-0.6450388431549072,1.3269381523132324,1.3351155519485474,0.6771155595779419,0.5840942859649658,0.5732796788215637,0.5715711712837219,-0.01005290262401104,-0.02494029514491558,-0.012535220943391323,-0.003254216630011797,5.7355311582796276e-05,0.005066992715001106,3.4400830268859863,0.5733472108840942,0.007922366261482239,-0.0021385604050010443,-0.32211753726005554,3.136334180831909,6385168.5
138.5,44.47047805786133,-0.2201048880815506,-0.0987355038523674,902.0599365234375,-0.3471197187900543,1189.649658203125,-0.6137579679489136,1108.6920166015625,-0.5364537239074707,1209.577880859375,-0.6433998942375183,1.3259340524673462,1.3326269388198853,0.6758745908737183,0.5837861895561218,0.5733194947242737,0.5721200108528137,-0.010028261691331863,-0.024831214919686317,-0.012283461168408394,-0.0029056360945105553,0.0007397594163194299,0.005906596779823303,3.4451420307159424,0.5741903185844421,0.008741087280213833,-0.002116516698151827,-0.31879720091819763,3.1360599994659424,6384610.5
138.60000610351562,44.44746398925781,-0.23013034462928772,-0.10025442391633987,902.0252075195312,-0.3474287986755371,1189.5882568359375,-0.6134358048439026,1108.6383056640625,-0.5366483926773071,1209.513671875,-0.641634464263916,1.3249324560165405,1.3301494121551514,0.6746591329574585,0.5835137367248535,0.573428213596344,0.5727527141571045,-0.010002543218433857,-0.02471977099776268,-0.012024729512631893,-0.0025426240172237158,0.0014343896182253957,0.006744487676769495,3.450700283050537,0.5751166939735413,0.009583362378180027,-0.002093680901452899,-0.31535762548446655,3.1357855796813965,6384052.0
138.6999969482422,44.42342758178711,-0.24034850299358368,-0.10218159854412079,901.990478515625,-0.34772640466690063,1189.5269775390625,-0.6130448579788208,1108.584716796875,-0.5368025898933411,1209.4495849609375,-0.6397387981414795,1.3239336013793945,1.3276830911636353,0.6734699606895447,0.5832782983779907,0.5736069679260254,0.5734694004058838,-0.009975715540349483,-0.02460588701069355,-0.011758810840547085,-0.0021648674737662077,0.002142279874533415,0.0075872959569096565,3.456772804260254,0.5761287808418274,0.010451477020978928,-0.002070039976388216,-0.31179672479629517,3.1355109214782715,6383493.0
138.8000030517578,44.398380279541016,-0.2504842281341553,-0.10135724395513535,901.9556884765625,-0.3480115532875061,1189.4656982421875,-0.6125832200050354,1108.531005859375,-0.5369148254394531,1209.3857421875,-0.6377109289169312,1.3229373693466187,1.3252283334732056,0.6723077297210693,0.5830813646316528,0.5738572478294373,0.5742707252502441,-0.009947760961949825,-0.024489523842930794,-0.011485607363283634,-0.001772351679392159,0.0028635887429118156,0.008437549695372581,3.463369131088257,0.5772281885147095,0.01133033074438572,-0.002045601839199662,-0.30811575055122375,3.1352360248565674,6382933.0
138.89999389648438,44.372337341308594,-0.2604425549507141,-0.0995834469795227,901.9208374023438,-0.3482833802700043,1189.4044189453125,-0.6120495200157166,1108.477294921875,-0.5369836091995239,1209.322021484375,-0.6355500221252441,1.3219441175460815,1.3227852582931519,0.6711731553077698,0.5829244256019592,0.5741803050041199,0.5751574635505676,-0.009918670170009136,-0.02437066286802292,-0.01120510883629322,-0.0013652733759954572,0.0035978874657303095,0.009295418858528137,3.4704935550689697,0.5784156322479248,0.012216299772262573,-0.0020203827880322933,-0.3043171763420105,3.1349611282348633,6382373.0
139.0,44.34528732299805,-0.2704860270023346,-0.10043464601039886,901.8860473632812,-0.34854093194007874,1189.34326171875,-0.6114417314529419,1108.423583984375,-0.5370076298713684,1209.2586669921875,-0.6332534551620483,1.3209537267684937,1.3203542232513428,0.6700670123100281,0.5828089118003845,0.5745774507522583,0.5761305093765259,-0.009888418950140476,-0.024249251931905746,-0.010917183011770248,-0.0009435202809982002,0.004345613997429609,0.01016361266374588,3.4781577587127686,0.5796929597854614,0.013125799596309662,-0.001994377700611949,-0.3004002273082733,3.134685754776001,6381812.5
139.10000610351562,44.31720733642578,-0.2808116674423218,-0.10325636714696884,901.8511352539062,-0.34878331422805786,1189.2822265625,-0.6107571721076965,1108.369873046875,-0.5369853377342224,1209.1954345703125,-0.630816638469696,1.319966435432434,1.317935585975647,0.6689900159835815,0.5827363729476929,0.5750501155853271,0.5771911144256592,-0.009856967255473137,-0.024125196039676666,-0.010621544905006886,-0.0005065980949439108,0.0051082223653793335,0.011047366075217724,3.486379861831665,0.5810633301734924,0.014070365577936172,-0.0019675663206726313,-0.2963617742061615,3.1344103813171387,6381252.0
139.1999969482422,44.28807830810547,-0.2912631034851074,-0.10451450198888779,901.8162841796875,-0.34900954365730286,1189.22119140625,-0.6099933981895447,1108.316162109375,-0.536915123462677,1209.1324462890625,-0.6282352209091187,1.3189823627471924,1.3155293464660645,0.667943000793457,0.5827082395553589,0.5755998492240906,0.5783410668373108,-0.009824279695749283,-0.023998411372303963,-0.010317939333617687,-5.40988621651195e-05,0.005886848084628582,0.011949963867664337,3.4951775074005127,0.582529604434967,0.015041332691907883,-0.0019399402663111687,-0.29220065474510193,3.134134531021118,6380690.5
139.3000030517578,44.257911682128906,-0.30170246958732605,-0.10439345985651016,901.7813720703125,-0.3492187261581421,1189.16015625,-0.6091480851173401,1108.262451171875,-0.5367954969406128,1209.0697021484375,-0.6255061626434326,1.318001627922058,1.3131359815597534,0.6669267416000366,0.5827261805534363,0.5762282013893127,0.5795822143554688,-0.009790328331291676,-0.023868834599852562,-0.010006198659539223,0.000414167414419353,0.006681973114609718,0.012872159481048584,3.504564046859741,0.5840939879417419,0.016032494604587555,-0.0019115027971565723,-0.28791728615760803,3.1338586807250977,6380129.0
139.39999389648438,44.22669219970703,-0.31217068433761597,-0.10468234121799469,901.7463989257812,-0.34940990805625916,1189.099365234375,-0.6082190275192261,1108.2088623046875,-0.5366247296333313,1209.00732421875,-0.6226262450218201,1.3170243501663208,1.310755729675293,0.6659421324729919,0.5827917456626892,0.5769369602203369,0.5809165835380554,-0.009755083359777927,-0.02373639866709709,-0.00968614686280489,0.0008984112064354122,0.0074941134080290794,0.013814768753945827,3.514552593231201,0.5857587456703186,0.017047904431819916,-0.0018822537967935205,-0.2835116982460022,3.133582830429077,6379567.0
139.5,44.19443893432617,-0.3225391209125519,-0.10368433594703674,901.7114868164062,-0.34958213567733765,1189.03857421875,-0.607204020023346,1108.1551513671875,-0.5364011526107788,1208.9451904296875,-0.6195927262306213,1.31605064868927,1.3083888292312622,0.6649898886680603,0.5829065442085266,0.5777277946472168,0.5823462605476379,-0.009718520566821098,-0.023601053282618523,-0.009357652626931667,0.0013987293932586908,0.008323447778820992,0.014777475968003273,3.5251553058624268,0.5875258445739746,0.01808047667145729,-0.0018522036261856556,-0.2789854407310486,3.1333067417144775,6379005.0
139.60000610351562,44.16115951538086,-0.33278897404670715,-0.10249831527471542,901.676513671875,-0.34973445534706116,1188.9779052734375,-0.6061010360717773,1108.1015625,-0.5361231565475464,1208.8834228515625,-0.616403341293335,1.3150807619094849,1.3060356378555298,0.6640709042549133,0.5830721855163574,0.5786024332046509,0.5838731527328491,-0.009680620394647121,-0.023462748154997826,-0.009020610712468624,0.001915156259201467,0.009169979020953178,0.01575956866145134,3.536381959915161,0.5893970131874084,0.019130485132336617,-0.0018213639268651605,-0.27434027194976807,3.133030414581299,6378442.5
139.6999969482422,44.12687301635742,-0.34287211298942566,-0.10083159804344177,901.6415405273438,-0.3498658835887909,1188.9173583984375,-0.6049081087112427,1108.0479736328125,-0.5357889533042908,1208.822021484375,-0.6130560040473938,1.3141145706176758,1.3036963939666748,0.6631861329078674,0.5832902193069458,0.5795625448226929,0.5854991674423218,-0.00964136328548193,-0.023321444168686867,-0.008674933575093746,0.0024476826656609774,0.010033593513071537,0.016760148108005524,3.5482425689697266,0.5913737416267395,0.020195698365569115,-0.0017897507641464472,-0.26957857608795166,3.132753849029541,6377880.0
139.8000030517578,44.091583251953125,-0.3528918921947479,-0.10019766539335251,901.6065063476562,-0.34997546672821045,1188.85693359375,-0.60362309217453,1107.994384765625,-0.5353969931602478,1208.7608642578125,-0.6095479726791382,1.313152551651001,1.301371455192566,0.6623362898826599,0.5835623741149902,0.580609917640686,0.5872262120246887,-0.009600723162293434,-0.02317708171904087,-0.008320484310388565,0.0029964277055114508,0.010914536193013191,0.01777963526546955,3.560748815536499,0.5934581160545349,0.02128344029188156,-0.0017573714721947908,-0.2647014856338501,3.1324775218963623,6377317.0
139.89999389648438,44.05530548095703,-0.3627827763557434,-0.09890874475240707,901.571533203125,-0.35006219148635864,1188.796630859375,-0.6022437810897827,1107.94091796875,-0.5349454879760742,1208.7000732421875,-0.6058765053749084,1.3121944665908813,1.2990610599517822,0.661522388458252,0.5838901996612549,0.5817462801933289,0.589056134223938,-0.009558675810694695,-0.023029610514640808,-0.00795712973922491,0.003561499295756221,0.011813011951744556,0.01881825178861618,3.5739126205444336,0.5956521034240723,0.02239001914858818,-0.0017242387402802706,-0.2597109377384186,3.1322009563446045,6376754.0
140.0,44.01808166503906,-0.37223196029663086,-0.09449192136526108,901.5364990234375,-0.3501250743865967,1188.7364501953125,-0.6007686257362366,1107.887451171875,-0.5344327688217163,1208.6396484375,-0.6020411252975464,1.311240792274475,1.296765685081482,0.6607452630996704,0.5842753648757935,0.5829732418060303,0.5909907221794128,-0.009515215642750263,-0.022879019379615784,-0.007584904320538044,0.004142590332776308,0.012728079222142696,0.01987268775701523,3.587737798690796,0.5979562997817993,0.023496799170970917,-0.0016903906362131238,-0.25461259484291077,3.1319243907928467,6376191.0
140.10000610351562,43.97997283935547,-0.38107407093048096,-0.0884210541844368,901.5015258789062,-0.3501631021499634,1188.676513671875,-0.5991967916488647,1107.833984375,-0.5338572263717651,1208.5797119140625,-0.5980433225631714,1.3102915287017822,1.2944854497909546,0.6600057482719421,0.5847193598747253,0.5842925310134888,0.5930313467979431,-0.009470351971685886,-0.022725336253643036,-0.007203986868262291,0.004739042837172747,0.013657895848155022,0.0209374837577343,3.6022205352783203,0.6003701090812683,0.024594560265541077,-0.001655877917073667,-0.24941416084766388,3.1316475868225098,6375627.5
140.1999969482422,43.94103240966797,-0.3894183933734894,-0.08344346284866333,901.4664916992188,-0.35017529129981995,1188.6165771484375,-0.5975273251533508,1107.7806396484375,-0.5332172513008118,1208.52001953125,-0.5938844084739685,1.3093467950820923,1.2922207117080688,0.6593047976493835,0.5852237939834595,0.5857054591178894,0.5951787233352661,-0.009424092248082161,-0.022568585351109505,-0.006814531981945038,0.005350274033844471,0.01460091583430767,0.02200903184711933,3.617358684539795,0.6028931140899658,0.025690190494060516,-0.0016207427252084017,-0.2441219836473465,3.131371021270752,6375064.0
140.3000030517578,43.901309967041016,-0.39723360538482666,-0.07815193384885788,901.4314575195312,-0.3501606583595276,1188.5570068359375,-0.5957592725753784,1107.7274169921875,-0.5325113534927368,1208.4609375,-0.5895655155181885,1.3084068298339844,1.2899718284606934,0.6586431860923767,0.5857899785041809,0.5872132182121277,0.5974335074424744,-0.009376444853842258,-0.02240879274904728,-0.006416693329811096,0.005975715816020966,0.015555720776319504,0.023084592074155807,3.6331491470336914,0.6055248379707336,0.026780519634485245,-0.0015850297641009092,-0.23874276876449585,3.131094217300415,6374501.0
140.39999389648438,43.86084747314453,-0.4046180844306946,-0.07384471595287323,901.396484375,-0.3501181900501251,1188.4974365234375,-0.5938917398452759,1107.6741943359375,-0.5317381620407104,1208.402099609375,-0.5850873589515686,1.307471513748169,1.2877390384674072,0.6580218076705933,0.5864194631576538,0.5888170599937439,0.5997959971427917,-0.009327411651611328,-0.022245971485972404,-0.006010584998875856,0.006614910904318094,0.016521256417036057,0.02416289784014225,3.6495916843414307,0.6082652807235718,0.02787156216800213,-0.0015487754717469215,-0.23328202962875366,3.1308176517486572,6373937.5
140.5,43.8196907043457,-0.41157275438308716,-0.0695466697216034,901.3614501953125,-0.350046843290329,1188.438232421875,-0.5919235944747925,1107.6209716796875,-0.5308962464332581,1208.3438720703125,-0.5804503560066223,1.3065413236618042,1.285522699356079,0.6574413776397705,0.5871135592460632,0.5905179381370544,0.6022663712501526,-0.009276995435357094,-0.022080130875110626,-0.005596304778009653,0.007267454639077187,0.017496665939688683,0.02524331584572792,3.6666862964630127,0.6111143827438354,0.028962548822164536,-0.001512016518972814,-0.22774526476860046,3.1305410861968994,6373374.5
140.60000610351562,43.77788162231445,-0.4180700182914734,-0.06497284770011902,901.3264770507812,-0.34994572401046753,1188.379150390625,-0.5898538827896118,1107.5679931640625,-0.5299842953681946,1208.2861328125,-0.5756552219390869,1.3056162595748901,1.2833231687545776,0.6569028496742249,0.5878735184669495,0.5923168063163757,0.604844868183136,-0.009225199930369854,-0.02191128395497799,-0.005173966754227877,0.007932906039059162,0.018481027334928513,0.026324952021241188,3.684432029724121,0.6140720248222351,0.03005136363208294,-0.0014747913228347898,-0.22213827073574066,3.1302645206451416,6372811.5
140.6999969482422,43.73545837402344,-0.4242681860923767,-0.061981648206710815,901.2914428710938,-0.3498137593269348,1188.3201904296875,-0.5876814723014832,1107.5150146484375,-0.529000997543335,1208.228759765625,-0.570701539516449,1.3046963214874268,1.2811405658721924,0.6564069390296936,0.5887006521224976,0.5942145586013794,0.6075316667556763,-0.009172020480036736,-0.021739425137639046,-0.004743611440062523,0.008611023426055908,0.019474005326628685,0.027408728376030922,3.702831745147705,0.6171386241912842,0.03114827536046505,-0.0014371259603649378,-0.21646498143672943,3.129987955093384,6372249.0
140.8000030517578,43.692447662353516,-0.4300951361656189,-0.05826945602893829,901.2564697265625,-0.3496500253677368,1188.2615966796875,-0.5854051113128662,1107.462158203125,-0.5279450416564941,1208.1719970703125,-0.565589189529419,1.3037818670272827,1.2789753675460815,0.6559544205665588,0.5895962119102478,0.5962119698524475,0.610326886177063,-0.009117452427744865,-0.021564552560448647,-0.004305282607674599,0.009301556274294853,0.020475242286920547,0.02849516086280346,3.7218880653381348,0.6203147172927856,0.032247696071863174,-0.0013990518637001514,-0.21073013544082642,3.129711627960205,6371686.0
140.89999389648438,43.64887619018555,-0.43570971488952637,-0.05614587664604187,901.2215576171875,-0.34945353865623474,1188.203125,-0.5830234289169312,1107.409423828125,-0.5268151760101318,1208.1156005859375,-0.560316801071167,1.302872896194458,1.2768278121948242,0.6555461883544922,0.5905614495277405,0.5983099937438965,0.6132310032844543,-0.009061484597623348,-0.021386640146374702,-0.0038589569739997387,0.010004431940615177,0.02148488536477089,0.029586104676127434,3.741607189178467,0.6236011981964111,0.033360715955495834,-0.0013605881249532104,-0.20493657886981964,3.1294355392456055,6371124.0
141.0,43.6047477722168,-0.4412909150123596,-0.05581194534897804,901.1865844726562,-0.34922337532043457,1188.14501953125,-0.5805344581604004,1107.3568115234375,-0.525610089302063,1208.0599365234375,-0.5548813343048096,1.3019696474075317,1.274698257446289,0.6551830172538757,0.5915976166725159,0.6005094051361084,0.6162446141242981,-0.009004090912640095,-0.021205630153417587,-0.0034044720232486725,0.010719925165176392,0.02250399999320507,0.03068581596016884,3.7620017528533936,0.6270002722740173,0.034499213099479675,-0.0013217394007369876,-0.1990850418806076,3.129159450531006,6370562.0
141.10000610351562,43.5600471496582,-0.44700416922569275,-0.057132672518491745,901.1516723632812,-0.3489585220813751,1188.0870361328125,-0.5779355764389038,1107.3043212890625,-0.5243284106254578,1208.004638671875,-0.5492777228355408,1.301072120666504,1.2725868225097656,0.6548656225204468,0.5927059650421143,0.6028112769126892,0.6193689703941345,-0.008945229463279247,-0.021021423861384392,-0.0029415269382297993,0.011448648758232594,0.02353452704846859,0.031800419092178345,3.7830915451049805,0.6305152773857117,0.035675060003995895,-0.0012824971927329898,-0.19317425787448883,3.1288836002349854,6370000.5
141.1999969482422,43.51477813720703,-0.45268306136131287,-0.05678880959749222,901.1168212890625,-0.3486580550670624,1188.0294189453125,-0.5752242803573608,1107.251953125,-0.5229687094688416,1207.9500732421875,-0.5435014963150024,1.3001806735992432,1.2704941034317017,0.6545950174331665,0.5938879251480103,0.6052168607711792,0.6226056218147278,-0.008884860202670097,-0.020833931863307953,-0.0024698630440980196,0.0121911047026515,0.024577977135777473,0.03293364495038986,3.8048949241638184,0.6341491341590881,0.03687780350446701,-0.0012428665068000555,-0.18720494210720062,3.128607988357544,6369439.5
141.3000030517578,43.468936920166016,-0.4584081768989563,-0.05725117772817612,901.0819702148438,-0.3483210504055023,1187.9720458984375,-0.5723980069160461,1107.19970703125,-0.5215294361114502,1207.89599609375,-0.5375478267669678,1.2992953062057495,1.2684202194213867,0.6543720364570618,0.5951448082923889,0.6077275276184082,0.6259567141532898,-0.008822944015264511,-0.020643062889575958,-0.001989200012758374,0.012947837822139263,0.025635909289121628,0.0340888537466526,3.8274309635162354,0.6379051804542542,0.03811541199684143,-0.0012028459459543228,-0.18117690086364746,3.1283328533172607,6368879.0
141.39999389648438,43.42251205444336,-0.46425381302833557,-0.05845627933740616,901.0471801757812,-0.34794649481773376,1187.9149169921875,-0.569453775882721,1107.147705078125,-0.5200089812278748,1207.842529296875,-0.531410813331604,1.2984161376953125,1.2663655281066895,0.6541975736618042,0.5964781045913696,0.6103447675704956,0.6294246315956116,-0.00875943060964346,-0.020448697730898857,-0.0014991785865277052,0.013719585724174976,0.02671032026410103,0.03527028486132622,3.8507230281829834,0.6417871713638306,0.03939438983798027,-0.0011624280596151948,-0.1750890165567398,3.1280577182769775,6368319.0
141.5,43.37546920776367,-0.4704262912273407,-0.06172490492463112,901.0123901367188,-0.3475334644317627,1187.858154296875,-0.5663878917694092,1107.095703125,-0.5184056758880615,1207.7896728515625,-0.5250822305679321,1.2975434064865112,1.2643306255340576,0.6540725827217102,0.5978893637657166,0.6130703687667847,0.6330122947692871,-0.008694251999258995,-0.020250679925084114,-0.000999284558929503,0.014507455751299858,0.027804119512438774,0.03648444637656212,3.874802350997925,0.6458003520965576,0.04073142260313034,-0.001121589564718306,-0.1689377874135971,3.1277828216552734,6367759.5
141.60000610351562,43.3277473449707,-0.47724059224128723,-0.06814297288656235,900.9776611328125,-0.3470809757709503,1187.8016357421875,-0.5631954669952393,1107.0439453125,-0.5167175531387329,1207.737548828125,-0.5185505151748657,1.2966773509979248,1.2623156309127808,0.6539981365203857,0.5993803143501282,0.6159065961837769,0.6367234587669373,-0.008627312257885933,-0.020048774778842926,-0.0004887433024123311,0.015313186682760715,0.02892179600894451,0.037741776555776596,3.8997135162353516,0.649952232837677,0.04215170070528984,-0.0010802822653204203,-0.16271592676639557,3.1275084018707275,6367200.5
141.6999969482422,43.279273986816406,-0.48470693826675415,-0.07466330379247665,900.9429321289062,-0.34658801555633545,1187.7454833984375,-0.5598709583282471,1106.992431640625,-0.5149425268173218,1207.68603515625,-0.511802077293396,1.2958180904388428,1.260321021080017,0.6539753079414368,0.6009528040885925,0.6188559532165527,0.6405630111694336,-0.008558499626815319,-0.0198427215218544,3.334157736389898e-05,0.016138790175318718,0.030068352818489075,0.03905276954174042,3.9255080223083496,0.6542513370513916,0.04365946725010872,-0.00103845726698637,-0.15641610324382782,3.12723445892334,6366643.0
141.8000030517578,43.229984283447266,-0.4929036796092987,-0.0819675475358963,900.9083251953125,-0.3460535705089569,1187.689697265625,-0.5564083456993103,1106.9410400390625,-0.5130782127380371,1207.6351318359375,-0.5048220753669739,1.2949657440185547,1.2583472728729248,0.6540053486824036,0.6026089787483215,0.621921718120575,0.6445367932319641,-0.008487691171467304,-0.01963222026824951,0.0005679632304236293,0.016986485570669174,0.031249120831489563,0.040427565574645996,3.952242136001587,0.6587070226669312,0.045266054570674896,-0.0009960603201761842,-0.15003012120723724,3.1269607543945312,6366085.5
141.89999389648438,43.17982864379883,-0.5015659928321838,-0.08662308007478714,900.873779296875,-0.34547653794288635,1187.6341552734375,-0.5528016090393066,1106.8897705078125,-0.511121928691864,1207.5850830078125,-0.4975965917110443,1.2941205501556396,1.2563947439193726,0.6540894508361816,0.6043511033058167,0.6251074075698853,0.6486515998840332,-0.008414771407842636,-0.01941700093448162,0.0011160331778228283,0.017858250066637993,0.032468512654304504,0.04187224805355072,3.979968786239624,0.6633281707763672,0.04695720598101616,-0.0009530577226541936,-0.14355291426181793,3.126687526702881,6365529.5
142.0,43.128787994384766,-0.5103963613510132,-0.08830352872610092,900.8392333984375,-0.3448558449745178,1187.5791015625,-0.5490453839302063,1106.8387451171875,-0.5090708136558533,1207.53564453125,-0.49011439085006714,1.2932828664779663,1.254464030265808,0.6542291045188904,0.6061816811561584,0.6284171342849731,0.6529143452644348,-0.008339645341038704,-0.01919683627784252,0.0016782672610133886,0.01875554770231247,0.03372932970523834,0.04338756948709488,4.008732318878174,0.6681220531463623,0.04871668294072151,-0.0009094398119486868,-0.13698303699493408,3.1264150142669678,6364974.5
142.10000610351562,43.07687759399414,-0.5191211104393005,-0.08724774420261383,900.8048095703125,-0.3441903591156006,1187.5244140625,-0.545134961605072,1106.7879638671875,-0.5069220066070557,1207.487060546875,-0.4823668897151947,1.2924528121948242,1.2525556087493896,0.6544256806373596,0.6081032752990723,0.6318550705909729,0.6573320031166077,-0.008262240327894688,-0.018971558660268784,0.002255181549116969,0.019679319113492966,0.03503284975886345,0.04497012123465538,4.038566589355469,0.6730944514274597,0.050528403371572495,-0.0008652184624224901,-0.13032224774360657,3.126142740249634,6364420.0
142.1999969482422,43.02410888671875,-0.5276807546615601,-0.08559614419937134,900.7703857421875,-0.343478798866272,1187.4700927734375,-0.5410659313201904,1106.7374267578125,-0.5046723484992981,1207.439208984375,-0.47434648871421814,1.291630506515503,1.2506699562072754,0.6546807289123535,0.6101186275482178,0.6354255080223083,0.661911129951477,-0.00818249024450779,-0.01874101534485817,0.002847213763743639,0.020630300045013428,0.03637976199388504,0.04661589860916138,4.069502353668213,0.6782503724098206,0.052391164004802704,-0.000820410146843642,-0.12357306480407715,3.125870943069458,6363867.0
142.3000030517578,42.97050857543945,-0.5360003113746643,-0.08319604396820068,900.736083984375,-0.34272000193595886,1187.4161376953125,-0.5368338823318481,1106.68701171875,-0.5023188591003418,1207.3922119140625,-0.46604615449905396,1.290816307067871,1.2488075494766235,0.6549957990646362,0.6122304797172546,0.6391327977180481,0.6666578054428101,-0.008100335486233234,-0.018505066633224487,0.0034547613468021154,0.021609116345643997,0.03777045011520386,0.04832115396857262,4.101568698883057,0.6835947632789612,0.05430115759372711,-0.0007750373333692551,-0.11673885583877563,3.1255998611450195,6363315.0
142.39999389648438,42.916107177734375,-0.5439964532852173,-0.07996127754449844,900.7018432617188,-0.3419125974178314,1187.3626708984375,-0.5324345827102661,1106.636962890625,-0.4998583495616913,1207.345947265625,-0.45745959877967834,1.2900105714797974,1.2469691038131714,0.6553723216056824,0.6144415736198425,0.6429814100265503,0.6715778112411499,-0.008015720173716545,-0.018263589590787888,0.004078164231032133,0.022616244852542877,0.039204925298690796,0.05008197948336601,4.134791851043701,0.6891319751739502,0.056253641843795776,-0.0007291290094144642,-0.10982398688793182,3.1253294944763184,6362764.5
142.5,42.860939025878906,-0.551683247089386,-0.07686786353588104,900.667724609375,-0.3410552740097046,1187.3096923828125,-0.5278638005256653,1106.5870361328125,-0.49728772044181824,1207.3006591796875,-0.44858041405677795,1.2892132997512817,1.2451550960540771,0.6558120846748352,0.6167548894882202,0.646975576877594,0.6766765713691711,-0.007928588427603245,-0.018016453832387924,0.004717760719358921,0.023652156814932823,0.04068320244550705,0.05189552158117294,4.169198036193848,0.6948663592338562,0.05825129523873329,-0.000682713114656508,-0.10283266007900238,3.1250596046447754,6362215.0
142.60000610351562,42.80506134033203,-0.5587905645370483,-0.07107316702604294,900.6336669921875,-0.34014666080474854,1187.2572021484375,-0.5231178998947144,1106.5374755859375,-0.4946037828922272,1207.25634765625,-0.43940451741218567,1.2884249687194824,1.2433661222457886,0.6563165783882141,0.6191732287406921,0.6511197686195374,0.6819590330123901,-0.007838902063667774,-0.01776357926428318,0.005373729392886162,0.024716917425394058,0.042204245924949646,0.05375633016228676,4.204806327819824,0.7008010745048523,0.060273099690675735,-0.0006358384271152318,-0.09577222913503647,3.1247904300689697,6361667.5
142.6999969482422,42.748573303222656,-0.5648674964904785,-0.060769472271203995,900.5996704101562,-0.33918529748916626,1187.205078125,-0.5181947946548462,1106.4881591796875,-0.49180343747138977,1207.212890625,-0.42993277311325073,1.2876455783843994,1.2416026592254639,0.6568874716758728,0.6216993927955627,0.6554180383682251,0.6874294281005859,-0.007746665272861719,-0.01750498265028,0.006045875139534473,0.025809669867157936,0.04376456141471863,0.05565255880355835,4.241616725921631,0.7069360613822937,0.062282439321279526,-0.0005885889986529946,-0.08865535259246826,3.1245222091674805,6361121.0
142.8000030517578,42.69157791137695,-0.5699719190597534,-0.05104382708668709,900.5657958984375,-0.33816975355148315,1187.153564453125,-0.5130927562713623,1106.4390869140625,-0.48888376355171204,1207.1702880859375,-0.4201677739620209,1.2868757247924805,1.2398653030395508,0.6575263738632202,0.6243361830711365,0.6598741412162781,0.6930906176567078,-0.007651893887668848,-0.01724071614444256,0.006733885034918785,0.026929283514618874,0.045360155403614044,0.057572949677705765,4.279622554779053,0.7132704257965088,0.06428259611129761,-0.000541043933480978,-0.08149394392967224,3.1242544651031494,6360576.0
142.89999389648438,42.63412857055664,-0.5744974613189697,-0.045255906879901886,900.5320434570312,-0.33709853887557983,1187.1025390625,-0.5078094005584717,1106.390380859375,-0.48584192991256714,1207.1287841796875,-0.4101087152957916,1.2861154079437256,1.238154649734497,0.6582348346710205,0.6270862817764282,0.6644914746284485,0.6989449858665466,-0.00755457766354084,-0.016970762982964516,0.007437694352120161,0.02807527221739292,0.04698900878429413,0.05951418727636337,4.318830966949463,0.7198051810264587,0.06630296260118484,-0.0004932513111270964,-0.07429525256156921,3.1239876747131348,6360033.0
143.0,42.57624435424805,-0.5788441896438599,-0.04346711188554764,900.4984130859375,-0.3359701335430145,1187.052001953125,-0.5023407340049744,1106.3419189453125,-0.482675164937973,1207.0882568359375,-0.3997496962547302,1.2853648662567139,1.23647141456604,0.6590145230293274,0.6299523711204529,0.669273316860199,0.7049946784973145,-0.007454665377736092,-0.016695009544491768,0.00815760437399149,0.02924806997179985,0.04865175858139992,0.06148136407136917,4.35926628112793,0.7265443801879883,0.0683751180768013,-0.00044522807002067566,-0.06706181913614273,3.1237218379974365,6359491.5
143.10000610351562,42.517948150634766,-0.5829333066940308,-0.04089127480983734,900.46484375,-0.33478304743766785,1187.0020751953125,-0.49668240547180176,1106.2938232421875,-0.4793805778026581,1207.048828125,-0.3890839219093323,1.2846245765686035,1.2348159551620483,0.6598670482635498,0.6329370141029358,0.6742232441902161,0.7112426161766052,-0.007352097891271114,-0.01641332171857357,0.008893986232578754,0.030448272824287415,0.050349459052085876,0.06347966939210892,4.400956630706787,0.7334927320480347,0.07049214094877243,-0.0003969971730839461,-0.05979711189866066,3.1234569549560547,6358952.0
143.1999969482422,42.45928955078125,-0.5865802764892578,-0.03646935522556305,900.4314575195312,-0.33353567123413086,1186.95263671875,-0.4908306896686554,1106.24609375,-0.4759552478790283,1207.010498046875,-0.3781064748764038,1.2838945388793945,1.2331889867782593,0.6607940196990967,0.636043131351471,0.679344654083252,0.717691957950592,-0.007246831897646189,-0.016125600785017014,0.009647062048316002,0.031676117330789566,0.0520821250975132,0.06551005691289902,4.443922519683838,0.7406538128852844,0.07263953238725662,-0.0003485958732198924,-0.052506741136312485,3.12319278717041,6358414.5
143.3000030517578,42.40032958984375,-0.5896108150482178,-0.03030533529818058,900.3981323242188,-0.3322264850139618,1186.90380859375,-0.48478254675865173,1106.1986083984375,-0.47239622473716736,1206.9732666015625,-0.36681491136550903,1.2831752300262451,1.2315911054611206,0.6617971062660217,0.6392733454704285,0.6846410036087036,0.724345862865448,-0.007138843648135662,-0.015831803902983665,0.010416879318654537,0.032931383699178696,0.053848572075366974,0.06756960600614548,4.488177299499512,0.7480295896530151,0.07480227947235107,-0.00030007484019733965,-0.04519832879304886,3.122929811477661,6357879.0
143.39999389648438,42.34113693237305,-0.5919310450553894,-0.023202519863843918,900.364990234375,-0.3308539092540741,1186.855712890625,-0.47853541374206543,1106.151611328125,-0.468700647354126,1206.9371337890625,-0.3552086353302002,1.2824668884277344,1.2300227880477905,0.6628780364990234,0.6426304578781128,0.6901156306266785,0.7312068939208984,-0.007028124760836363,-0.015531917102634907,0.011203347705304623,0.034213535487651825,0.055646803230047226,0.06965334713459015,4.533725738525391,0.7556210160255432,0.07697082310914993,-0.0002514917869120836,-0.03788057714700699,3.1226677894592285,6357346.0
143.5,42.28179168701172,-0.5934485197067261,-0.015174584463238716,900.3319702148438,-0.32941627502441406,1186.8082275390625,-0.47208738327026367,1106.10498046875,-0.4648657739162445,1206.9022216796875,-0.34328874945640564,1.2817697525024414,1.228484869003296,0.6640384197235107,0.646117091178894,0.6957715153694153,0.7382772564888,-0.006914679426699877,-0.015225964598357677,0.012006254866719246,0.0355217345058918,0.057474132627248764,0.07175493240356445,4.580567836761475,0.7634279727935791,0.07913409918546677,-0.00020291133841965348,-0.030563220381736755,3.1224069595336914,6356815.0
143.60000610351562,42.222354888916016,-0.5943929553031921,-0.009444203227758408,900.2991333007812,-0.32791203260421753,1186.76123046875,-0.4654361605644226,1106.05859375,-0.4608888626098633,1206.8685302734375,-0.3310549855232239,1.2810840606689453,1.2269779443740845,0.6652799248695374,0.6497358083724976,0.7016115188598633,0.745558500289917,-0.006798502989113331,-0.014913944527506828,0.012825485318899155,0.036855410784482956,0.05932876467704773,0.07387171685695648,4.628706932067871,0.7714511752128601,0.08131034672260284,-0.0001543801190564409,-0.02325327880680561,3.12214732170105,6356286.0
143.6999969482422,42.16288757324219,-0.5946384072303772,-0.0024547686334699392,900.2664184570312,-0.3263395130634308,1186.715087890625,-0.4585796892642975,1106.0126953125,-0.45676735043525696,1206.8360595703125,-0.31850773096084595,1.2804101705551147,1.225502371788025,0.6666041612625122,0.6534891724586487,0.7076382637023926,0.7530520558357239,-0.00667959451675415,-0.014595866203308105,0.01366087980568409,0.03821390122175217,0.06120871752500534,0.0760006308555603,4.678145408630371,0.7796909213066101,0.08348400890827179,-0.00010595425555948168,-0.015959203243255615,3.1218888759613037,6355760.0
143.8000030517578,42.10347366333008,-0.594153642654419,0.0048476289957761765,900.2338256835938,-0.3246970772743225,1186.6695556640625,-0.45151641964912415,1105.96728515625,-0.4524986743927002,1206.8048095703125,-0.3056488037109375,1.2797483205795288,1.224058985710144,0.6680127382278442,0.6573795080184937,0.713854193687439,0.7607589364051819,-0.0065579661168158054,-0.014271769672632217,0.014512172900140285,0.03959627449512482,0.06311143189668655,0.0781371220946312,4.728879928588867,0.7881466150283813,0.08564911037683487,-5.769203926320188e-05,-0.008689778856933117,3.121631622314453,6355236.0
143.89999389648438,42.044193267822266,-0.5927950739860535,0.013585555367171764,900.2014770507812,-0.32298314571380615,1186.624755859375,-0.44424551725387573,1105.9222412109375,-0.44808050990104675,1206.77490234375,-0.2924824059009552,1.279098629951477,1.2226482629776,0.6695072054862976,0.661409318447113,0.7202613353729248,0.7686794400215149,-0.006433647591620684,-0.013941739685833454,0.015378930605947971,0.041001226752996445,0.06503340601921082,0.08027424663305283,4.780897617340088,0.7968162298202515,0.08778718113899231,-9.662542652222328e-06,-0.001455406192690134,3.121375799179077,6354715.5
144.0,41.98515701293945,-0.5903807282447815,0.024143321439623833,900.1692504882812,-0.3211960792541504,1186.5806884765625,-0.4367673099040985,1105.877685546875,-0.44351059198379517,1206.746337890625,-0.2790161669254303,1.2784616947174072,1.2212707996368408,0.6710891127586365,0.6655805706977844,0.7268614172935486,0.776813268661499,-0.0063066985458135605,-0.013605932705104351,0.01626046560704708,0.042426832020282745,0.06696967780590057,0.08240139484405518,4.834173679351807,0.8056955933570862,0.08987441658973694,3.8051497540436685e-05,0.005731450859457254,3.121121406555176,6354197.0
144.10000610351562,41.92647171020508,-0.5868324041366577,0.035483218729496,900.13720703125,-0.3193342983722687,1186.5374755859375,-0.4290832579135895,1105.8336181640625,-0.438787043094635,1206.7191162109375,-0.2652607560157776,1.2778373956680298,1.2199273109436035,0.6727598309516907,0.669895350933075,0.7336555123329163,0.7851586937904358,-0.006177202798426151,-0.01326456293463707,0.017155883833765984,0.04387069121003151,0.06891417503356934,0.0845060646533966,4.888672351837158,0.814778745174408,0.09189514815807343,8.536175300832838e-05,0.012857488356530666,3.12086820602417,6353682.0
144.1999969482422,41.868255615234375,-0.5821667313575745,0.04665670543909073,900.1054077148438,-0.3173961639404297,1186.494873046875,-0.4211953580379486,1105.7899169921875,-0.43390822410583496,1206.693359375,-0.2512284815311432,1.2772263288497925,1.2186181545257568,0.6745207905769348,0.6743553280830383,0.7406442165374756,0.7937129139900208,-0.006045257207006216,-0.012917879037559032,0.018064167350530624,0.04533015191555023,0.07086049020290375,0.08657627552747726,4.944351673126221,0.8240585923194885,0.09384143352508545,0.00013218162348493934,0.019909663125872612,3.1206166744232178,6353170.0
144.3000030517578,41.81059265136719,-0.5766313076019287,0.055354341864585876,900.07373046875,-0.31538015604019165,1186.4532470703125,-0.4131055474281311,1105.746826171875,-0.4288727939128876,1206.6689453125,-0.23693034052848816,1.2766284942626953,1.2173439264297485,0.6763731241226196,0.6789618730545044,0.747827410697937,0.8024720549583435,-0.005910949781537056,-0.012566106393933296,0.01898440346121788,0.046802859753370285,0.0728033259510994,0.08860491216182709,5.00117301940918,0.8335288166999817,0.09572891145944595,0.0001784439227776602,0.02687785215675831,3.1203668117523193,6352661.0
144.39999389648438,41.753570556640625,-0.5702167749404907,0.06414557248353958,900.0422973632812,-0.31328481435775757,1186.412353515625,-0.40481600165367126,1105.7041015625,-0.4236797094345093,1206.6458740234375,-0.22237755358219147,1.276044249534607,1.2161051034927368,0.6783180832862854,0.6837162971496582,0.7552044987678528,0.8114317059516907,-0.005774369463324547,-0.012209472246468067,0.019915670156478882,0.04828649386763573,0.07473767548799515,0.09058615565299988,5.0590972900390625,0.8431829214096069,0.09754686057567596,0.00022408108634408563,0.03375188261270523,3.1201183795928955,6352155.5
144.5,41.697288513183594,-0.5628266334533691,0.07390134781599045,900.0111083984375,-0.31110867857933044,1186.372314453125,-0.396329790353775,1105.662109375,-0.4183281362056732,1206.6243896484375,-0.207583948969841,1.275473713874817,1.2149021625518799,0.6803566813468933,0.6886194944381714,0.7627742886543274,0.8205867409706116,-0.0056356280110776424,-0.01184825785458088,0.020856864750385284,0.04977830499410629,0.07665762305259705,0.09251156449317932,5.118076801300049,0.8530128002166748,0.09927572309970856,0.0002690185501705855,0.040520522743463516,3.1198716163635254,6351653.0
144.60000610351562,41.64182662963867,-0.5546218156814575,0.08204808086156845,899.9801025390625,-0.30885031819343567,1186.3330078125,-0.38765034079551697,1105.6204833984375,-0.4128176271915436,1206.6043701171875,-0.19256359338760376,1.2749171257019043,1.213735580444336,0.682489812374115,0.6936721205711365,0.7705351114273071,0.8299311995506287,-0.005494838580489159,-0.011482750065624714,0.02180686593055725,0.05127556994557381,0.078557588160038,0.0943743884563446,5.178061485290527,0.8630102276802063,0.10092302411794662,0.0003131943813059479,0.04717444255948067,3.119626760482788,6351154.5
144.6999969482422,41.58724594116211,-0.5458068251609802,0.0881502628326416,899.9493408203125,-0.30650848150253296,1186.2947998046875,-0.378780722618103,1105.5794677734375,-0.40714797377586365,1206.5859375,-0.1773287057876587,1.2743748426437378,1.2126058340072632,0.6847183108329773,0.6988747119903564,0.7784847617149353,0.839458703994751,-0.005352100823074579,-0.011113198474049568,0.022764699533581734,0.05277596786618233,0.08043327927589417,0.09617219865322113,5.239006996154785,0.8731678128242493,0.10250142961740494,0.0003565626102499664,0.05370671674609184,3.1193835735321045,6350659.5
144.8000030517578,41.53356170654297,-0.5368257761001587,0.08981049060821533,899.9188232421875,-0.30408188700675964,1186.25732421875,-0.3697226941585541,1105.5390625,-0.40131911635398865,1206.5689697265625,-0.16188624501228333,1.2738468647003174,1.2115131616592407,0.6870430111885071,0.7042273879051208,0.7866206765174866,0.8491629362106323,-0.005207472015172243,-0.01073975209146738,0.023729780688881874,0.0542781800031662,0.08228336274623871,0.09791110455989838,5.300889492034912,0.8834816217422485,0.10405329614877701,0.0003991113044321537,0.06011555343866348,3.1191422939300537,6350168.5
144.89999389648438,41.480796813964844,-0.5276579260826111,0.0916784405708313,899.8885498046875,-0.3015693724155426,1186.2208251953125,-0.3604775071144104,1105.499267578125,-0.39533108472824097,1206.5535888671875,-0.14624150097370148,1.2733334302902222,1.2104580402374268,0.6894645690917969,0.709730327129364,0.7949402928352356,0.8590384721755981,-0.00506099546328187,-0.01036252360790968,0.024701649323105812,0.05578123778104782,0.0841073989868164,0.09959803521633148,5.363690376281738,0.8939483761787415,0.10557132959365845,0.00044082701788283885,0.06639891862869263,3.118903160095215,6349681.5
145.0,41.428993225097656,-0.5180464386940002,0.0961146131157875,899.8585205078125,-0.2989698648452759,1186.1851806640625,-0.3510477542877197,1105.4599609375,-0.3891840875148773,1206.5396728515625,-0.13040362298488617,1.2728346586227417,1.2094407081604004,0.6919835805892944,0.7153835296630859,0.8034409284591675,0.8690800666809082,-0.004912747070193291,-0.00998170580714941,0.025679567828774452,0.05728347226977348,0.08590302616357803,0.10123217850923538,5.427376747131348,0.904562771320343,0.10702193528413773,0.00048167683416977525,0.07255186885595322,3.118665933609009,6349198.5
145.10000610351562,41.378196716308594,-0.5079547166824341,0.10091730207204819,899.8287353515625,-0.2962822914123535,1186.150634765625,-0.3414370119571686,1105.42138671875,-0.38287845253944397,1206.5274658203125,-0.11438475549221039,1.2723509073257446,1.2084617614746094,0.6946006417274475,0.7211868762969971,0.8121194839477539,0.8792821764945984,-0.004762826953083277,-0.009597547352313995,0.026662582531571388,0.058782726526260376,0.08766660839319229,0.10280845314264297,5.491904258728027,0.9153174161911011,0.1083950400352478,0.0005216252175159752,0.07856903225183487,3.1184306144714355,6348719.5
145.1999969482422,41.32844161987305,-0.49754899740219116,0.10405714064836502,899.7992553710938,-0.2935057580471039,1186.116943359375,-0.3316487669944763,1105.3834228515625,-0.3764147162437439,1206.516845703125,-0.09819620847702026,1.271882176399231,1.2075213193893433,0.6973162293434143,0.7271398305892944,0.8209726810455322,0.8896389007568359,-0.004611327778548002,-0.009210284799337387,0.027649812400341034,0.060277052223682404,0.0893951803445816,0.10432424396276474,5.55723237991333,0.9262053966522217,0.10970338433980942,0.0005606494378298521,0.0844469964504242,3.1181976795196533,6348245.0
145.3000030517578,41.27975845336914,-0.4868514835834503,0.10697507113218307,899.77001953125,-0.29063937067985535,1186.084228515625,-0.32168659567832947,1105.34619140625,-0.36979368329048157,1206.5078125,-0.08184892684221268,1.2714287042617798,1.2066198587417603,0.7001307010650635,0.7332419753074646,0.8299968838691711,0.900144100189209,-0.004458341747522354,-0.008820144459605217,0.02864040434360504,0.06176460534334183,0.09108615666627884,0.10577800124883652,5.623321056365967,0.9372201561927795,0.1109430193901062,0.0005987284239381552,0.0901825949549675,3.117966890335083,6347775.5
145.39999389648438,41.232139587402344,-0.476186066865921,0.10665442794561386,899.7410888671875,-0.2876823842525482,1186.0526123046875,-0.3115531802177429,1105.3094482421875,-0.3630162179470062,1206.50048828125,-0.06535037606954575,1.2709906101226807,1.20575749874115,0.7030444145202637,0.7394924163818359,0.839188277721405,0.9107917547225952,-0.004303930792957544,-0.008427288383245468,0.029633769765496254,0.06324422359466553,0.09273888170719147,0.1071738600730896,5.690142631530762,0.9483570456504822,0.11214888095855713,0.0006358660175465047,0.09577637910842896,3.1177384853363037,6347310.0
145.5,41.18557357788086,-0.46565669775009155,0.10529342293739319,899.7125244140625,-0.2846340537071228,1186.02197265625,-0.3012503385543823,1105.2735595703125,-0.35608330368995667,1206.4947509765625,-0.04870488494634628,1.2705678939819336,1.2049344778060913,0.7060575485229492,0.7458904385566711,0.8485430479049683,0.9215764403343201,-0.004148133564740419,-0.008031811565160751,0.03062954731285572,0.06471532583236694,0.09435424953699112,0.10851948708295822,5.757680416107178,0.9596133828163147,0.11333104968070984,0.0006720735691487789,0.10123009234666824,3.1175124645233154,6346850.0
145.60000610351562,41.140045166015625,-0.455268919467926,0.10387791693210602,899.6842041015625,-0.28149381279945374,1185.9923095703125,-0.29077982902526855,1105.23828125,-0.3489958643913269,1206.49072265625,-0.031916189938783646,1.2701610326766968,1.2041511535644531,0.709170401096344,0.7524350881576538,0.8580575585365295,0.9324934482574463,-0.0039909835904836655,-0.0076338015496730804,0.03162742406129837,0.06617746502161026,0.09593337774276733,0.10982146859169006,5.825920581817627,0.9709867835044861,0.11448930203914642,0.000707363011315465,0.10654551535844803,3.117288589477539,6346394.5
145.6999969482422,41.09556198120117,-0.44485941529273987,0.10409505665302277,899.6561889648438,-0.27826109528541565,1185.9638671875,-0.280144065618515,1105.2037353515625,-0.3417549431324005,1206.4884033203125,-0.014990346506237984,1.2697697877883911,1.2034077644348145,0.7123830914497375,0.7591254711151123,0.8677281737327576,0.9435386061668396,-0.003832533024251461,-0.0072333901189267635,0.0326269194483757,0.06762977689504623,0.09747612476348877,0.11108119040727615,5.894840717315674,0.9824734926223755,0.11560140550136566,0.0007417338201776147,0.11172256618738174,3.117067575454712,6345944.5
145.8000030517578,41.052093505859375,-0.43465161323547363,0.1020779088139534,899.6285400390625,-0.27493542432785034,1185.9364013671875,-0.26934510469436646,1105.169921875,-0.33436158299446106,1206.48779296875,0.0020681966561824083,1.2693945169448853,1.2027045488357544,0.7156957983970642,0.7659605741500854,0.877551257610321,0.9547077417373657,-0.0036728214472532272,-0.006830677390098572,0.033627673983573914,0.0690717101097107,0.09898316115140915,0.11230222135782242,5.964423656463623,0.9940705895423889,0.11669513583183289,0.0007752023520879447,0.11676371097564697,3.116848945617676,6345499.5
145.89999389648438,41.0096321105957,-0.42464104294776917,0.1001056507229805,899.6011962890625,-0.2715164124965668,1185.909912109375,-0.2583846151828766,1105.1368408203125,-0.3268168866634369,1206.48876953125,0.019256500527262688,1.2690353393554688,1.202041745185852,0.7191086411476135,0.7729393243789673,0.8875232934951782,0.9659972190856934,-0.0035118761006742716,-0.006425733678042889,0.03462944179773331,0.07050300389528275,0.10045582801103592,0.11348938196897507,6.0346574783325195,1.0057761669158936,0.11776901036500931,0.0008077844395302236,0.12167134881019592,3.116633176803589,6345060.0
146.0,40.96820831298828,-0.4142414629459381,0.10399583727121353,899.57421875,-0.2680037021636963,1185.8846435546875,-0.2472667396068573,1105.1046142578125,-0.31912195682525635,1206.4915771484375,0.03656310215592384,1.268692135810852,1.201419472694397,0.7226216793060303,0.7800606489181519,0.8976408243179321,0.9774034023284912,-0.0033497929107397795,-0.00601879833266139,0.03563136234879494,0.07192185521125793,0.10189113020896912,0.11463320255279541,6.105499744415283,1.0175832509994507,0.11874180287122726,0.0008394518517889082,0.12644119560718536,3.116420030593872,6344626.0
146.10000610351562,40.9278564453125,-0.40348681807518005,0.1075466200709343,899.547607421875,-0.2643970251083374,1185.8604736328125,-0.23599734902381897,1105.0731201171875,-0.3112782835960388,1206.49609375,0.05397162213921547,1.2683653831481934,1.2008380889892578,0.7262348532676697,0.7873230576515198,0.9078997373580933,0.9889211058616638,-0.0031867085490375757,-0.0056102080270648,0.03663221374154091,0.07332561910152435,0.10328386723995209,0.11571930348873138,6.176889896392822,1.0294816493988037,0.11961197853088379,0.000870178802870214,0.13106940686702728,3.1162097454071045,6344197.5
146.1999969482422,40.88859939575195,-0.3925798833370209,0.10906938463449478,899.5213623046875,-0.2606962323188782,1185.8375244140625,-0.22458183765411377,1105.0423583984375,-0.3032875657081604,1206.50244140625,0.07146776467561722,1.2680548429489136,1.200297474861145,0.7299480438232422,0.7947250008583069,0.9182956218719482,1.0005441904067993,-0.0030227426905184984,-0.0052002593874931335,0.037630945444107056,0.0747121050953865,0.10463026911020279,0.11674000322818756,6.248775005340576,1.0414624214172363,0.12039992213249207,0.0008999551646411419,0.13555441796779633,3.116002321243286,6343775.5
146.3000030517578,40.8504638671875,-0.38136783242225647,0.11212046444416046,899.4954833984375,-0.25690120458602905,1185.8155517578125,-0.21302631497383118,1105.012451171875,-0.2951517701148987,1206.5103759765625,0.08903557807207108,1.2677608728408813,1.1997979879379272,0.7337608933448792,0.8022646307945251,0.9288235902786255,1.0122655630111694,-0.002858028979972005,-0.004789280705153942,0.03862639144062996,0.07607884705066681,0.105926014482975,0.11768674105405807,6.321094512939453,1.0535157918930054,0.12107731401920319,0.0009287591674365103,0.13989298045635223,3.115797758102417,6343359.0
146.39999389648438,40.81349182128906,-0.3697003126144409,0.1166752353310585,899.469970703125,-0.25301191210746765,1185.794921875,-0.20133844017982483,1104.9832763671875,-0.2868732511997223,1206.520263671875,0.10665445774793625,1.2674833536148071,1.1993396282196045,0.7376731038093567,0.8099398016929626,0.9394783973693848,1.0240774154663086,-0.0026927392464131117,-0.004377694800496101,0.03961705043911934,0.0774226188659668,0.10716477781534195,0.11854595690965652,6.393772602081299,1.0656287670135498,0.12161481380462646,0.0009565579239279032,0.14408013224601746,3.115596294403076,6342949.0
146.5,40.777748107910156,-0.3574621081352234,0.12238193303346634,899.4448852539062,-0.24902842938899994,1185.775390625,-0.1895274966955185,1104.955078125,-0.27845466136932373,1206.53173828125,0.12429933249950409,1.267222285270691,1.1989225149154663,0.7416840195655823,0.8177480697631836,0.9502537846565247,1.0359700918197632,-0.0025270816404372454,-0.003966012038290501,0.040601108223199844,0.0787394642829895,0.10833851248025894,0.11930061131715775,6.466715335845947,1.077785849571228,0.1219855397939682,0.0009833101648837328,0.14810964465141296,3.1153979301452637,6342545.0
146.60000610351562,40.74326705932617,-0.3447941243648529,0.12667974829673767,899.420166015625,-0.24495096504688263,1185.7569580078125,-0.17760321497917175,1104.9276123046875,-0.26989924907684326,1206.5450439453125,0.14194463193416595,1.2669779062271118,1.1985464096069336,0.7457929253578186,0.8256864547729492,0.9611430168151855,1.0479322671890259,-0.0023612692020833492,-0.0035547539591789246,0.04157673195004463,0.08002542704343796,0.10943953692913055,0.11993707716464996,6.539827346801758,1.0899711847305298,0.12219907343387604,0.0010089852148666978,0.15197691321372986,3.1152026653289795,6342148.0
146.6999969482422,40.71006774902344,-0.3319854438304901,0.12808704376220703,899.3959350585938,-0.2407798320055008,1185.7398681640625,-0.16557443141937256,1104.901123046875,-0.261210560798645,1206.5601806640625,0.15956896543502808,1.2667500972747803,1.1982115507125854,0.749998927116394,0.8337517380714417,0.9721384644508362,1.0599520206451416,-0.002195482375100255,-0.0031443608459085226,0.04254240542650223,0.08127740770578384,0.11046278476715088,0.12045128643512726,6.613027095794678,1.1021711826324463,0.1222892627120018,0.0010335743427276611,0.1556806117296219,3.115010976791382,6341757.0
146.8000030517578,40.67816925048828,-0.31899207830429077,0.12993356585502625,899.3720703125,-0.23651547729969025,1185.723876953125,-0.15344999730587006,1104.8753662109375,-0.2523925304412842,1206.5770263671875,0.17715169489383698,1.2665387392044067,1.1979175806045532,0.7543009519577026,0.8419404029846191,0.9832321405410767,1.072016954421997,-0.002029895316809416,-0.0027352573815733194,0.043496668338775635,0.08249250799417496,0.11140391230583191,0.12084101140499115,6.686236381530762,1.114372730255127,0.12224289029836655,0.0010570655576884747,0.1592189371585846,3.1148223876953125,6341373.5
146.89999389648438,40.647560119628906,-0.3060816526412964,0.12910424172878265,899.3486328125,-0.23215845227241516,1185.7091064453125,-0.14123813807964325,1104.8505859375,-0.24344928562641144,1206.5955810546875,0.19467519223690033,1.2663440704345703,1.1976643800735474,0.7586977481842041,0.8502486348152161,0.9944157004356384,1.0841147899627686,-0.0018646592507138848,-0.0023278100416064262,0.044438302516937256,0.08366844803094864,0.11226040124893188,0.12110917270183563,6.759387016296387,1.1265645027160645,0.12209612876176834,0.0010794670088216662,0.16259312629699707,3.1146371364593506,6340996.5
147.0,40.61821746826172,-0.2934618592262268,0.1261979043483734,899.3256225585938,-0.22770947217941284,1185.6956787109375,-0.12894561886787415,1104.82666015625,-0.2343851625919342,1206.615966796875,0.212127223610878,1.266165852546692,1.1974518299102783,0.7631880640983582,0.8586724400520325,1.0056806802749634,1.0962337255477905,-0.0016998815117403865,-0.001922278432175517,0.04536648467183113,0.0848039910197258,0.11303254216909409,0.12126591801643372,6.832430362701416,1.1387383937835693,0.12187943607568741,0.0011008023284375668,0.16580672562122345,3.114455461502075,6340626.5
147.10000610351562,40.590084075927734,-0.28131815791130066,0.1214369460940361,899.3030395507812,-0.22316935658454895,1185.683349609375,-0.11657782644033432,1104.8037109375,-0.22520452737808228,1206.6380615234375,0.22950060665607452,1.2660040855407715,1.1972798109054565,0.7677704691886902,0.8672077655792236,1.0170187950134277,1.1083635091781616,-0.001535629155114293,-0.0015188221586868167,0.046280767768621445,0.08589880913496017,0.11372309178113937,0.12132644653320312,6.905336380004883,1.1508893966674805,0.12162365764379501,0.0011211090022698045,0.1688653975725174,3.1142773628234863,6340264.0
147.1999969482422,40.56312561035156,-0.26958024501800537,0.1173793375492096,899.281005859375,-0.2185390591621399,1185.67236328125,-0.10413987934589386,1104.7816162109375,-0.21591168642044067,1206.661865234375,0.24678927659988403,1.2658586502075195,1.1971479654312134,0.7724435925483704,0.8758504986763,1.0284219980239868,1.120495080947876,-0.0013719603884965181,-0.0011175785912200809,0.047180790454149246,0.0869528204202652,0.1143350824713707,0.12130369246006012,6.978078365325928,1.1630131006240845,0.12132126092910767,0.0011404191609472036,0.17177395522594452,3.114102840423584,6339908.5
147.3000030517578,40.53731918334961,-0.2580864727497101,0.11493761092424393,899.2593383789062,-0.21381962299346924,1185.6624755859375,-0.09163771569728851,1104.760498046875,-0.20651090145111084,1206.6873779296875,0.2639843225479126,1.2657296657562256,1.1970561742782593,0.7772060036659241,0.884596586227417,1.0398825407028198,1.1326205730438232,-0.0012089562369510531,-0.0007187408627942204,0.04806598275899887,0.08796540647745132,0.11486992985010147,0.12120305001735687,7.050619602203369,1.1751031875610352,0.12094908952713013,0.0011587527114897966,0.17453542351722717,3.1139321327209473,6339561.0
147.39999389648438,40.51265335083008,-0.24663618206977844,0.11450280249118805,899.2382202148438,-0.2090122401714325,1185.6539306640625,-0.07907874137163162,1104.7403564453125,-0.19700659811496735,1206.714599609375,0.28107213973999023,1.2656168937683105,1.1970041990280151,0.7820561528205872,0.8934418559074402,1.0513927936553955,1.144731879234314,-0.0010467355605214834,-0.000322595180477947,0.04893544688820839,0.08893511444330215,0.11532656848430634,0.12102141231298447,7.122905731201172,1.1871509552001953,0.12047476321458817,0.0011761145433411002,0.17715053260326385,3.113765001296997,6339220.5
147.5,40.48915100097656,-0.23501908779144287,0.11617100983858109,899.2175903320312,-0.20411816239356995,1185.646728515625,-0.06647220999002457,1104.72119140625,-0.1874033361673355,1206.7435302734375,0.29803335666656494,1.2655202150344849,1.1969915628433228,0.7869924306869507,0.9023817777633667,1.0629445314407349,1.15682053565979,-0.0008854641346260905,7.045812526484951e-05,0.049787864089012146,0.0898594856262207,0.11570116877555847,0.12074767053127289,7.194861888885498,1.199143648147583,0.11986083537340164,0.0011924940627068281,0.17961765825748444,3.1136016845703125,6338888.5
147.60000610351562,40.466796875,-0.2235500067472458,0.1146908551454544,899.1973876953125,-0.19913877546787262,1185.6407470703125,-0.053826749324798584,1104.702880859375,-0.17770600318908691,1206.774169921875,0.31485146284103394,1.265439748764038,1.1970181465148926,0.7920129895210266,0.9114118218421936,1.0745294094085693,1.1688770055770874,-0.0007252854993566871,0.0004600746906362474,0.05062214285135269,0.09073664993047714,0.11599159240722656,0.12037791311740875,7.266422748565674,1.2110705375671387,0.11915633082389832,0.0012079039588570595,0.1819387525320053,3.1134424209594727,6338564.0
147.6999969482422,40.44554138183594,-0.2125362753868103,0.11013731360435486,899.177734375,-0.1940755546092987,1185.635986328125,-0.04114862158894539,1104.685546875,-0.16791953146457672,1206.8065185546875,0.331518292427063,1.2653751373291016,1.1970834732055664,0.7971161007881165,0.9205271601676941,1.086139440536499,1.1808921098709106,-0.0005662752082571387,0.0008460765238851309,0.051437802612781525,0.0915662869811058,0.11620000004768372,0.11992178857326508,7.337554454803467,1.2229257822036743,0.11841364204883575,0.0012223799712955952,0.18411919474601746,3.1132872104644775,6338248.0
147.8000030517578,40.4253044128418,-0.20238849520683289,0.1014777347445488,899.1585693359375,-0.18893010914325714,1185.6324462890625,-0.028440847992897034,1104.6693115234375,-0.15804876387119293,1206.8404541015625,0.3480367660522461,1.2653263807296753,1.1971871852874756,0.8022997975349426,0.9297232031822205,1.097766399383545,1.1928584575653076,-0.00040841990266926587,0.0012285044649615884,0.05223517492413521,0.092350073158741,0.11633380502462387,0.11940325051546097,7.408261299133301,1.2347102165222168,0.11770908534526825,0.0012359884567558765,0.18616893887519836,3.113135814666748,6337940.0
147.89999389648438,40.405982971191406,-0.1932167261838913,0.09171774983406067,899.1399536132812,-0.18370409309864044,1185.6302490234375,-0.015704022720456123,1104.654052734375,-0.1480981707572937,1206.8760986328125,0.36441755294799805,1.2652933597564697,1.197329044342041,0.8075624108314514,0.9389954209327698,1.1094034910202026,1.2047710418701172,-0.0002516435633879155,0.00160755286924541,0.05301515385508537,0.09309105575084686,0.11640366911888123,0.11885183304548264,7.478577613830566,1.2464295625686646,0.1170729473233223,0.0012488034553825855,0.1880991905927658,3.1129884719848633,6337640.0
148.0,40.387474060058594,-0.18506725132465363,0.08149469643831253,899.121826171875,-0.17839926481246948,1185.6292724609375,-0.002937308745458722,1104.6396484375,-0.13807177543640137,1206.913330078125,0.3806752562522888,1.2652760744094849,1.1975085735321045,0.8129022121429443,0.9483398199081421,1.1210448741912842,1.2166281938552856,-9.583732025930658e-05,0.0019834961276501417,0.053778909146785736,0.09379291534423828,0.11642135679721832,0.1182958334684372,7.548551082611084,1.2580918073654175,0.11652672290802002,0.0012609027326107025,0.18992161750793457,3.1128454208374023,6337349.0
148.10000610351562,40.36970138549805,-0.17773951590061188,0.07327740639448166,899.1043090820312,-0.17301739752292633,1185.629638671875,0.009860096499323845,1104.6263427734375,-0.12797312438488007,1206.9522705078125,0.3968234360218048,1.265274167060852,1.197725534439087,0.8183175921440125,0.9577525854110718,1.1326860189437866,1.2284303903579712,5.9099744248669595e-05,0.002356588840484619,0.054527536034584045,0.09445903450250626,0.11639720946550369,0.11775489896535873,7.618227005004883,1.2697044610977173,0.11604803055524826,0.0012723483378067613,0.19164560735225677,3.1127066612243652,6337066.0
148.1999969482422,40.35258483886719,-0.17115390300750732,0.06585603952407837,899.0872802734375,-0.16756032407283783,1185.63134765625,0.0226887259632349,1104.6141357421875,-0.11780539900064468,1206.9927978515625,0.4128738343715668,1.2652878761291504,1.1979798078536987,0.8238071203231812,0.9672302603721619,1.1443229913711548,1.2401798963546753,0.00021325467969290912,0.0027270507998764515,0.055261991918087006,0.09509241580963135,0.11633986979722977,0.11724131554365158,7.687643527984619,1.2812739610671997,0.11563341319561005,0.0012831968488171697,0.19327963888645172,3.112572193145752,6336792.5
148.3000030517578,40.336116790771484,-0.16468217968940735,0.06471730023622513,899.07080078125,-0.16202984750270844,1185.6341552734375,0.03554601967334747,1104.602783203125,-0.10757152736186981,1207.0347900390625,0.4288269579410553,1.2653168439865112,1.1982709169387817,0.8293694257736206,0.976769745349884,1.1559525728225708,1.251879096031189,0.00036662459024228156,0.0030948808416724205,0.05598240718245506,0.09569393843412399,0.11625178158283234,0.11674719303846359,7.756799697875977,1.292799949645996,0.1151762530207634,0.0012934573460370302,0.19482511281967163,3.1124420166015625,6336527.0
148.39999389648438,40.320316314697266,-0.15803751349449158,0.06644665449857712,899.0548706054688,-0.156427800655365,1185.638427734375,0.04842589795589447,1104.592529296875,-0.0972745344042778,1207.0784912109375,0.4446713626384735,1.2653610706329346,1.1985986232757568,0.8350030183792114,0.9863677024841309,1.167571783065796,1.2635287046432495,0.0005191099480725825,0.003459841012954712,0.05668804422020912,0.09626229107379913,0.11612927168607712,0.11624874919652939,7.825649261474609,1.3042749166488647,0.11462335288524628,0.0013031180715188384,0.19628024101257324,3.112316131591797,6336271.0
148.5,40.30520248413086,-0.15112338960170746,0.06914130598306656,899.0394897460938,-0.15075603127479553,1185.6439208984375,0.061320528388023376,1104.5833740234375,-0.08691772818565369,1207.123779296875,0.46039003133773804,1.2654205560684204,1.198962688446045,0.8407063484191895,0.9960207939147949,1.1791768074035645,1.2751271724700928,0.000670566048938781,0.003821583231911063,0.05737777054309845,0.0967952162027359,0.11596623808145523,0.1157197579741478,7.894127368927002,1.315687894821167,0.11395169794559479,0.0013121599331498146,0.19764214754104614,3.112194776535034,6336024.0
148.60000610351562,40.29081726074219,-0.14383208751678467,0.07291299849748611,899.0247192382812,-0.1450164020061493,1185.650634765625,0.07422065734863281,1104.5751953125,-0.07650477439165115,1207.1705322265625,0.47596174478530884,1.2654951810836792,1.1993627548217773,0.8464778661727905,1.0057251453399658,1.190762996673584,1.2866699695587158,0.0008208146318793297,0.004179676994681358,0.05805015563964844,0.09728973358869553,0.11575497686862946,0.11513420194387436,7.96215295791626,1.3270255327224731,0.11313440650701523,0.0013205558061599731,0.1989067792892456,3.1120779514312744,6335786.0
148.6999969482422,40.277183532714844,-0.1363455057144165,0.07486581057310104,899.010498046875,-0.13921083509922028,1185.65869140625,0.08711715787649155,1104.568115234375,-0.06603974103927612,1207.218994140625,0.4913666546344757,1.2655847072601318,1.1997984647750854,0.8523156642913818,1.0154770612716675,1.202325463294983,1.298150658607483,0.0009696866036392748,0.004533716477453709,0.05870387330651283,0.09774317592382431,0.11548902094364166,0.11447440087795258,8.029648780822754,1.3382748365402222,0.11219868063926697,0.0013282925356179476,0.20007210969924927,3.1119656562805176,6335557.5
148.8000030517578,40.2642822265625,-0.1290338933467865,0.07311607152223587,898.9968872070312,-0.13334126770496368,1185.6680908203125,0.10000323504209518,1104.56201171875,-0.055526960641145706,1207.268798828125,0.5065934062004089,1.2656890153884888,1.200269341468811,0.8582178354263306,1.0252721309661865,1.2138584852218628,1.3095614910125732,0.001117082079872489,0.004883464425802231,0.05933822691440582,0.09815450012683868,0.11516660451889038,0.11374003440141678,8.096570014953613,1.3494282960891724,0.11121144145727158,0.0013353843241930008,0.20114029943943024,3.1118578910827637,6335338.0
148.89999389648438,40.25205993652344,-0.12220551073551178,0.068283811211586,898.9838256835938,-0.12740974128246307,1185.6787109375,0.11287511140108109,1104.5570068359375,-0.04497074335813522,1207.3203125,0.5216410756111145,1.26580810546875,1.2007750272750854,0.8641825318336487,1.0351063013076782,1.2253565788269043,1.3208959102630615,0.0012629848206415772,0.0052288915030658245,0.05995329096913338,0.0985245555639267,0.11479125171899796,0.11294648051261902,8.162907600402832,1.3604846000671387,0.11023422330617905,0.0013418684247881174,0.2021169513463974,3.111754894256592,6335128.5
149.0,40.24047088623047,-0.11588604748249054,0.06319468468427658,898.9713745117188,-0.1214183121919632,1185.690673828125,0.12573055922985077,1104.552978515625,-0.03437522053718567,1207.3731689453125,0.5365136861801147,1.2659416198730469,1.201314926147461,0.8702077269554138,1.0449753999710083,1.2368147373199463,1.3321489095687866,0.0014074189821258187,0.005570065695792437,0.06054949015378952,0.09885506331920624,0.11436862498521805,0.1121126338839531,8.22867202758789,1.3714452981948853,0.109278604388237,0.0013477837201207876,0.20300795137882233,3.111656665802002,6334928.5
149.10000610351562,40.22944641113281,-0.11023849993944168,0.056475475430488586,898.9595336914062,-0.1153690442442894,1185.703857421875,0.13856887817382812,1104.550048828125,-0.023744260892271996,1207.4276123046875,0.5512200593948364,1.2660894393920898,1.2018887996673584,0.8762916922569275,1.0548758506774902,1.248228669166565,1.3433173894882202,0.0015504471957683563,0.0059071495197713375,0.06112760677933693,0.09914857149124146,0.11390630155801773,0.11125998198986053,8.293889999389648,1.382314920425415,0.10838428884744644,0.0013531814329326153,0.20382097363471985,3.111562967300415,6334738.0
149.1999969482422,40.218929290771484,-0.10519737750291824,0.050411224365234375,898.9483032226562,-0.109264075756073,1185.7183837890625,0.1513901799917221,1104.5482177734375,-0.01308137085288763,1207.4833984375,0.5657709240913391,1.2662516832351685,1.2024962902069092,0.8824325799942017,1.0648037195205688,1.2595946788787842,1.354400634765625,0.0016921489732339978,0.006240346468985081,0.06168854981660843,0.09940791130065918,0.11341226100921631,0.11040767282247543,8.358595848083496,1.3930994272232056,0.10754773020744324,0.001358107547275722,0.2045629620552063,3.1114742755889893,6334557.5
149.3000030517578,40.208885192871094,-0.10041908919811249,0.047782860696315765,898.9376831054688,-0.10310550779104233,1185.734130859375,0.16419288516044617,1104.5474853515625,-0.002389793284237385,1207.5406494140625,0.5801706314086914,1.2664278745651245,1.2031368017196655,0.8886287212371826,1.0747560262680054,1.2709099054336548,1.3653987646102905,0.0018325519049540162,0.006569732911884785,0.06223275884985924,0.09963467717170715,0.11289062350988388,0.10956021398305893,8.42280387878418,1.4038006067276,0.10670815408229828,0.0013625826686620712,0.2052370011806488,3.1113903522491455,6334386.5
149.39999389648438,40.199283599853516,-0.0960196852684021,0.04399404674768448,898.9276733398438,-0.09689546376466751,1185.751220703125,0.17697517573833466,1104.5477294921875,0.008327377028763294,1207.5994873046875,0.5944223999977112,1.2666181325912476,1.2038100957870483,0.8948785066604614,1.0847294330596924,1.2821717262268066,1.3763126134872437,0.0019716755487024784,0.006895365193486214,0.0627605989575386,0.0998302549123764,0.11234475672245026,0.1087198480963707,8.486518859863281,1.4144198894500732,0.10589251667261124,0.001366635668091476,0.20584748685359955,3.111311435699463,6334225.5
149.5,40.190067291259766,-0.09217506647109985,0.03844618424773216,898.9183349609375,-0.09063604474067688,1185.76953125,0.18973711133003235,1104.5491943359375,0.019067250192165375,1207.6595458984375,0.6085352897644043,1.266822099685669,1.2045156955718994,0.9011802077293396,1.0947209596633911,1.2933781147003174,1.3871432542800903,0.0021095864940434694,0.00721741421148181,0.06327284872531891,0.09999701380729675,0.11178061366081238,0.10789705812931061,8.549772262573242,1.424962043762207,0.10514149069786072,0.0013703086879104376,0.20640073716640472,3.1112372875213623,6334074.5
149.60000610351562,40.18114471435547,-0.08923591673374176,0.029391486197710037,898.9095458984375,-0.08432934433221817,1185.7891845703125,0.20248208940029144,1104.5516357421875,0.02982732467353344,1207.72119140625,0.6225289702415466,1.2670400142669678,1.2052533626556396,0.9075325131416321,1.104727864265442,1.3045275211334229,1.3978935480117798,0.0022464378271251917,0.007536263205111027,0.06377106159925461,0.10013920813798904,0.1112089529633522,0.1071159765124321,8.612631797790527,1.435438632965088,0.10453502088785172,0.001373669714666903,0.2069069892168045,3.111168146133423,6333934.0
149.6999969482422,40.17241668701172,-0.08725694566965103,0.01978972926735878,898.9014282226562,-0.07797740399837494,1185.81005859375,0.2152160108089447,1104.55517578125,0.040605686604976654,1207.7840576171875,0.6364304423332214,1.2672713994979858,1.20602285861969,0.9139339327812195,1.1147480010986328,1.3156200647354126,1.4085692167282104,0.0023824418894946575,0.007852439768612385,0.06425730139017105,0.10026229918003082,0.11064328253269196,0.10640568286180496,8.675191879272461,1.445865273475647,0.10409734398126602,0.0013767906930297613,0.20737706124782562,3.1111040115356445,6333803.5
149.8000030517578,40.16380310058594,-0.08613830804824829,0.0111863287165761,898.8939819335938,-0.07158221304416656,1185.8321533203125,0.22794541716575623,1104.5596923828125,0.051401082426309586,1207.848388671875,0.6502672433853149,1.2675163745880127,1.2068238258361816,0.9203835725784302,1.1247798204421997,1.3266569375991821,1.4191783666610718,0.0025178170762956142,0.008166486397385597,0.06473367661237717,0.10037171095609665,0.11009640991687775,0.10578913241624832,8.737549781799316,1.4562582969665527,0.10382140427827835,0.0013797356514260173,0.20782065391540527,3.1110448837280273,6333683.0
149.89999389648438,40.1552619934082,-0.08542871475219727,0.007095950189977884,898.8871459960938,-0.06514568626880646,1185.8555908203125,0.24067455530166626,1104.5654296875,0.06221277266740799,1207.9141845703125,0.6640578508377075,1.2677749395370483,1.2076560258865356,0.9268803596496582,1.1348220109939575,1.337640404701233,1.4297308921813965,0.002652710070833564,0.008478766307234764,0.06520161032676697,0.10047110170125961,0.10957565158605576,0.10526985675096512,8.799772262573242,1.4666287899017334,0.10362401604652405,0.001382535439915955,0.20824235677719116,3.1109910011291504,6333573.0
150.0,40.146751403808594,-0.08508230000734329,0.003464171662926674,898.8809204101562,-0.058669645339250565,1185.88037109375,0.2534063160419464,1104.5721435546875,0.07304031401872635,1207.981201171875,0.6778150796890259,1.2680469751358032,1.208519458770752,0.9334235787391663,1.1448737382888794,1.3485732078552246,1.44023597240448,0.0027872214559465647,0.008789530955255032,0.06566210836172104,0.10056302696466446,0.10908502340316772,0.10484237968921661,8.86190414428711,1.4769841432571411,0.10350053757429123,0.0013852169504389167,0.2086462676525116,3.1109421253204346,6333473.5
150.10000610351562,40.13825607299805,-0.08496081084012985,0.001214893301948905,898.8754272460938,-0.052155811339616776,1185.9063720703125,0.2661428451538086,1104.5799560546875,0.08388345688581467,1208.0496826171875,0.6915487051010132,1.2683323621749878,1.2094138860702515,0.940012514591217,1.1549344062805176,1.3594586849212646,1.4507025480270386,0.0029214287642389536,0.00909897405654192,0.06611596047878265,0.10064941644668579,0.10862674564123154,0.10449811071157455,8.923980712890625,1.4873300790786743,0.10342524200677872,0.0013877971796318889,0.20903490483760834,3.11089825630188,6333384.5
150.1999969482422,40.12974166870117,-0.08513243496417999,-0.0017162661533802748,898.8704833984375,-0.04560581222176552,1185.93359375,0.27888649702072144,1104.5889892578125,0.09474209696054459,1208.1195068359375,0.7052686214447021,1.2686312198638916,1.2103393077850342,0.9466465711593628,1.1650034189224243,1.3702999353408813,1.4611387252807617,0.0030554102268069983,0.009407290257513523,0.0665639340877533,0.10073218494653702,0.10820295661687851,0.10423092544078827,8.986035346984863,1.497672438621521,0.10341480374336243,0.0013902978971600533,0.20941157639026642,3.1108596324920654,6333306.0
150.3000030517578,40.12115478515625,-0.08590409904718399,-0.007716658059507608,898.8662719726562,-0.039021190255880356,1185.962158203125,0.2916422188282013,1104.5989990234375,0.10561639070510864,1208.1907958984375,0.7189927697181702,1.268943428993225,1.2112953662872314,0.9533251523971558,1.1750807762145996,1.3811008930206299,1.4715522527694702,0.0031893097329884768,0.009714835323393345,0.0670074000954628,0.10081464797258377,0.10781963914632797,0.1040487065911293,9.04813289642334,1.5080221891403198,0.10353900492191315,0.001392763457261026,0.2097829431295395,3.110826253890991,6333238.0
150.39999389648438,40.112388610839844,-0.08763618022203445,-0.017320770770311356,898.8627319335938,-0.032403364777565,1185.991943359375,0.30441907048225403,1104.610107421875,0.11650697141885757,1208.2633056640625,0.7327522039413452,1.2692691087722778,1.2122821807861328,0.9600479602813721,1.185166597366333,1.3918659687042236,1.4819530248641968,0.0033233780413866043,0.010022226721048355,0.0674486756324768,0.10090243071317673,0.10748882591724396,0.10397731512784958,9.110386848449707,1.5183979272842407,0.10388483852148056,0.0013952648732811213,0.21015971899032593,3.1107981204986572,6333180.5
150.5,40.10331726074219,-0.09073778241872787,-0.031016048043966293,898.8598022460938,-0.02575364150106907,1186.02294921875,0.31723132729530334,1104.622314453125,0.12741528451442719,1208.3372802734375,0.7465939521789551,1.2696081399917603,1.2132998704910278,0.9668149352073669,1.195261836051941,1.4026015996932983,1.4923540353775024,0.0034579942002892494,0.01033039577305317,0.0678911954164505,0.10100387036800385,0.10722947120666504,0.10406038910150528,9.172968864440918,1.5288281440734863,0.10455667227506638,0.001397903310135007,0.21055711805820465,3.1107749938964844,6333133.5
150.60000610351562,40.093772888183594,-0.09541260451078415,-0.04674817994236946,898.8575439453125,-0.01907317340373993,1186.0552978515625,0.33009782433509827,1104.635498046875,0.1383439153432846,1208.4127197265625,0.7605777978897095,1.2699607610702515,1.2143484354019165,0.973626434803009,1.2053683996200562,1.413315773010254,1.502773642539978,0.0035936443600803614,0.010640532709658146,0.06833933293819427,0.101129449903965,0.10706552118062973,0.10435052961111069,9.236096382141113,1.5393493175506592,0.10562076419591904,0.0014007942518219352,0.21099257469177246,3.110757350921631,6333097.5
150.6999969482422,40.0836181640625,-0.1015431359410286,-0.06130537390708923,898.8560180664062,-0.01236291229724884,1186.0889892578125,0.34303927421569824,1104.64990234375,0.14929670095443726,1208.4893798828125,0.7747673392295837,1.2703269720077515,1.215428113937378,0.9804832339286804,1.215489149093628,1.424019455909729,1.5132347345352173,0.0037308456376194954,0.010953902266919613,0.06879769265651703,0.10129003971815109,0.10702087730169296,0.10489297658205032,9.300003051757812,1.550000548362732,0.10707557946443558,0.0014040445676073432,0.21148215234279633,3.1107449531555176,6333072.0
150.8000030517578,40.07273483276367,-0.1088537946343422,-0.07310657948255539,898.8551025390625,-0.005623587407171726,1186.1240234375,0.3560760021209717,1104.6654052734375,0.16027867794036865,1208.567626953125,0.7892217636108398,1.2707070112228394,1.2165393829345703,0.9873865842819214,1.2256282567977905,1.4347256422042847,1.52376389503479,0.0038700816221535206,0.011271685361862183,0.06927052140235901,0.10149548202753067,0.1071154996752739,0.10571549087762833,9.364908218383789,1.560818076133728,0.10888224095106125,0.0014077399391680956,0.21203875541687012,3.1107378005981445,6333057.5
150.89999389648438,40.06100082397461,-0.11732576787471771,-0.0847197026014328,898.8548583984375,0.0011443337425589561,1186.1602783203125,0.3692287504673004,1104.6820068359375,0.17129595577716827,1208.6473388671875,0.8039989471435547,1.2711011171340942,1.2176826000213623,0.9943380951881409,1.235790491104126,1.4454489946365356,1.5343903303146362,0.004011828452348709,0.011595041491091251,0.0697619691491127,0.10175514221191406,0.10736730694770813,0.10683781653642654,9.43102741241455,1.5718377828598022,0.11105544120073318,0.0014119643019512296,0.2126750499010086,3.110736131668091,6333054.0
151.0,40.04832458496094,-0.12679089605808258,-0.09465132653713226,898.8553466796875,0.007940666750073433,1186.1978759765625,0.3825186789035797,1104.69970703125,0.18235556781291962,1208.7283935546875,0.8191555142402649,1.2715095281600952,1.2188585996627808,1.0013399124145508,1.2459818124771118,1.456206202507019,1.5451445579528809,0.004156553186476231,0.011925104074180126,0.07027603685855865,0.1020779237151146,0.1077922061085701,0.10827304422855377,9.498571395874023,1.5830951929092407,0.11357573419809341,0.0014167887857183814,0.21340173482894897,3.1107397079467773,6333061.5
151.10000610351562,40.03459167480469,-0.13732267916202545,-0.10531773418188095,898.8564453125,0.014765530824661255,1186.2366943359375,0.3959682285785675,1104.718505859375,0.19346554577350616,1208.8111572265625,0.8347501158714294,1.2719324827194214,1.2200679779052734,1.0083943605422974,1.2562090158462524,1.4670151472091675,1.556058645248413,0.004304739646613598,0.012263051234185696,0.07081685960292816,0.10247287154197693,0.10840597748756409,0.11003461480140686,9.567760467529297,1.5946266651153564,0.11647705733776093,0.0014222896425053477,0.21423028409481049,3.110748529434204,6333079.5
151.1999969482422,40.019710540771484,-0.1488141566514969,-0.11491487175226212,898.8582763671875,0.021619368344545364,1186.2769775390625,0.4096009433269501,1104.7384033203125,0.2046348601579666,1208.8953857421875,0.8508425951004028,1.2723705768585205,1.2213115692138672,1.0155044794082642,1.266479730606079,1.477895736694336,1.567165732383728,0.0044568851590156555,0.012610083445906639,0.0713886246085167,0.10294904559850693,0.10922382771968842,0.11213477700948715,9.638819694519043,1.606469988822937,0.11975373327732086,0.0014285343931987882,0.21517090499401093,3.11076283454895,6333109.0
151.3000030517578,40.00358963012695,-0.16117917001247406,-0.12365002930164337,898.8607788085938,0.02850295975804329,1186.3187255859375,0.4234408736228943,1104.7593994140625,0.21587340533733368,1208.9813232421875,0.8674919605255127,1.2728240489959717,1.222590446472168,1.022673487663269,1.27680242061615,1.4888688325881958,1.5785002708435059,0.004613480530679226,0.01296739000827074,0.07199542969465256,0.1035151332616806,0.11025947332382202,0.11458199471235275,9.711973190307617,1.6186622381210327,0.1234041154384613,0.0014355841558426619,0.2162327617406845,3.1107828617095947,6333149.5
151.39999389648438,39.986183166503906,-0.1740829199552536,-0.1290375143289566,898.8639526367188,0.03541744127869606,1186.3616943359375,0.4375108480453491,1104.781494140625,0.22719186544418335,1209.0689697265625,0.8847506642341614,1.2732934951782227,1.2239055633544922,1.0299052000045776,1.287186622619629,1.4999568462371826,1.5900967121124268,0.00477496488019824,0.013336028903722763,0.07264087349176407,0.10417841374874115,0.11152239888906479,0.11737287789583206,9.787421226501465,1.6312369108200073,0.12736725807189941,0.0014434746699407697,0.21742123365402222,3.1108078956604004,6333200.5
151.5,39.96748733520508,-0.18694224953651428,-0.12859338521957397,898.8678588867188,0.04236430674791336,1186.4061279296875,0.4518292546272278,1104.8048095703125,0.2386014610528946,1209.1583251953125,0.902654230594635,1.273779273033142,1.2252581119537354,1.0372034311294556,1.2976422309875488,1.5111825466156006,1.6019883155822754,0.00494164414703846,0.013716726563870907,0.07332729548215866,0.10494295507669449,0.11301307380199432,0.12047965079545975,9.865303993225098,1.6442173719406128,0.1315172016620636,0.0014521980192512274,0.21873518824577332,3.1108386516571045,6333263.0
151.60000610351562,39.94756317138672,-0.19925886392593384,-0.12316606193780899,898.8724365234375,0.04934540390968323,1186.4521484375,0.46640899777412415,1104.8292236328125,0.25011342763900757,1209.24951171875,0.9212184548377991,1.2742819786071777,1.2266494035720825,1.044572353363037,1.3081793785095215,1.5225683450698853,1.6142040491104126,0.005113663151860237,0.014109817333519459,0.07405556738376617,0.10580913722515106,0.11472219228744507,0.1238517165184021,9.945690155029297,1.657615065574646,0.13573652505874634,0.0014617095002904534,0.2201678454875946,3.110874891281128,6333337.0
151.6999969482422,39.92647933959961,-0.2108408808708191,-0.1158202588558197,898.8777465820312,0.05636288970708847,1186.49951171875,0.4812591075897217,1104.8548583984375,0.26173871755599976,1209.342529296875,0.9404461979866028,1.2748022079467773,1.2280806303024292,1.0520161390304565,1.3188080787658691,1.534135341644287,1.626767635345459,0.005291063338518143,0.014515380375087261,0.07482563704252243,0.10677502304315567,0.11663495004177094,0.12743206322193146,10.02860164642334,1.671433687210083,0.13997136056423187,0.0014719503233209252,0.22171035408973694,3.1109166145324707,6333422.0
151.8000030517578,39.90430450439453,-0.221742182970047,-0.10901297628879547,898.8837280273438,0.06341922283172607,1186.54833984375,0.4963876008987427,1104.881591796875,0.27348777651786804,1209.4376220703125,0.9603372812271118,1.2753404378890991,1.229552984237671,1.0595390796661377,1.329538345336914,1.5459030866622925,1.639697551727295,0.00547386147081852,0.014933432452380657,0.07563720643520355,0.10783816874027252,0.11873620748519897,0.1311732977628708,10.114049911499023,1.6856749057769775,0.14422370493412018,0.0014828653074800968,0.22335441410541534,3.110964059829712,6333518.5
151.89999389648438,39.88112258911133,-0.23182116448879242,-0.10078983753919601,898.8904418945312,0.07051710039377213,1186.5987548828125,0.5118010640144348,1104.9095458984375,0.28537052869796753,1209.53466796875,0.9808871746063232,1.2758972644805908,1.2310677766799927,1.0671452283859253,1.3403794765472412,1.5578895807266235,1.6530077457427979,0.005662038456648588,0.01536390371620655,0.07648967206478119,0.10899539291858673,0.12100983411073685,0.13503292202949524,10.202027320861816,1.7003378868103027,0.14844858646392822,0.001494389260187745,0.2250901758670807,3.1110169887542725,6333626.0
152.0,39.85700988769531,-0.2411179393529892,-0.09296774864196777,898.8978271484375,0.07765945047140121,1186.6507568359375,0.5275048613548279,1104.938720703125,0.2973964512348175,1209.6337890625,1.002088189125061,1.276473045349121,1.23262619972229,1.074838638305664,1.3513410091400146,1.5701113939285278,1.6667081117630005,0.00585554912686348,0.015806660056114197,0.07738219946622849,0.1102430522441864,0.1234394982457161,0.13897448778152466,10.292518615722656,1.7154197692871094,0.1526430994272232,0.0015064595500007272,0.22690825164318085,3.1110754013061523,6333745.0
152.10000610351562,39.832035064697266,-0.2497614026069641,-0.08643458038568497,898.9059448242188,0.08484936505556107,1186.7042236328125,0.5435046553611755,1104.968994140625,0.3095743954181671,1209.735107421875,1.0239348411560059,1.2770684957504272,1.234229564666748,1.0826232433319092,1.3624316453933716,1.5825833082199097,1.6808055639266968,0.0060543641448020935,0.01626160927116871,0.07831411063671112,0.11157794296741486,0.12601111829280853,0.14297349750995636,10.385513305664062,1.7309188842773438,0.15682750940322876,0.0015190236736088991,0.2288006991147995,3.1111397743225098,6333876.0
152.1999969482422,39.806270599365234,-0.2576409578323364,-0.07879561930894852,898.914794921875,0.09209010750055313,1186.7593994140625,0.5598052740097046,1105.0006103515625,0.32191282510757446,1209.838623046875,1.0464190244674683,1.277684211730957,1.2358790636062622,1.0905029773712158,1.3736599683761597,1.5953187942504883,1.6953047513961792,0.006258432753384113,0.016728602349758148,0.07928454875946045,0.11299650371074677,0.12871049344539642,0.14700743556022644,10.480992317199707,1.746832013130188,0.16096405684947968,0.0015320206293836236,0.23075835406780243,3.1112096309661865,6334018.5
152.3000030517578,39.77981185913086,-0.26457199454307556,-0.06931029260158539,898.9243774414062,0.09938505291938782,1186.8162841796875,0.5764086246490479,1105.033447265625,0.3344196081161499,1209.9444580078125,1.0695240497589111,1.2783204317092896,1.2375757694244385,1.0984816551208496,1.3850340843200684,1.6083298921585083,1.7102077007293701,0.006467636674642563,0.017207326367497444,0.08029202371835709,0.114493727684021,0.1315203309059143,0.15104655921459198,10.57890510559082,1.7631508111953735,0.1649925261735916,0.0015453762607648969,0.23277002573013306,3.1112852096557617,6334172.0
152.39999389648438,39.75278854370117,-0.2702358365058899,-0.056638289242982864,898.9346923828125,0.10673767328262329,1186.874755859375,0.5933122038841248,1105.0675048828125,0.3471018373966217,1210.0526123046875,1.0932196378707886,1.278977870941162,1.239320993423462,1.106562852859497,1.396561622619629,1.6216264963150024,1.7255128622055054,0.006681744009256363,0.01769719086587429,0.08133409172296524,0.116062231361866,0.13441790640354156,0.15504731237888336,10.679149627685547,1.7798582315444946,0.1688120812177658,0.001558993011713028,0.23482103645801544,3.1113667488098145,6334338.0
152.5,39.72536087036133,-0.2742807865142822,-0.040449704974889755,898.9457397460938,0.1141514852643013,1186.9349365234375,0.6105074286460876,1105.1029052734375,0.3599654734134674,1210.1630859375,1.1174572706222534,1.279657006263733,1.2411155700683594,1.1147496700286865,1.408249020576477,1.6352158784866333,1.7412134408950806,0.006900375243276358,0.01819724775850773,0.08240695297718048,0.11769154667854309,0.1373732089996338,0.15894919633865356,10.781558990478516,1.796926498413086,0.17230337858200073,0.0015727480640634894,0.23689286410808563,3.1114540100097656,6334515.5
152.60000610351562,39.6976432800293,-0.27717792987823486,-0.02897144854068756,898.95751953125,0.12163001298904419,1186.996826171875,0.6279854774475098,1105.1395263671875,0.3730151951313019,1210.276123046875,1.1421904563903809,1.280358076095581,1.242960810661316,1.1230453252792358,1.4201018810272217,1.6491024494171143,1.7572972774505615,0.007123164366930723,0.018706578761339188,0.0835070088505745,0.11937179416418076,0.1403595507144928,0.16270987689495087,10.885971069335938,1.8143284320831299,0.17555542290210724,0.001586553524248302,0.23897229135036469,3.1115469932556152,6334705.5
152.6999969482422,39.66974639892578,-0.27897557616233826,-0.017976433038711548,898.9700317382812,0.12917672097682953,1187.060546875,0.6457381844520569,1105.177490234375,0.3862546384334564,1210.3916015625,1.16737699508667,1.2810817956924438,1.2448573112487793,1.1314520835876465,1.4321249723434448,1.6632881164550781,1.7737489938735962,0.007349779363721609,0.01922435313463211,0.08463098853826523,0.12109417468309402,0.14335449039936066,0.1663036197423935,10.99223804473877,1.832039713859558,0.17855609953403473,0.0016003254568204284,0.24104666709899902,3.1116461753845215,6334907.0
152.8000030517578,39.641788482666016,-0.279594749212265,-0.0061917915008962154,898.9833374023438,0.13679499924182892,1187.1259765625,0.663754940032959,1105.216796875,0.39968639612197876,1210.509521484375,1.1929696798324585,1.2818281650543213,1.2468059062957764,1.1399723291397095,1.4443219900131226,1.6777727603912354,1.7905503511428833,0.007579845376312733,0.019749637693166733,0.08577527850866318,0.12284912914037704,0.146334707736969,0.1697027087211609,11.100194931030273,1.8500325679779053,0.18125881254673004,0.001613974804058671,0.24310258030891418,3.1117513179779053,6335121.0
152.89999389648438,39.61385726928711,-0.27929335832595825,0.00301392306573689,898.9974365234375,0.1444881111383438,1187.1932373046875,0.6820250749588013,1105.2574462890625,0.41331198811531067,1210.630126953125,1.2189229726791382,1.2825978994369507,1.248807430267334,1.148607850074768,1.456695795059204,1.6925536394119263,1.8076809644699097,0.007812999188899994,0.020281529054045677,0.08693639189004898,0.12462767958641052,0.14927947521209717,0.17288877069950104,11.20967960357666,1.8682799339294434,0.18370650708675385,0.00162743148393929,0.24512948095798492,3.1118624210357666,6335347.0
153.0,39.586002349853516,-0.2785593569278717,0.007340080104768276,899.0122680664062,0.15225917100906372,1187.262451171875,0.7005414366722107,1105.2994384765625,0.42713215947151184,1210.7532958984375,1.2452057600021362,1.2833908796310425,1.2508624792099,1.1573601961135864,1.4692482948303223,1.7076267004013062,1.8251198530197144,0.008048991672694683,0.02081940323114395,0.08811194449663162,0.1264236569404602,0.15217681229114532,0.1758696734905243,11.320581436157227,1.8867636919021606,0.18601341545581818,0.0016406618524342775,0.24712228775024414,3.1119794845581055,6335586.0
153.10000610351562,39.558258056640625,-0.27744734287261963,0.011120087467133999,899.0278930664062,0.16011114418506622,1187.3333740234375,0.7192986607551575,1105.3428955078125,0.4411471486091614,1210.879150390625,1.2717950344085693,1.2842077016830444,1.2529715299606323,1.1662306785583496,1.4819810390472412,1.7229868173599243,1.8428473472595215,0.008287639357149601,0.021362802013754845,0.08930011838674545,0.12823249399662018,0.15501953661441803,0.17866261303424835,11.432820320129395,1.9054701328277588,0.18818600475788116,0.0016536363400518894,0.24907653033733368,3.11210298538208,6335837.0
153.1999969482422,39.53068542480469,-0.27571338415145874,0.017339596524834633,899.0442504882812,0.16804678738117218,1187.40625,0.738288938999176,1105.3876953125,0.4553568661212921,1211.0076904296875,1.298660159111023,1.2850486040115356,1.255135178565979,1.1752206087112427,1.4948949813842773,1.7386280298233032,1.8608448505401611,0.00852869637310505,0.02191110886633396,0.09049858897924423,0.13004837930202484,0.15779724717140198,0.18126896023750305,11.546286582946777,1.924381136894226,0.1901460438966751,0.0016663075657561421,0.25098511576652527,3.1122326850891113,6336101.0
153.3000030517578,39.50334930419922,-0.27336034178733826,0.023530559614300728,899.0614624023438,0.17606870830059052,1187.4810791015625,0.757502019405365,1105.4339599609375,0.4697604477405548,1211.138916015625,1.325764536857605,1.2859135866165161,1.2573539018630981,1.184330701828003,1.5079907178878784,1.7545431852340698,1.8790931701660156,0.008771863766014576,0.022463589906692505,0.0917045846581459,0.131864532828331,0.1604972779750824,0.18368014693260193,11.660847663879395,1.9434746503829956,0.19187763333320618,0.001678628847002983,0.2528409957885742,3.112368583679199,6336377.5
153.39999389648438,39.476287841796875,-0.2706281840801239,0.027321526780724525,899.0794677734375,0.18417930603027344,1187.5577392578125,0.7769285440444946,1105.481689453125,0.48435649275779724,1211.2728271484375,1.3530757427215576,1.2868030071258545,1.2596280574798584,1.1935616731643677,1.5212676525115967,1.7707239389419556,1.8975728750228882,0.009016881696879864,0.023019593209028244,0.09291566908359528,0.13367512822151184,0.16311012208461761,0.18589650094509125,11.776387214660645,1.962731122970581,0.19343385100364685,0.0016905713127925992,0.25463980436325073,3.112510919570923,6336667.5
153.5,39.449520111083984,-0.2676602303981781,0.02967962436378002,899.0983276367188,0.19238077104091644,1187.636474609375,0.7965605854988098,1105.53076171875,0.4991430938243866,1211.4095458984375,1.380568265914917,1.2877169847488403,1.2619580030441284,1.2029139995574951,1.534725308418274,1.7871614694595337,1.9162648916244507,0.00926353968679905,0.02357860468327999,0.09412993490695953,0.1354757398366928,0.1656302958726883,0.18792814016342163,11.89281177520752,1.98213529586792,0.19484688341617584,0.0017021166859194636,0.25637882947921753,3.1126596927642822,6336970.5
153.60000610351562,39.423065185546875,-0.26454606652259827,0.03114149533212185,899.1179809570312,0.2006750851869583,1187.7171630859375,0.816391110420227,1105.5814208984375,0.5141180753707886,1211.5489501953125,1.4082210063934326,1.2886557579040527,1.2643438577651978,1.2123876810073853,1.5483622550964355,1.8038461208343506,1.93515145778656,0.009511662647128105,0.024140186607837677,0.09534578025341034,0.13726277649402618,0.1680547446012497,0.18978868424892426,12.01004409790039,2.001673936843872,0.196136936545372,0.0017132534412667155,0.25805628299713135,3.1128149032592773,6337286.5
153.6999969482422,39.3969612121582,-0.2610306143760681,0.035154640674591064,899.1384887695312,0.20906402170658112,1187.7998046875,0.8364108800888062,1105.6336669921875,0.5292788743972778,1211.691162109375,1.436005711555481,1.2896194458007812,1.2667860984802246,1.2219830751419067,1.562177062034607,1.8207682371139526,1.9542155265808105,0.009761019609868526,0.024703767150640488,0.09656111150979996,0.13903149962425232,0.1703772097826004,0.19147756695747375,12.12798023223877,2.021329879760742,0.1972227394580841,0.0017239515436813235,0.25966766476631165,3.1129767894744873,6337616.0
153.8000030517578,39.37126922607422,-0.2569432258605957,0.04087366908788681,899.1597900390625,0.2175491452217102,1187.8843994140625,0.856606662273407,1105.6873779296875,0.5446224808692932,1211.836181640625,1.463882565498352,1.2906080484390259,1.269284725189209,1.231699824333191,1.5761675834655762,1.8379169702529907,1.97343909740448,0.010011283680796623,0.025268547236919403,0.09777301549911499,0.14077520370483398,0.17258617281913757,0.19297681748867035,12.246474266052246,2.041079044342041,0.19803915917873383,0.0017341687344014645,0.26120662689208984,3.113145351409912,6337959.0
153.89999389648438,39.34598922729492,-0.2527962327003479,0.041469935327768326,899.1819458007812,0.22613179683685303,1187.9710693359375,0.8769678473472595,1105.7425537109375,0.5601450800895691,1211.9840087890625,1.4918222427368164,1.2916216850280762,1.2718398571014404,1.2415374517440796,1.590330958366394,1.8552806377410889,1.9928030967712402,0.010262210853397846,0.02583392523229122,0.09897934645414352,0.14248919486999512,0.1746760755777359,0.19428867101669312,12.36541748046875,2.0609028339385986,0.19872556626796722,0.001743900589644909,0.26267245411872864,3.1133205890655518,6338316.0
154.0,39.32109451293945,-0.24895234405994415,0.0384390614926815,899.2050170898438,0.23481309413909912,1188.059814453125,0.8974893093109131,1105.79931640625,0.5758429169654846,1212.134521484375,1.519815444946289,1.2926604747772217,1.274451494216919,1.251495361328125,1.6046640872955322,1.872847557067871,2.0122902393341064,0.01051371917128563,0.026399698108434677,0.10017943382263184,0.1441725343465805,0.17665162682533264,0.19544482231140137,12.484771728515625,2.0807952880859375,0.19939352571964264,0.0017531689954921603,0.26406848430633545,3.1135027408599854,6338686.5
154.10000610351562,39.29656982421875,-0.24522316455841064,0.03729169815778732,899.2289428710938,0.24359390139579773,1188.150634765625,0.9181665182113647,1105.8577880859375,0.591712236404419,1212.2879638671875,1.5478546619415283,1.2937244176864624,1.277119755744934,1.261573076248169,1.6191641092300415,1.8906065225601196,2.031886577606201,0.010765740647912025,0.026965701952576637,0.10137275606393814,0.1458246409893036,0.17851810157299042,0.1964714676141739,12.604509353637695,2.1007513999938965,0.1999930441379547,0.0017619821010157466,0.2653959393501282,3.113691568374634,6339071.5
154.1999969482422,39.27243423461914,-0.24137192964553833,0.03851240873336792,899.2537231445312,0.25247496366500854,1188.243408203125,0.9389916658401489,1105.917724609375,0.6077491044998169,1212.444091796875,1.5759221315383911,1.294813632965088,1.2798446416854858,1.271769642829895,1.6338276863098145,1.908546805381775,2.051579236984253,0.011018123477697372,0.027531566098332405,0.10255802422761917,0.14744307100772858,0.1802750676870346,0.19737231731414795,12.724559783935547,2.120759963989258,0.2004503756761551,0.001770330942235887,0.26665347814559937,3.1138875484466553,6339470.5
154.3000030517578,39.24871826171875,-0.23714390397071838,0.0422801710665226,899.2794189453125,0.2614567279815674,1188.33837890625,0.9599528908729553,1105.979248046875,0.6239495277404785,1212.6031494140625,1.6039865016937256,1.2959281206130981,1.2826260328292847,1.2820842266082764,1.6486512422561646,1.9266568422317505,2.071354866027832,0.011270605958998203,0.028096651658415794,0.10373299568891525,0.14902298152446747,0.1819155216217041,0.19812975823879242,12.844806671142578,2.140801191329956,0.20067761838436127,0.0017781881615519524,0.2678369879722595,3.11409068107605,6339884.0
154.39999389648438,39.225433349609375,-0.2328828126192093,0.04261095076799393,899.3060302734375,0.2705395519733429,1188.4354248046875,0.9810390472412109,1106.04248046875,0.6403088569641113,1212.764892578125,1.6320207118988037,1.2970677614212036,1.2854639291763306,1.292515754699707,1.6636306047439575,1.9449249505996704,2.0911989212036133,0.011522963643074036,0.028660405427217484,0.10489575564861298,0.15056048333644867,0.18343517184257507,0.19873760640621185,12.96514892578125,2.160858154296875,0.20077189803123474,0.0017855516634881496,0.26894611120224,3.1143007278442383,6340311.5
154.5,39.2025260925293,-0.22906099259853363,0.03821829706430435,899.3335571289062,0.27972349524497986,1188.5345458984375,1.0022451877593994,1106.107421875,0.6568222641944885,1212.9295654296875,1.6600196361541748,1.2982326745986938,1.2883580923080444,1.303062915802002,1.678761601448059,1.9633393287658691,2.1110973358154297,0.011775142513215542,0.029222706332802773,0.10604598373174667,0.15205568075180054,0.18484072387218475,0.1992238610982895,13.085561752319336,2.180927038192749,0.20088638365268707,0.0017924538115039468,0.26998570561408997,3.114518165588379,6340754.0
154.60000610351562,39.179962158203125,-0.22563393414020538,0.03427056223154068,899.3619995117188,0.2890084981918335,1188.6358642578125,1.0235693454742432,1106.173828125,0.6734853386878967,1213.096923828125,1.6879876852035522,1.2994227409362793,1.2913084030151367,1.313724398612976,1.694040060043335,1.981889009475708,2.13103985786438,0.012027168646454811,0.029783617705106735,0.10718405246734619,0.15351036190986633,0.18614299595355988,0.19962340593338013,13.20605754852295,2.201009511947632,0.2010202407836914,0.001798923360183835,0.2709601819515228,3.1147429943084717,6341211.5
154.6999969482422,39.15772247314453,-0.22239044308662415,0.0324348546564579,899.391357421875,0.2983942925930023,1188.7393798828125,1.0450077056884766,1106.2420654296875,0.6902939081192017,1213.26708984375,1.7159229516983032,1.3006380796432495,1.2943147420883179,1.3244991302490234,1.70946204662323,2.0005640983581543,2.1510190963745117,0.012279017828404903,0.030343087390065193,0.10830988734960556,0.15492522716522217,0.1873488873243332,0.1999530792236328,13.326624870300293,2.221104145050049,0.20111329853534698,0.0018049739301204681,0.27187153697013855,3.1149749755859375,6341684.0
154.8000030517578,39.13580322265625,-0.2191862165927887,0.03204232454299927,899.4216918945312,0.3078805208206177,1188.8448486328125,1.066554069519043,1106.31201171875,0.707243800163269,1213.440185546875,1.7438150644302368,1.301878571510315,1.2973769903182983,1.3353859186172485,1.7250235080718994,2.019354820251465,2.171027421951294,0.012530598789453506,0.03090089187026024,0.10942280292510986,0.1562993973493576,0.18846061825752258,0.20021292567253113,13.447222709655762,2.241203784942627,0.20111966133117676,0.0018106087809428573,0.2727202773094177,3.1152143478393555,6342171.5
154.89999389648438,39.11419677734375,-0.21607616543769836,0.031100424006581306,899.4529418945312,0.3174666166305542,1188.95263671875,1.088201642036438,1106.383544921875,0.7243307828903198,1213.6158447265625,1.7716528177261353,1.3031442165374756,1.3004947900772095,1.3463832139968872,1.740720272064209,2.038252353668213,2.191058397293091,0.012781809084117413,0.03145678713917732,0.11052204668521881,0.1576317846775055,0.18947964906692505,0.2004014253616333,13.567805290222168,2.261300802230835,0.20105630159378052,0.001815834897570312,0.2735074460506439,3.115461587905884,6342674.5
155.0,39.0929069519043,-0.2128995954990387,0.031765758991241455,899.4851684570312,0.32715192437171936,1189.0625,1.1099425554275513,1106.456787109375,0.7415505051612854,1213.79443359375,1.7994204759597778,1.304434895515442,1.3036682605743408,1.3574897050857544,1.7565481662750244,2.0572471618652344,2.211104393005371,0.013032513670623302,0.03201044723391533,0.11160654574632645,0.15892060101032257,0.19040514528751373,0.20051060616970062,13.688309669494629,2.2813849449157715,0.20086927711963654,0.001820647856220603,0.274232417345047,3.1157162189483643,6343193.0
155.10000610351562,39.07195281982422,-0.20954471826553345,0.033548738807439804,899.5183715820312,0.3369356691837311,1189.1746826171875,1.1317660808563232,1106.5318603515625,0.7588983178138733,1213.975830078125,1.8270944356918335,1.3057506084442139,1.3068968057632446,1.368703842163086,1.7725025415420532,2.076329469680786,2.231156349182129,0.013282513245940208,0.03256138414144516,0.11267468333244324,0.16016265749931335,0.19123251736164093,0.2005227655172348,13.808648109436035,2.301441192626953,0.20051515102386475,0.0018250353168696165,0.27489325404167175,3.115978479385376,6343727.0
155.1999969482422,39.05135726928711,-0.2059328407049179,0.03611874580383301,899.5525512695312,0.34681686758995056,1189.2889404296875,1.1536599397659302,1106.608642578125,0.7763692140579224,1214.159912109375,1.8546451330184937,1.3070913553237915,1.3101803064346313,1.3800238370895386,1.7885786294937134,2.095489263534546,2.251203775405884,0.013531557284295559,0.03310899809002876,0.11372438818216324,0.16135375201702118,0.19195443391799927,0.20041517913341522,13.928705215454102,2.32145094871521,0.19995859265327454,0.0018289793515577912,0.2754873037338257,3.116248607635498,6344277.0
155.3000030517578,39.03117752075195,-0.20180067420005798,0.041321761906147,899.5877685546875,0.35679444670677185,1189.4053955078125,1.1756072044372559,1106.6871337890625,0.7939574718475342,1214.3466796875,1.8820304870605469,1.3084568977355957,1.3135184049606323,1.391447901725769,1.8047709465026855,2.114715576171875,2.271232843399048,0.013779294677078724,0.03365243598818779,0.11475271731615067,0.16248752176761627,0.1925579458475113,0.20015160739421844,14.048325538635254,2.3413875102996826,0.19909720122814178,0.0018324429402127862,0.2760090231895447,3.1165266036987305,6344843.0
155.39999389648438,39.011497497558594,-0.19680334627628326,0.04997318983078003,899.6239013671875,0.36686715483665466,1189.5240478515625,1.197584629058838,1106.7674560546875,0.8116564154624939,1214.5362548828125,1.909187912940979,1.309847116470337,1.3169106245040894,1.4029734134674072,1.8210734128952026,2.1339950561523438,2.291224956512451,0.014025210402905941,0.03419043496251106,0.11575525254011154,0.16355404257774353,0.19302092492580414,0.19967351853847504,14.16727352142334,2.3612122535705566,0.19779013097286224,0.0018353648483753204,0.27644914388656616,3.1168124675750732,6345425.0
155.5,38.992431640625,-0.19065304100513458,0.06150302663445473,899.6611328125,0.3770334720611572,1189.6448974609375,1.2195618152618408,1106.8494873046875,0.8294579386711121,1214.728515625,1.9360328912734985,1.3112618923187256,1.3203562498092651,1.4145976305007935,1.837478518486023,2.1533126831054688,2.311155319213867,0.014268606901168823,0.03472130373120308,0.11672601103782654,0.16453972458839417,0.1933121234178543,0.19890354573726654,14.285235404968262,2.3808724880218506,0.19590547680854797,0.0018376633524894714,0.27679532766342163,3.1171064376831055,6346023.5
155.60000610351562,38.97406768798828,-0.18366320431232452,0.06989847123622894,899.6993408203125,0.38729166984558105,1189.7679443359375,1.2415069341659546,1106.933349609375,0.8473522067070007,1214.9234619140625,1.962480902671814,1.3127007484436035,1.3238545656204224,1.4263170957565308,1.8539775609970093,2.172649383544922,2.33099102973938,0.01450878381729126,0.03524333983659744,0.11765903979539871,0.1654312163591385,0.19340254366397858,0.1977832317352295,14.401894569396973,2.400315761566162,0.19351977109909058,0.0018392798956483603,0.2770388126373291,3.117408275604248,6346638.0
155.6999969482422,38.956451416015625,-0.176173597574234,0.07489604502916336,899.7385864257812,0.3976397216320038,1189.8931884765625,1.2633914947509766,1107.0189208984375,0.8653281331062317,1215.1209716796875,1.9884624481201172,1.3141634464263916,1.327404499053955,1.4381277561187744,1.8705605268478394,2.191984176635742,2.350696325302124,0.014745163731276989,0.03575514256954193,0.11854954063892365,0.16621829569339752,0.19327299296855927,0.19629134237766266,14.516988754272461,2.4194979667663574,0.19073475897312164,0.0018401809502393007,0.27717456221580505,3.117718458175659,6347269.5
155.8000030517578,38.93962860107422,-0.16819486021995544,0.07978738844394684,899.7788696289062,0.408075213432312,1190.0206298828125,1.2851885557174683,1107.1063232421875,0.8833733797073364,1215.3211669921875,2.0139145851135254,1.3156496286392212,1.3310050964355469,1.4500250816345215,1.887216567993164,2.211294412612915,2.3702335357666016,0.01497721578925848,0.03625543415546417,0.11939319968223572,0.16689209640026093,0.1929086595773697,0.19442033767700195,14.630276679992676,2.4383792877197266,0.18754474818706512,0.0018403343856334686,0.2771976590156555,3.1180367469787598,6347917.5
155.89999389648438,38.92364501953125,-0.1598469763994217,0.08347877115011215,899.8201904296875,0.41859546303749084,1190.1502685546875,1.3068708181381226,1107.195556640625,0.9014750123023987,1215.5238037109375,2.0387773513793945,1.3171586990356445,1.3346550464630127,1.46200430393219,1.9039340019226074,2.230556011199951,2.3895645141601562,0.015204434283077717,0.03674299642443657,0.1201859787106514,0.16744455695152283,0.19229742884635925,0.19216926395893097,14.741528511047363,2.456921339035034,0.1839837282896042,0.0018397169187664986,0.2771046757698059,3.118363380432129,6348582.5
156.0,38.90852737426758,-0.15118230879306793,0.08664678037166595,899.8626098632812,0.42919737100601196,1190.281982421875,1.3284119367599487,1107.28662109375,0.9196191430091858,1215.7288818359375,2.0629947185516357,1.318690299987793,1.338353157043457,1.47406005859375,1.9207003116607666,2.2497434616088867,2.40865159034729,0.01542634330689907,0.03721669316291809,0.12092414498329163,0.16786852478981018,0.19142994284629822,0.1895427107810974,14.850526809692383,2.475087881088257,0.1800660341978073,0.001838309457525611,0.27689266204833984,3.1186981201171875,6349264.0
156.10000610351562,38.8942985534668,-0.14229442179203033,0.08887877315282822,899.9060668945312,0.4398774206638336,1190.4158935546875,1.3497858047485352,1107.3795166015625,0.9377912282943726,1215.936279296875,2.086515188217163,1.3202437162399292,1.3420977592468262,1.4861868619918823,1.937502384185791,2.268831253051758,2.427457571029663,0.015642499551177025,0.037675462663173676,0.1216043010354042,0.16815775632858276,0.1902996450662613,0.1865503340959549,14.957069396972656,2.492845058441162,0.17582346498966217,0.0018360997783020139,0.27655982971191406,3.1190414428710938,6349963.0
156.1999969482422,38.880943298339844,-0.13356076180934906,0.08733656257390976,899.9505615234375,0.45063185691833496,1190.5518798828125,1.3709713220596313,1107.4742431640625,0.9559764266014099,1216.1461181640625,2.1093034744262695,1.321818470954895,1.345887541770935,1.4983785152435303,1.9543263912200928,2.287792921066284,2.4459474086761475,0.01585259661078453,0.038118574768304825,0.12222430109977722,0.16830918192863464,0.18890859186649323,0.1832243800163269,15.061014175415039,2.51016902923584,0.1713983565568924,0.0018331034807488322,0.2761085033416748,3.1193933486938477,6350679.5
156.3000030517578,38.8683967590332,-0.12543600797653198,0.08124759793281555,899.9961547851562,0.4614564776420593,1190.6900634765625,1.3919546604156494,1107.5706787109375,0.974159836769104,1216.358154296875,2.131352424621582,1.3234139680862427,1.34972083568573,1.5106292963027954,1.971158742904663,2.306602954864502,2.4640910625457764,0.016056545078754425,0.03854585811495781,0.12278400361537933,0.16832482814788818,0.1872723549604416,0.17963097989559174,15.16231918334961,2.527053117752075,0.1669761687517166,0.0018293686443939805,0.27554595470428467,3.11975359916687,6351413.0
156.39999389648438,38.856605529785156,-0.1179366186261177,0.07499387115240097,900.0428466796875,0.47234678268432617,1190.830322265625,1.4127272367477417,1107.6690673828125,0.9923274517059326,1216.5723876953125,2.1526694297790527,1.3250296115875244,1.3535960912704468,1.522933006286621,1.9879860877990723,2.3252382278442383,2.481865167617798,0.016254384070634842,0.03895742446184158,0.12328439950942993,0.16820937395095825,0.18541263043880463,0.17584198713302612,15.260994911193848,2.543499231338501,0.16259004175662994,0.001824944862164557,0.2748796343803406,3.1201226711273193,6352164.0
156.5,38.84550857543945,-0.11094537377357483,0.06991245597600937,900.0906372070312,0.48329800367355347,1190.97265625,1.4332804679870605,1107.7691650390625,1.0104658603668213,1216.7886962890625,2.173262357711792,1.326664686203003,1.3575117588043213,1.5352838039398193,2.004795551300049,2.343677282333374,2.499253034591675,0.016446148976683617,0.039353400468826294,0.12372644245624542,0.16796734929084778,0.18334932625293732,0.17191119492053986,15.3570556640625,2.55950927734375,0.1582186371088028,0.001819872879423201,0.2741156816482544,3.120500087738037,6352932.5
156.60000610351562,38.83504104614258,-0.1046818271279335,0.06263549625873566,900.1395263671875,0.49430519342422485,1191.116943359375,1.453608751296997,1107.87109375,1.028562307357788,1217.0069580078125,2.193147659301758,1.3283185958862305,1.3614661693572998,1.5476759672164917,2.0215747356414795,2.361900806427002,2.5162432193756104,0.016631945967674255,0.03973408043384552,0.12411174923181534,0.16760478913784027,0.18110519647598267,0.16789300739765167,15.450547218322754,2.5750911235809326,0.15396438539028168,0.0018142092740163207,0.273262619972229,3.1208863258361816,6353719.0
156.6999969482422,38.82508850097656,-0.09952662140130997,0.05155203863978386,900.1895141601562,0.5053631663322449,1191.2633056640625,1.4737141132354736,1107.974853515625,1.0466054677963257,1217.227294921875,2.21236515045166,1.3299908638000488,1.3654580116271973,1.5601040124893188,2.0383119583129883,2.379892349243164,2.5328307151794434,0.016812078654766083,0.04010023549199104,0.12444364279508591,0.16713184118270874,0.17871296405792236,0.16386453807353973,15.54159927368164,2.590266704559326,0.1499992161989212,0.0018080380978062749,0.2723330855369568,3.121281147003174,6354523.0
156.8000030517578,38.815494537353516,-0.09595814347267151,0.03568480908870697,900.2406005859375,0.5164666771888733,1191.4117431640625,1.493609070777893,1108.0804443359375,1.0645852088928223,1217.449462890625,2.2309885025024414,1.3316807746887207,1.3694857358932495,1.57256281375885,2.054997205734253,2.397639274597168,2.5490198135375977,0.016987117007374763,0.04045328497886658,0.12472781538963318,0.16656439006328583,0.17621906101703644,0.15993374586105347,15.630467414855957,2.6050777435302734,0.1465434581041336,0.0018014771630987525,0.2713448405265808,3.121685028076172,6355344.5
156.89999389648438,38.80609893798828,-0.09394589811563492,0.02012239769101143,900.2927856445312,0.5276103615760803,1191.56201171875,1.513312578201294,1108.1878662109375,1.0824942588806152,1217.6734619140625,2.2491071224212646,1.333388090133667,1.373548150062561,1.585047960281372,2.071621894836426,2.4151341915130615,2.5648255348205566,0.017157766968011856,0.04079499840736389,0.1249711662530899,0.16592095792293549,0.17367467284202576,0.15620747208595276,15.7174654006958,2.619577407836914,0.14363153278827667,0.001794641837477684,0.2703152894973755,3.1220974922180176,6356184.5
157.0,38.796756744384766,-0.09340853989124298,0.005373610183596611,900.3461303710938,0.5387890338897705,1191.71435546875,1.5328456163406372,1108.2969970703125,1.1003268957138062,1217.8992919921875,2.2668135166168213,1.33511221408844,1.3776443004608154,1.5975557565689087,2.088179111480713,2.4323742389678955,2.580272674560547,0.017324762418866158,0.041127193719148636,0.12518073618412018,0.16522005200386047,0.1711283177137375,0.15277047455310822,15.8029203414917,2.633820056915283,0.14127139747142792,0.001787640736438334,0.2692607641220093,3.12251877784729,6357042.0
157.10000610351562,38.78736877441406,-0.09390375763177872,-0.004952191840857267,900.4005737304688,0.5499976277351379,1191.86865234375,1.5522267818450928,1108.4078369140625,1.1180800199508667,1218.1268310546875,2.284186601638794,1.3368529081344604,1.3817733526229858,1.610082983970642,2.1046643257141113,2.4493613243103027,2.595392942428589,0.01748872734606266,0.04145141318440437,0.12536248564720154,0.16447722911834717,0.1686178743839264,0.1496657133102417,15.88711166381836,2.6478519439697266,0.13932448625564575,0.0017805505776777864,0.2681927978992462,3.1229488849639893,6357918.0
157.1999969482422,38.777870178222656,-0.09498529881238937,-0.010815366171300411,900.4561157226562,0.5612311363220215,1192.0247802734375,1.5714681148529053,1108.5206298828125,1.135751724243164,1218.3560791015625,2.3012795448303223,1.3386098146438599,1.3859343528747559,1.6226272583007812,2.1210734844207764,2.4661002159118652,2.6102190017700195,0.01765008457005024,0.041768722236156464,0.12552055716514587,0.16370314359664917,0.16616611182689667,0.14688853919506073,15.97022819519043,2.6617047786712646,0.13763456046581268,0.0017734150169417262,0.26711803674697876,3.1233878135681152,6358811.5
157.3000030517578,38.76824951171875,-0.0961761325597763,-0.011908343061804771,900.5128173828125,0.5724850296974182,1192.182861328125,1.5905745029449463,1108.635009765625,1.1533408164978027,1218.5870361328125,2.318117618560791,1.3403828144073486,1.3901268243789673,1.6351863145828247,2.137403964996338,2.4825971126556396,2.624781847000122,0.017809033393859863,0.042079608887434006,0.12565694749355316,0.1629030406475067,0.16377995908260345,0.1443929225206375,16.052356719970703,2.6753928661346436,0.1360202133655548,0.0017662436002865434,0.26603785157203674,3.123835802078247,6359723.5
157.39999389648438,38.75851821899414,-0.09733422100543976,-0.011580937542021275,900.5706176757812,0.58375483751297,1192.3428955078125,1.6095454692840576,1108.751220703125,1.1708463430404663,1218.8197021484375,2.3347079753875732,1.342171549797058,1.3943500518798828,1.647757887840271,2.153653144836426,2.498858690261841,2.639106512069702,0.01796562597155571,0.04238422214984894,0.1257724016904831,0.1620788425207138,0.16145719587802887,0.14211811125278473,16.133520126342773,2.688920021057129,0.13441979885101318,0.0017590352799743414,0.2649520933628082,3.1242923736572266,6360653.5
157.5,38.748661041259766,-0.09857793152332306,-0.012437038123607635,900.6295776367188,0.5950363278388977,1192.5047607421875,1.6283810138702393,1108.869140625,1.1882671117782593,1219.053955078125,2.351058006286621,1.3439759016036987,1.3986034393310547,1.6603399515151978,2.169818878173828,2.5148909091949463,2.653212547302246,0.018119916319847107,0.0426827147603035,0.12586762011051178,0.16123242676258087,0.15919587016105652,0.14001914858818054,16.213743209838867,2.7022905349731445,0.13287420570850372,0.001751797623001039,0.2638619542121887,3.124758243560791,6361601.5
157.60000610351562,38.7386360168457,-0.1002473309636116,-0.016694052144885063,900.6896362304688,0.6063255071640015,1192.6685791015625,1.6470860242843628,1108.9888916015625,1.2056022882461548,1219.2899169921875,2.3671910762786865,1.3457955121994019,1.4028863906860352,1.6729307174682617,2.185899019241333,2.530700445175171,2.667117118835449,0.018272096291184425,0.04297555238008499,0.12594452500343323,0.16036859154701233,0.157002255320549,0.13808700442314148,16.293106079101562,2.71551775932312,0.13151855766773224,0.0017445625271648169,0.26277217268943787,3.125232696533203,6362567.5
157.6999969482422,38.72842025756836,-0.10213278234004974,-0.018854478374123573,900.7507934570312,0.6176186203956604,1192.834228515625,1.665666103363037,1109.1103515625,1.2228515148162842,1219.5274658203125,2.383132219314575,1.3476301431655884,1.4071983098983765,1.68552827835083,2.201892137527466,2.5462944507598877,2.6808366775512695,0.018422355875372887,0.04326322674751282,0.12600505352020264,0.1594921350479126,0.1548825055360794,0.13631565868854523,16.3716983795166,2.72861647605896,0.13027843832969666,0.0017373466398566961,0.2616852819919586,3.125716209411621,6363552.0
157.8000030517578,38.71800231933594,-0.10418204963207245,-0.02049270272254944,900.8131713867188,0.628912091255188,1193.001708984375,1.684125304222107,1109.2333984375,1.2400144338607788,1219.7664794921875,2.3988983631134033,1.3494799137115479,1.41153883934021,1.6981310844421387,2.217797040939331,2.5616800785064697,2.6943862438201904,0.018570836633443832,0.04354609176516533,0.12605063617229462,0.15860651433467865,0.15283901989459991,0.1346907913684845,16.4495792388916,2.7415966987609863,0.12913447618484497,0.0017301627667620778,0.2606032192707062,3.126208782196045,6364554.5
157.89999389648438,38.707366943359375,-0.1063871905207634,-0.022051377221941948,900.8765869140625,0.640202522277832,1193.1710205078125,1.7024672031402588,1109.3582763671875,1.2570911645889282,1220.0072021484375,2.414505958557129,1.351344347000122,1.415907382965088,1.7107378244400024,2.2336130142211914,2.5768654346466064,2.707780361175537,0.01871766895055771,0.04382447153329849,0.12608258426189423,0.1577148139476776,0.1508733034133911,0.1331995129585266,16.52680778503418,2.7544679641723633,0.12808461487293243,0.0017230231314897537,0.2595278322696686,3.1267101764678955,6365575.5
158.0,38.69651412963867,-0.10851681977510452,-0.021296333521604538,900.941162109375,0.6514867544174194,1193.3421630859375,1.7206931114196777,1109.48486328125,1.2740819454193115,1220.2493896484375,2.4299614429473877,1.3532233238220215,1.4203035831451416,1.7233470678329468,2.2493398189544678,2.59185791015625,2.7210307121276855,0.018862901255488396,0.04409850388765335,0.1261015385389328,0.15681834518909454,0.14898204803466797,0.13181757926940918,16.603403091430664,2.7672340869903564,0.12703654170036316,0.0017159230774268508,0.25845837593078613,3.127220392227173,6366614.5
158.10000610351562,38.68546676635742,-0.11046552658081055,-0.01948702521622181,901.0068969726562,0.6627618074417114,1193.51513671875,1.738801121711731,1109.6131591796875,1.2909867763519287,1220.4931640625,2.4452602863311768,1.355116844177246,1.424726963043213,1.7359576225280762,2.2649765014648438,2.6066644191741943,2.734147071838379,0.019006503745913506,0.044368110597133636,0.12610729038715363,0.15591643750667572,0.14715692400932312,0.1305108368396759,16.679353713989258,2.7798922061920166,0.125942200422287,0.0017088503809645772,0.2573930621147156,3.127739667892456,6367671.5
158.1999969482422,38.67424774169922,-0.11220952123403549,-0.01743997074663639,901.07373046875,0.6740249395370483,1193.68994140625,1.756787896156311,1109.7430419921875,1.3078051805496216,1220.7384033203125,2.4603941440582275,1.3570245504379272,1.4291770458221436,1.748568058013916,2.2805228233337402,2.621291399002075,2.7471349239349365,0.01914840005338192,0.04463312774896622,0.1260993629693985,0.15500757098197937,0.14538802206516266,0.12924663722515106,16.754621505737305,2.7924368381500244,0.12478505820035934,0.0017017914215102792,0.25632983446121216,3.128267765045166,6368746.5
158.3000030517578,38.6628532409668,-0.11392772942781448,-0.017182061448693275,901.1417236328125,0.6852734088897705,1193.866455078125,1.7746515274047852,1109.8746337890625,1.3245368003845215,1220.9852294921875,2.4753594398498535,1.358946442604065,1.4336533546447754,1.7611769437789917,2.295977830886841,2.635744094848633,2.759997606277466,0.0192885659635067,0.044893503189086914,0.12607763707637787,0.15409132838249207,0.1436690241098404,0.1280093491077423,16.829195022583008,2.804866075515747,0.12363185733556747,0.0016947451513260603,0.25526851415634155,3.1288046836853027,6369840.0
158.39999389648438,38.65129470825195,-0.11557774245738983,-0.01650010608136654,901.2108154296875,0.6965047717094421,1194.044921875,1.792391300201416,1110.0079345703125,1.3411808013916016,1221.2335205078125,2.4901554584503174,1.3608821630477905,1.4381555318832397,1.7737830877304077,2.311340808868408,2.65002703666687,2.772737741470337,0.019426995888352394,0.045149222016334534,0.1260422021150589,0.153167724609375,0.14199532568454742,0.12679049372673035,16.903072357177734,2.817178726196289,0.12246467918157578,0.0016877077287063003,0.254208505153656,3.1293506622314453,6370951.0
158.5,38.63957214355469,-0.11724397540092468,-0.016662340611219406,901.281005859375,0.7077166438102722,1194.2249755859375,1.8100064992904663,1110.1429443359375,1.3577364683151245,1221.4832763671875,2.504783868789673,1.362831711769104,1.4426829814910889,1.7863849401474,2.326611042022705,2.664144992828369,2.7853565216064453,0.019563699141144753,0.04540032520890236,0.12599331140518188,0.1522371619939804,0.14036372303962708,0.1255871206521988,16.976255416870117,2.829375982284546,0.12131601572036743,0.001680681249126792,0.2531501352787018,3.1299054622650146,6372080.5
158.60000610351562,38.62767028808594,-0.1190132275223732,-0.017692558467388153,901.3523559570312,0.7189066410064697,1194.4068603515625,1.8274985551834106,1110.279541015625,1.3742032051086426,1221.7344970703125,2.5192511081695557,1.3647948503494263,1.4472354650497437,1.7989811897277832,2.3417880535125732,2.6781015396118164,2.797856092453003,0.01969873160123825,0.04564695805311203,0.12593160569667816,0.1513010710477829,0.13877414166927338,0.12440565973520279,17.048768997192383,2.841461420059204,0.12022219598293304,0.001673673978075385,0.25209468603134155,3.1304690837860107,6373228.0
158.6999969482422,38.6155891418457,-0.12079843878746033,-0.017852099612355232,901.4248046875,0.7300726175308228,1194.5904541015625,1.8448686599731445,1110.417724609375,1.3905802965164185,1221.987060546875,2.5335638523101807,1.3667714595794678,1.4518122673034668,1.8115707635879517,2.3568711280822754,2.691901445388794,2.810238838195801,0.01983214169740677,0.04588925093412399,0.1258576512336731,0.15036064386367798,0.1372259259223938,0.12324904650449753,17.12063217163086,2.85343861579895,0.11914990097284317,0.0016666880110278726,0.2510424256324768,3.1310415267944336,6374393.5
158.8000030517578,38.603370666503906,-0.12217917293310165,-0.013807340525090694,901.4983520507812,0.7412125468254089,1194.77587890625,1.862112045288086,1110.5576171875,1.4068670272827148,1222.2412109375,2.5477077960968018,1.3687613010406494,1.4564130306243896,1.8241522312164307,2.3718600273132324,2.705548048019409,2.8225059509277344,0.019963815808296204,0.04612693190574646,0.12577055394649506,0.14941340684890747,0.13570863008499146,0.12208912521600723,17.191795349121094,2.8652992248535156,0.11792439222335815,0.001659695291891694,0.24998915195465088,3.131622791290283,6375576.5
158.89999389648438,38.59109115600586,-0.12280165404081345,-0.006224790122359991,901.572998046875,0.7523244619369507,1194.962890625,1.8792158365249634,1110.6990966796875,1.4230620861053467,1222.4967041015625,2.5616416931152344,1.370764136314392,1.4610373973846436,1.8367241621017456,2.3867533206939697,2.719043493270874,2.8346540927886963,0.02009342610836029,0.04635920375585556,0.1256674826145172,0.14845213294029236,0.1341993361711502,0.12086398899555206,17.262107849121094,2.8770179748535156,0.11638665944337845,0.001652642386034131,0.2489268183708191,3.1322126388549805,6376778.0
159.0,38.578819274902344,-0.12272010743618011,0.0008154278621077538,901.6488037109375,0.7634063363075256,1195.151611328125,1.8961637020111084,1110.84228515625,1.4391629695892334,1222.7535400390625,2.5753157138824463,1.3727798461914062,1.4656846523284912,1.8492848873138428,2.4015495777130127,2.7323873043060303,2.8466737270355225,0.02022056095302105,0.046585071831941605,0.12554492056369781,0.14746801555156708,0.1326722651720047,0.1195131316781044,17.331384658813477,2.888564109802246,0.11453987658023834,0.0016454802826046944,0.2478480488061905,3.1328115463256836,6377997.0
159.10000610351562,38.56664276123047,-0.12177924066781998,0.00940865371376276,901.7257080078125,0.7744562029838562,1195.3421630859375,1.9129362106323242,1110.9869384765625,1.4551658630371094,1223.01171875,2.5886714458465576,1.3748080730438232,1.4703540802001953,1.8618322610855103,2.416245698928833,2.7455761432647705,2.8585493564605713,0.020344749093055725,0.046803392469882965,0.12539879977703094,0.14645110070705414,0.13109973073005676,0.11797872185707092,17.399410247802734,2.899901866912842,0.11230363696813583,0.0016381490277126431,0.2467437982559204,3.1334190368652344,6379234.0
159.1999969482422,38.55463790893555,-0.12005830556154251,0.017209399491548538,901.8037109375,0.7854721546173096,1195.5343017578125,1.92951238155365,1111.13330078125,1.4710659980773926,1223.271240234375,2.6016476154327393,1.3768486976623535,1.4750449657440186,1.8743635416030884,2.430837869644165,2.7586042881011963,2.870260000228882,0.020465489476919174,0.04701295122504234,0.12522487342357635,0.1453910619020462,0.1294546127319336,0.11621227115392685,17.465959548950195,2.9109933376312256,0.10969269275665283,0.0016305949538946152,0.2456059604883194,3.134035348892212,6380488.5
159.3000030517578,38.54283905029297,-0.11798644065856934,0.020718637853860855,901.8828125,0.7964520454406738,1195.72802734375,1.9458755254745483,1111.2811279296875,1.4868571758270264,1223.531982421875,2.6142005920410156,1.3789011240005493,1.4797563552856445,1.8868759870529175,2.445321798324585,2.771463394165039,2.881781816482544,0.020582426339387894,0.047212887555360794,0.12502022087574005,0.14428110420703888,0.12772078812122345,0.11420462280511856,17.530868530273438,2.921811580657959,0.10687308013439178,0.0016227951273322105,0.24443113803863525,3.134660243988037,6381761.0
159.39999389648438,38.53122329711914,-0.11614564806222916,0.018407899886369705,901.9630126953125,0.8073936104774475,1195.9234619140625,1.9620192050933838,1111.4306640625,1.5025330781936646,1223.7940673828125,2.6263225078582764,1.380964994430542,1.4844871759414673,1.8993663787841797,2.4596922397613525,2.784144878387451,2.8930931091308594,0.020695485174655914,0.04740304872393608,0.12478449195623398,0.14312097430229187,0.12590079009532928,0.11200201511383057,17.59410285949707,2.9323506355285645,0.10408805310726166,0.0016147687565535307,0.243222177028656,3.135293960571289,6383051.0
159.5,38.51976013183594,-0.11464308202266693,0.015025714412331581,902.0442504882812,0.8182945847511292,1196.120361328125,1.9779430627822876,1111.5816650390625,1.5180878639221191,1224.0572509765625,2.638026714324951,1.3830400705337524,1.48923659324646,1.9118317365646362,2.4739441871643066,2.796640634536743,2.904176950454712,0.020804762840270996,0.0475836880505085,0.12451890856027603,0.1419142484664917,0.12400728464126587,0.10967028886079788,17.655704498291016,2.942617416381836,0.10139519721269608,0.0016065426170825958,0.24198311567306519,3.1359362602233887,6384358.5
159.60000610351562,38.5084114074707,-0.11346649378538132,0.011765855364501476,902.1266479492188,0.829152524471283,1196.3189697265625,1.9936481714248657,1111.7342529296875,1.5335161685943604,1224.3216552734375,2.6493303775787354,1.385125756263733,1.4940035343170166,1.9242690801620483,2.4880733489990234,2.8089439868927,2.9150240421295166,0.020910391584038734,0.04775514826178551,0.12422496825456619,0.14066515862941742,0.12205404043197632,0.10726534575223923,17.715728759765625,2.9526214599609375,0.09880190342664719,0.0015981424367055297,0.2407178431749344,3.136586904525757,6385683.5
159.6999969482422,38.49717712402344,-0.11235609650611877,0.011103964410722256,902.2100830078125,0.8399649858474731,1196.5191650390625,2.0091333389282227,1111.8883056640625,1.5488131046295166,1224.587158203125,2.660240888595581,1.3872219324111938,1.4987872838974,1.9366756677627563,2.502075672149658,2.821049213409424,2.925628185272217,0.021012427285313606,0.04791758209466934,0.12390345335006714,0.13937607407569885,0.12004891037940979,0.10481433570384979,17.774198532104492,2.9623663425445557,0.096208855509758,0.001589575200341642,0.23942743241786957,3.1372463703155518,6387026.0
159.8000030517578,38.48607635498047,-0.11098510026931763,0.013709932565689087,902.2946166992188,0.8507294654846191,1196.7208251953125,2.0243911743164062,1112.0439453125,1.5639740228652954,1224.8536376953125,2.670745849609375,1.389328122138977,1.5035866498947144,1.949048638343811,2.515946865081787,2.832951545715332,2.9359843730926514,0.021110761910676956,0.048070747405290604,0.12355369329452515,0.13804566860198975,0.11798926442861557,0.10230743139982224,17.831064224243164,2.97184419631958,0.09348059445619583,0.0015808248426765203,0.23810942471027374,3.1379144191741943,6388385.5
159.89999389648438,38.47517395019531,-0.10903731733560562,0.019477887079119682,902.3802490234375,0.8614434599876404,1196.9239501953125,2.039407968521118,1112.201171875,1.5789940357208252,1225.1212158203125,2.6808104515075684,1.3914439678192139,1.5084010362625122,1.9613851308822632,2.5296828746795654,2.84464430809021,2.9460854530334473,0.021205108612775803,0.04821394756436348,0.12317337840795517,0.1366686075925827,0.11586152762174606,0.09970321506261826,17.886194229125977,2.981032371520996,0.09047817438840866,0.0015718525974079967,0.23675799369812012,3.1385908126831055,6389762.5
160.0,38.46453857421875,-0.10635455697774887,0.02682756632566452,902.4669189453125,0.872104287147522,1197.128662109375,2.054164409637451,1112.3597412109375,1.5938670635223389,1225.3897705078125,2.690382957458496,1.393568992614746,1.5132290124893188,1.973681926727295,2.543278455734253,2.8561201095581055,2.955918550491333,0.02129504084587097,0.04834616929292679,0.12275900691747665,0.1352366805076599,0.1136450245976448,0.0969456359744072,17.939393997192383,2.989898920059204,0.08712323755025864,0.001562608638778329,0.235365629196167,3.139275550842285,6391157.0
160.10000610351562,38.4542350769043,-0.10304103046655655,0.03313528001308441,902.5546875,0.8827093243598938,1197.3348388671875,2.0686402320861816,1112.5198974609375,1.608586072921753,1225.6593017578125,2.6994104385375977,1.3957027196884155,1.5180697441101074,1.9859354496002197,2.556727647781372,2.8673689365386963,2.965466260910034,0.021380124613642693,0.048466362059116364,0.12230700999498367,0.13374163210391998,0.11131997406482697,0.09399040788412094,17.990463256835938,2.998410701751709,0.08344728499650955,0.0015530510572716594,0.23392602801322937,3.1399688720703125,6392568.5
160.1999969482422,38.444297790527344,-0.0993686094880104,0.03672419488430023,902.6434936523438,0.8932556509971619,1197.5423583984375,2.082817792892456,1112.6815185546875,1.6231434345245361,1225.9296875,2.707853078842163,1.3978447914123535,1.5229218006134033,1.9981417655944824,2.570024013519287,2.8783793449401855,2.974707841873169,0.021460024639964104,0.04857373610138893,0.1218147948384285,0.13217777013778687,0.10887458175420761,0.09082390367984772,18.03925323486328,3.006542444229126,0.07955773174762726,0.0015431573847308755,0.23243582248687744,3.1406705379486084,6393997.0
160.3000030517578,38.434696197509766,-0.09599915891885757,0.03369452431797981,902.7333374023438,0.9037404656410217,1197.7513427734375,2.0966904163360596,1112.844482421875,1.6375311613082886,1226.2008056640625,2.7157068252563477,1.3999946117401123,1.527783989906311,2.0102968215942383,2.583160400390625,2.889139175415039,2.98362398147583,0.021534699946641922,0.04866820573806763,0.12128236889839172,0.13054600358009338,0.1063155010342598,0.0874897688627243,18.085739135742188,3.0142898559570312,0.07573587447404861,0.0015329531161114573,0.23089881241321564,3.1413803100585938,6395442.0
160.39999389648438,38.425384521484375,-0.09313205629587173,0.02867099829018116,902.82421875,0.9141604900360107,1197.961669921875,2.1102590560913086,1113.009033203125,1.6517417430877686,1226.4727783203125,2.722994565963745,1.4021515846252441,1.5326550006866455,2.0223965644836426,2.596130609512329,2.8996384143829346,2.992201805114746,0.021604323759675026,0.048750221729278564,0.12071174383163452,0.12885211408138275,0.1036624014377594,0.08406168967485428,18.12999725341797,3.0216660499572754,0.0720803290605545,0.0015224774833768606,0.2293209284543991,3.1420986652374268,6396904.0
160.5,38.416324615478516,-0.09060373902320862,0.025283193215727806,902.9161376953125,0.9245126843452454,1198.1734619140625,2.123525857925415,1113.1749267578125,1.6657686233520508,1226.745361328125,2.7297403812408447,1.4043152332305908,1.5375335216522217,2.034437656402588,2.608928680419922,2.9098687171936035,3.000434637069702,0.02166907861828804,0.048820264637470245,0.12010494619607925,0.12710191309452057,0.10093361139297485,0.08059550821781158,18.172103881835938,3.02868390083313,0.06853695213794708,0.0015117579605430365,0.22770631313323975,3.14282488822937,6398383.0
160.60000610351562,38.4074821472168,-0.08843044936656952,0.021732892841100693,903.0090942382812,0.9347937703132629,1198.386474609375,2.1364924907684326,1113.3421630859375,1.6796061992645264,1227.0186767578125,2.7359659671783447,1.4064851999282837,1.5424185991287231,2.0464162826538086,2.621548891067505,2.9198226928710938,3.0083205699920654,0.021729134023189545,0.04887876287102699,0.11946388334035873,0.12530067563056946,0.09814523160457611,0.07713107019662857,18.212135314941406,3.035355806350708,0.06512326747179031,0.0015008231857791543,0.22605927288532257,3.143559455871582,6399878.5
160.6999969482422,38.39881134033203,-0.08668778836727142,0.017426572740077972,903.1030883789062,0.9450004696846008,1198.6007080078125,2.149162530899048,1113.5107421875,1.693249225616455,1227.2926025390625,2.741698741912842,1.408660888671875,1.5473088026046753,2.0583291053771973,2.6339869499206543,2.9294960498809814,3.015862226486206,0.021784700453281403,0.04892626404762268,0.11879082024097443,0.12345457822084427,0.09531473368406296,0.07370659708976746,18.250181198120117,3.0416970252990723,0.06188149377703667,0.001489706919528544,0.22438491880893707,3.1443021297454834,6401390.5
160.8000030517578,38.39026641845703,-0.08544512838125229,0.01242660079151392,903.1981201171875,0.9551295638084412,1198.8162841796875,2.1615424156188965,1113.6807861328125,1.7066937685012817,1227.5670166015625,2.7469727993011475,1.410841941833496,1.5522034168243408,2.0701732635498047,2.646238327026367,2.938884735107422,3.0230650901794434,0.021836047992110252,0.04896344617009163,0.118088498711586,0.12157077342271805,0.09246150404214859,0.07036095857620239,18.286361694335938,3.047727108001709,0.05885174125432968,0.001478447811678052,0.22268903255462646,3.145052909851074,6402918.5
160.89999389648438,38.381797790527344,-0.08471710234880447,0.0072802952490746975,903.2941284179688,0.9651778936386108,1199.032958984375,2.173640012741089,1113.8521728515625,1.719936490058899,1227.8419189453125,2.7518258094787598,1.4130278825759888,1.5571011304855347,2.0819458961486816,2.6582999229431152,2.9479880332946777,3.0299389362335205,0.02188347466289997,0.04899106174707413,0.11735991388559341,0.1196569949388504,0.08960544317960739,0.06712967157363892,18.320810317993164,3.0534682273864746,0.05605102702975273,0.0014670854434370995,0.2209775745868683,3.1458115577697754,6404463.0
161.0,38.37335205078125,-0.08443485200405121,0.0028225374408066273,903.39111328125,0.9751423597335815,1199.2509765625,2.1854636669158936,1114.0247802734375,1.7329751253128052,1228.117431640625,2.7562944889068604,1.415218472480774,1.5620012283325195,2.093644380569458,2.670168876647949,2.9568064212799072,3.03649640083313,0.021927274763584137,0.04900984838604927,0.11660798639059067,0.1177205741405487,0.08676435053348541,0.06403794884681702,18.353652954101562,3.0589423179626465,0.05345987156033516,0.0014556539244949818,0.2192557156085968,3.146578073501587,6406023.5
161.10000610351562,38.36489486694336,-0.08456479012966156,-0.0012994016287848353,903.4891357421875,0.9850199222564697,1199.4700927734375,2.197021245956421,1114.19873046875,1.7458081245422363,1228.3931884765625,2.760413646697998,1.4174132347106934,1.5669028759002686,2.105266571044922,2.6818435192108154,2.9653422832489014,3.042752742767334,0.021967725828289986,0.04902050644159317,0.11583545058965683,0.11576829850673676,0.08395367860794067,0.061101943254470825,18.3850154876709,3.064169406890869,0.0510716512799263,0.0014441849198192358,0.21752823889255524,3.147352457046509,6407600.5
161.1999969482422,38.35639953613281,-0.08494897186756134,-0.003841860219836235,903.588134765625,0.994807779788971,1199.6903076171875,2.208319902420044,1114.3739013671875,1.758434534072876,1228.66943359375,2.7642111778259277,1.419611930847168,1.5718051195144653,2.1168107986450195,2.69332218170166,2.9735989570617676,3.0487232208251953,0.022005051374435425,0.049023598432540894,0.11504452675580978,0.11380553245544434,0.08118431270122528,0.05832359939813614,18.414997100830078,3.0691659450531006,0.048825204372406006,0.001432698918506503,0.21579815447330475,3.148134469985962,6409192.5
161.3000030517578,38.34785079956055,-0.08552245050668716,-0.00573473097756505,903.6881103515625,1.0045031309127808,1199.9117431640625,2.219364643096924,1114.5504150390625,1.7708542346954346,1228.946044921875,2.7677078247070312,1.421814203262329,1.5767072439193726,2.128274917602539,2.704604148864746,2.981580972671509,3.0544233322143555,0.022039424628019333,0.04901956021785736,0.11423694342374802,0.11183635145425797,0.07846315950155258,0.055694982409477234,18.44367027282715,3.0739448070526123,0.046695806086063385,0.001421211170963943,0.21406784653663635,3.1489243507385254,6410800.5
161.39999389648438,38.3392333984375,-0.08616340905427933,-0.006409620866179466,903.7890625,1.0141035318374634,1200.1341552734375,2.230159282684326,1114.72802734375,1.7830671072006226,1229.2230224609375,2.770918846130371,1.424019694328308,1.5816086530685425,2.139657497406006,2.715689182281494,2.9892935752868652,3.0598676204681396,0.022070961073040962,0.049008697271347046,0.11341392993927002,0.10986348986625671,0.07579322904348373,0.05319996923208237,18.471086502075195,3.078514575958252,0.04463301971554756,0.0014097285456955433,0.21233828365802765,3.14972186088562,6412424.0
161.5,38.33056640625,-0.0866643413901329,-0.005009291227906942,903.8909301757812,1.0236064195632935,1200.3577880859375,2.240703582763672,1114.906982421875,1.79507315158844,1229.500244140625,2.773845911026001,1.4262282848358154,1.5865087509155273,2.1509571075439453,2.726576805114746,2.996741533279419,3.0650675296783447,0.022099681198596954,0.048991065472364426,0.11257581412792206,0.1078873947262764,0.07317125797271729,0.050807833671569824,18.497255325317383,3.082875967025757,0.042547691613435745,0.0013982426607981324,0.21060824394226074,3.150526762008667,6414063.0
161.60000610351562,38.3218994140625,-0.08665405958890915,0.00010278888657921925,903.9937744140625,1.033009648323059,1200.5823974609375,2.2509913444519043,1115.0870361328125,1.8068721294403076,1229.7777099609375,2.7764689922332764,1.4284394979476929,1.5914065837860107,2.1621720790863037,2.7372665405273438,3.0039291381835938,3.070030927658081,0.022125424817204475,0.048966288566589355,0.11172129213809967,0.10590449720621109,0.07058326154947281,0.04846185818314552,18.52210235595703,3.087017059326172,0.040277473628520966,0.0013867191737517715,0.20887254178524017,3.151339292526245,6415717.5
161.6999969482422,38.313262939453125,-0.08638491481542587,0.002691460307687521,904.0975341796875,1.0423109531402588,1200.8079833984375,2.2610156536102295,1115.268310546875,1.8184629678726196,1230.0555419921875,2.778768301010132,1.4306532144546509,1.5963016748428345,2.1733005046844482,2.7477574348449707,3.0108590126037598,3.0747599601745605,0.02214803360402584,0.048933982849121094,0.11084908992052078,0.10391133278608322,0.06801649928092957,0.046120356768369675,18.54555320739746,3.090925455093384,0.037920594215393066,0.0013751416699960828,0.20712868869304657,3.1521592140197754,6417386.5
161.8000030517578,38.30463790893555,-0.08624285459518433,0.0014205850893631577,904.2022094726562,1.0515083074569702,1201.0345458984375,2.2707762718200684,1115.4508056640625,1.8298448324203491,1230.33349609375,2.7807464599609375,1.4328689575195312,1.6011931896209717,2.1843411922454834,2.7580482959747314,3.017533302307129,3.0792551040649414,0.022167526185512543,0.04889422282576561,0.10995958000421524,0.1019086092710495,0.0654703825712204,0.04378601908683777,18.567615509033203,3.094602584838867,0.035636819899082184,0.0013635210925713181,0.20537835359573364,3.152986526489258,6419070.5
161.89999389648438,38.296024322509766,-0.08615221828222275,0.0009063687757588923,904.3078002929688,1.0605998039245605,1201.2620849609375,2.280275344848633,1115.63427734375,1.8410165309906006,1230.6116943359375,2.7824130058288574,1.4350866079330444,1.6060802936553955,2.1952919960021973,2.7681386470794678,3.023953914642334,3.0835177898406982,0.02218398079276085,0.04884720966219902,0.10905361920595169,0.09989822655916214,0.06294761598110199,0.04147041589021683,18.588321685791016,3.0980536937713623,0.03339611366391182,0.001351863262243569,0.20362241566181183,3.153820753097534,6420769.0
162.0,38.28743362426758,-0.08587312698364258,0.0027909448835998774,904.414306640625,1.0695834159851074,1201.4906005859375,2.289510726928711,1115.8189697265625,1.8519772291183472,1230.889892578125,2.7837650775909424,1.4373056888580322,1.6109622716903687,2.206151247024536,2.7780277729034424,3.030123472213745,3.0875494480133057,0.02219737507402897,0.048792894929647446,0.10813116282224655,0.0978798195719719,0.0604446679353714,0.03916366770863533,18.6076602935791,3.1012766361236572,0.03109801933169365,0.0013401566538959742,0.20185913145542145,3.1546623706817627,6422482.5
162.10000610351562,38.27893829345703,-0.08498768508434296,0.00885439570993185,904.521728515625,1.0784573554992676,1201.719970703125,2.298473596572876,1116.0047607421875,1.8627256155014038,1231.1683349609375,2.7847747802734375,1.4395259618759155,1.6158385276794434,2.2169172763824463,2.7877142429351807,3.036043167114258,3.0913491249084473,0.022207487374544144,0.0487307570874691,0.10719039291143417,0.09584857523441315,0.057946085929870605,0.0368209034204483,18.625530242919922,3.104254961013794,0.02856260910630226,0.0013283604057505727,0.20008233189582825,3.155510902404785,6424210.0
162.1999969482422,38.27057647705078,-0.08360795676708221,0.013797244988381863,904.6300048828125,1.0872198343276978,1201.9503173828125,2.307152509689331,1116.1915283203125,1.8732595443725586,1231.4468994140625,2.7854080200195312,1.4417470693588257,1.6207081079483032,2.227588415145874,2.797196626663208,3.0417120456695557,3.0949103832244873,0.02221403829753399,0.04866012558341026,0.10622896999120712,0.09379857033491135,0.05543428286910057,0.034398552030324936,18.641803741455078,3.1069672107696533,0.02582933008670807,0.0013164414558559656,0.19828706979751587,3.1563665866851807,6425952.0
162.3000030517578,38.26239013671875,-0.08185621351003647,0.017517441883683205,904.7391967773438,1.0958689451217651,1202.181396484375,2.315537452697754,1116.37939453125,1.8835763931274414,1231.7254638671875,2.785637617111206,1.4439685344696045,1.6255701780319214,2.2381622791290283,2.8064730167388916,3.047128915786743,3.098224401473999,0.022216811776161194,0.04858047887682915,0.10524512082338333,0.09172531962394714,0.052896589040756226,0.03187454119324684,18.65637969970703,3.1093966960906982,0.02294347435235977,0.0013043759390711784,0.19646969437599182,3.157228946685791,6427708.0
162.39999389648438,38.25439453125,-0.07993998378515244,0.019162345677614212,904.8491821289062,1.104403018951416,1202.413330078125,2.323622226715088,1116.5682373046875,1.8936729431152344,1232.0040283203125,2.7854480743408203,1.4461902379989624,1.6304237842559814,2.248636484146118,2.8155405521392822,3.052290201187134,3.101280927658081,0.022215675562620163,0.048491522669792175,0.10423792153596878,0.08962655067443848,0.05032702907919884,0.029249651357531548,18.669198989868164,3.1115331649780273,0.01998939923942089,0.001292154542170465,0.19462887942790985,3.1580982208251953,6429477.5
162.5,38.246612548828125,-0.07782091945409775,0.021190641447901726,904.9600219726562,1.1128202676773071,1202.6461181640625,2.3314003944396973,1116.758056640625,1.90354585647583,1232.282470703125,2.7848269939422607,1.4484115839004517,1.6352680921554565,2.2590088844299316,2.824397087097168,3.057192802429199,3.1040701866149902,0.022210532799363136,0.04839302599430084,0.10320670902729034,0.0875006914138794,0.047721799463033676,0.026529405266046524,18.680213928222656,3.1133689880371094,0.016950804740190506,0.0012797657400369644,0.1927628368139267,3.1589741706848145,6431261.0
162.60000610351562,38.23908615112305,-0.07528464496135712,0.025362737476825714,905.0717163085938,1.1211187839508057,1202.879638671875,2.3388633728027344,1116.948974609375,1.913191556930542,1232.5609130859375,2.78375244140625,1.4506322145462036,1.6401020288467407,2.2692768573760986,2.8330395221710205,3.0618326663970947,3.1065821647644043,0.02220120094716549,0.048284560441970825,0.1021500751376152,0.0853443369269371,0.045072298496961594,0.023702165111899376,18.689340591430664,3.1148900985717773,0.013737314380705357,0.0012671825243160129,0.19086749851703644,3.1598567962646484,6433057.5
162.6999969482422,38.2318229675293,-0.0726454108953476,0.02639235369861126,905.1842651367188,1.1292967796325684,1203.1138916015625,2.346004009246826,1117.1407470703125,1.9226059913635254,1232.8392333984375,2.782210111618042,1.45285165309906,1.6449246406555176,2.279437780380249,2.8414647579193115,3.0662050247192383,3.1088061332702637,0.02218755893409252,0.048165854066610336,0.1010672077536583,0.08315561711788177,0.042374592274427414,0.020771829411387444,18.696521759033203,3.116086959838867,0.010479404591023922,0.001254400471225381,0.18894223868846893,3.160745859146118,6434867.5
162.8000030517578,38.224796295166016,-0.07023640722036362,0.024089979007840157,905.297607421875,1.1373521089553833,1203.3487548828125,2.3528223037719727,1117.3333740234375,1.9317855834960938,1233.1173095703125,2.7802083492279053,1.4550695419311523,1.6497348546981812,2.289489269256592,2.8496694564819336,3.070305824279785,3.1107337474823,0.022169673815369606,0.0480370856821537,0.09995895624160767,0.08093682676553726,0.03963620960712433,0.017775367945432663,18.701784133911133,3.116964101791382,0.007318470161408186,0.0012414390221238136,0.1869899332523346,3.1616413593292236,6436690.5
162.89999389648438,38.217952728271484,-0.06846348941326141,0.017729230225086212,905.4117431640625,1.1452831029891968,1203.58447265625,2.359325885772705,1117.527099609375,1.94072687625885,1233.395263671875,2.7777822017669678,1.4572854042053223,1.6545315980911255,2.299428701400757,2.8576512336730957,3.074131488800049,3.112361192703247,0.022147824987769127,0.04789896309375763,0.09882809966802597,0.07869500666856766,0.036877334117889404,0.014781159348785877,18.70525360107422,3.117542266845703,0.004430911969393492,0.0012283461401239038,0.18501782417297363,3.1625430583953857,6438526.5
163.0,38.21121597290039,-0.06736455857753754,0.010989271104335785,905.5266723632812,1.1530876159667969,1203.8206787109375,2.3655271530151367,1117.7215576171875,1.9494279623031616,1233.6728515625,2.774980068206787,1.4594988822937012,1.6593142747879028,2.3092541694641113,2.865407943725586,3.077681541442871,3.1136927604675293,0.022122401744127274,0.04775245860219002,0.09767837077379227,0.07643945515155792,0.03412313014268875,0.011860447004437447,18.70709991455078,3.117849826812744,0.001842881552875042,0.0012151723494753242,0.1830335408449173,3.1634509563446045,6440375.0
163.10000610351562,38.20454025268555,-0.06674500554800034,0.006195513531565666,905.642333984375,1.1607639789581299,1204.0574951171875,2.3714375495910645,1117.9168701171875,1.957887887954712,1233.9501953125,2.7718448638916016,1.46170973777771,1.6640818119049072,2.3189637660980225,2.872938871383667,3.0809571743011475,3.1147379875183105,0.022093748673796654,0.047598425298929214,0.0965130403637886,0.07417814433574677,0.031393878161907196,0.00905788503587246,18.707477569580078,3.117912769317627,-0.0005164258182048798,0.0012019539717584848,0.18104255199432373,3.164365291595459,6442236.0
163.1999969482422,38.1978874206543,-0.06652921438217163,0.0021579095628112555,905.7587890625,1.1683101654052734,1204.294921875,2.3770668506622314,1118.1131591796875,1.9661065340042114,1234.227294921875,2.768411636352539,1.46391761302948,1.6688337326049805,2.3285562992095947,2.8802435398101807,3.0839617252349854,3.1155099868774414,0.02206215262413025,0.04743758961558342,0.09533485770225525,0.07191760092973709,0.028704872354865074,0.006396955344825983,18.706512451171875,3.1177520751953125,-0.0026711064856499434,0.0011887219734489918,0.17904949188232422,3.165285348892212,6444109.5
163.3000030517578,38.19122314453125,-0.06662617623806,-0.0009696080815047026,905.8759765625,1.175724744796753,1204.532958984375,2.3824241161346436,1118.3101806640625,1.974084734916687,1234.50390625,2.7647111415863037,1.466122031211853,1.6735690832138062,2.3380303382873535,2.887322425842285,3.086700201034546,3.116023302078247,0.022027863189578056,0.04727056995034218,0.09414617717266083,0.06966326385736465,0.026067763566970825,0.0038879283238202333,18.704317092895508,3.1173861026763916,-0.004654266871511936,0.0011755003361031413,0.17705799639225006,3.1662113666534424,6445994.5
163.39999389648438,38.18453598022461,-0.06687682121992111,-0.0025064004585146904,905.9939575195312,1.1830060482025146,1204.7713623046875,2.3875160217285156,1118.5079345703125,1.9818235635757446,1234.7801513671875,2.7607648372650146,1.468322992324829,1.6782876253128052,2.3473851680755615,2.894176483154297,3.0891776084899902,3.116293430328369,0.021991057321429253,0.047097817063331604,0.09294870495796204,0.06741887331008911,0.023489024490118027,0.001525553991086781,18.70096778869629,3.116828203201294,-0.006529051810503006,0.0011623017489910126,0.17507000267505646,3.1671431064605713,6447892.0
163.5,38.17783737182617,-0.06698678433895111,-0.0010996335186064243,906.1126098632812,1.190152645111084,1205.0103759765625,2.3923447132110596,1118.70654296875,1.9893243312835693,1235.0560302734375,2.756577968597412,1.4705201387405396,1.6829884052276611,2.3566198348999023,2.9008066654205322,3.091400146484375,3.116333246231079,0.021951783448457718,0.046919453889131546,0.09174293279647827,0.06518509238958359,0.02096649445593357,-0.0007190093747340143,18.696487426757812,3.1160812377929688,-0.008416772820055485,0.0011491180630400777,0.17308422923088074,3.1680808067321777,6449800.5
163.60000610351562,38.17112350463867,-0.06715980172157288,-0.0017301641637459397,906.2319946289062,1.197163462638855,1205.2498779296875,2.3969130516052246,1118.90576171875,1.9965883493423462,1235.33154296875,2.752156972885132,1.4727133512496948,1.6876713037490845,2.3657333850860596,2.9072141647338867,3.0933730602264404,3.1161534786224365,0.02191009558737278,0.04673562943935394,0.0905294343829155,0.06296278536319733,0.01849881373345852,-0.0028650504536926746,18.690895080566406,3.1151492595672607,-0.010235084220767021,0.0011359554482623935,0.1711016148328781,3.1690237522125244,6451720.5
163.6999969482422,38.16434097290039,-0.06782548129558563,-0.006656831596046686,906.35205078125,1.2040371894836426,1205.48974609375,2.4012300968170166,1119.1058349609375,2.003617286682129,1235.6064453125,2.7475311756134033,1.4749021530151367,1.6923353672027588,2.374725341796875,2.9133999347686768,3.095102548599243,3.11576509475708,0.021866237744688988,0.046546950936317444,0.08931045979261398,0.06075695902109146,0.016096213832497597,-0.004891781602054834,18.684303283691406,3.1140503883361816,-0.011808175593614578,0.00112285022623837,0.1691276580095291,3.1699724197387695,6453652.0
163.8000030517578,38.15742874145508,-0.06910453736782074,-0.012790592387318611,906.4727783203125,1.21077299118042,1205.7301025390625,2.405310869216919,1119.3065185546875,2.010413646697998,1235.8809814453125,2.742745876312256,1.4770864248275757,1.6969804763793945,2.3835954666137695,2.9193663597106934,3.0965957641601562,3.1151816844940186,0.021820582449436188,0.04635433480143547,0.08808939903974533,0.05857541412115097,0.013776004314422607,-0.006759715266525745,18.6768741607666,3.1128122806549072,-0.01308375969529152,0.0011098474496975541,0.16716913878917694,3.170926570892334,6455594.0
163.89999389648438,38.15035629272461,-0.07072576880455017,-0.016212277114391327,906.5941772460938,1.2173699140548706,1205.9708251953125,2.409168004989624,1119.5079345703125,2.0169804096221924,1236.155029296875,2.7378387451171875,1.4792661666870117,1.7016061544418335,2.392343282699585,2.9251163005828857,3.0978615283966064,3.114420175552368,0.021773438900709152,0.046158548444509506,0.08686904609203339,0.056424275040626526,0.011550170369446278,-0.008451497182250023,18.668746948242188,3.1114580631256104,-0.014168149791657925,0.001096972613595426,0.1652298867702484,3.1718857288360596,6457547.0
164.0,38.14311218261719,-0.07244370132684708,-0.017179321497678757,906.7162475585938,1.2238274812698364,1206.2119140625,2.4128103256225586,1119.7098388671875,2.0233213901519775,1236.4285888671875,2.732830286026001,1.4814411401748657,1.706212043762207,2.4009692668914795,2.930652618408203,3.098909616470337,3.1134979724884033,0.02172498032450676,0.04596002772450447,0.08565095067024231,0.054306499660015106,0.009421571157872677,-0.009978961199522018,18.660001754760742,3.1100003719329834,-0.015158632770180702,0.0010842334013432264,0.16331106424331665,3.1728501319885254,6459510.5
164.10000610351562,38.135704040527344,-0.07410214841365814,-0.016584480181336403,906.8389282226562,1.2301450967788696,1206.453369140625,2.4162423610687256,1119.9124755859375,2.02944016456604,1236.70166015625,2.7277283668518066,1.4836111068725586,1.7107980251312256,2.4094736576080322,2.935978889465332,3.0997495651245117,3.1124300956726074,0.02167528308928013,0.04575895890593529,0.08443572372198105,0.05222270265221596,0.007386649493128061,-0.011369804851710796,18.65066909790039,3.108444929122925,-0.016119342297315598,0.0010716264368966222,0.16141216456890106,3.1738195419311523,6461484.0
164.1999969482422,38.128135681152344,-0.07566209137439728,-0.015599433332681656,906.9622802734375,1.2363225221633911,1206.6951904296875,2.4194679260253906,1120.11572265625,2.0353407859802246,1236.97412109375,2.7225353717803955,1.4857760667800903,1.7153637409210205,2.4178566932678223,2.94109845161438,3.1003904342651367,3.1112284660339355,0.0216243714094162,0.04555540531873703,0.08322356641292572,0.05017242208123207,0.005439284257590771,-0.012653447687625885,18.64076042175293,3.1067934036254883,-0.017068760469555855,0.0010591456666588783,0.15953226387500763,3.1747939586639404,6463468.0
164.3000030517578,38.12044143676758,-0.07693750411272049,-0.012754113413393497,907.086181640625,1.2423597574234009,1206.937255859375,2.4224867820739746,1120.319580078125,2.0410261154174805,1237.24609375,2.7172439098358154,1.4879359006881714,1.7199090719223022,2.4261183738708496,2.946014642715454,3.1008405685424805,3.1099023818969727,0.02157219685614109,0.04534925892949104,0.08201397210359573,0.04815351963043213,0.003569214604794979,-0.013866294175386429,18.630252838134766,3.1050422191619873,-0.01808609999716282,0.0010467716492712498,0.15766844153404236,3.1757733821868896,6465461.5
164.39999389648438,38.112667083740234,-0.07776135206222534,-0.008238504640758038,907.2107543945312,1.2482566833496094,1207.1796875,2.4252960681915283,1120.52392578125,2.046499729156494,1237.517578125,2.711834669113159,1.4900904893875122,1.7244335412979126,2.4342594146728516,2.950730323791504,3.101106882095337,3.1084563732147217,0.021518610417842865,0.04514015093445778,0.08080556988716125,0.04616169631481171,0.0017609552014619112,-0.015054183080792427,18.619077682495117,3.103179693222046,-0.019243352115154266,0.0010344733018428087,0.15581601858139038,3.176757335662842,6467465.0
164.5,38.1048698425293,-0.07794584333896637,-0.0018449209164828062,907.3358154296875,1.2540132999420166,1207.42236328125,2.4278883934020996,1120.7288818359375,2.0517632961273193,1237.7884521484375,2.706275463104248,1.4922395944595337,1.7289369106292725,2.442279577255249,2.9552478790283203,3.101194381713867,3.1068904399871826,0.021463360637426376,0.04492747411131859,0.07959605008363724,0.04419046267867088,-6.07259789831005e-06,-0.01627098023891449,18.60712432861328,3.101187229156494,-0.02062225714325905,0.0010222062701359391,0.15396831929683685,3.177745819091797,6469477.5
164.60000610351562,38.097145080566406,-0.07725167274475098,0.006941755767911673,907.4615478515625,1.2596299648284912,1207.665283203125,2.430250644683838,1120.934326171875,2.0568182468414307,1238.058837890625,2.7005183696746826,1.4943830966949463,1.7334188222885132,2.450178384780884,2.959568738937378,3.1011061668395996,3.105198383331299,0.02140606939792633,0.04471030831336975,0.0783819928765297,0.042230673134326935,-0.0017585412133485079,-0.017580928280949593,18.594215393066406,3.0990359783172607,-0.022326353937387466,0.0010099095525220037,0.15211613476276398,3.178738832473755,6471499.0
164.6999969482422,38.08957290649414,-0.0757361575961113,0.015155158936977386,907.5877685546875,1.2651069164276123,1207.9083251953125,2.432368516921997,1121.1402587890625,2.06166410446167,1238.32861328125,2.6945114135742188,1.496520757675171,1.7378787994384766,2.4579555988311768,2.963693857192993,3.100841999053955,3.103368043899536,0.02134632132947445,0.04448763281106949,0.07715968042612076,0.04027261584997177,-0.0035232342779636383,-0.01903899572789669,18.580167770385742,3.0966947078704834,-0.02434045448899269,0.0009975263383239508,0.15025094151496887,3.179736375808716,6473529.5
164.8000030517578,38.08220291137695,-0.07371238619089127,0.020237671211361885,907.7145385742188,1.2704440355300903,1208.1517333984375,2.434230327606201,1121.3466796875,2.0663001537323,1238.59765625,2.688215970993042,1.4986522197723389,1.7423161268234253,2.4656100273132324,2.967622995376587,3.10040020942688,3.1013834476470947,0.02128380350768566,0.04425870627164841,0.07592639327049255,0.0383092425763607,-0.005318234674632549,-0.020666329190135002,18.564838409423828,3.094139814376831,-0.026546690613031387,0.000985022634267807,0.14836758375167847,3.1807379722595215,6475569.0
164.89999389648438,38.075096130371094,-0.07104673981666565,0.02665647119283676,907.8418579101562,1.2756415605545044,1208.395263671875,2.4358248710632324,1121.553466796875,2.0707242488861084,1238.8662109375,2.6815943717956543,1.5007773637771606,1.7467302083969116,2.473140239715576,2.9713551998138428,3.09977650642395,3.099226951599121,0.02121821604669094,0.04402279481291771,0.07467952370643616,0.03633388504385948,-0.007159740198403597,-0.02247796393930912,18.5480899810791,3.09134840965271,-0.02900395356118679,0.0009723549010232091,0.14645951986312866,3.181743860244751,6477617.0
165.0,38.06832504272461,-0.06771868467330933,0.03328058123588562,907.9696655273438,1.280699372291565,1208.638916015625,2.437138080596924,1121.7607421875,2.0749337673187256,1239.134033203125,2.6746044158935547,1.502895712852478,1.7511203289031982,2.4805452823638916,2.974889039993286,3.098965644836426,3.096879243850708,0.021149221807718277,0.04377908632159233,0.07341613620519638,0.03433922678232193,-0.009064910002052784,-0.024492047727108,18.529767990112305,3.088294744491577,-0.031722743064165115,0.0009594784351065755,0.14452002942562103,3.182753801345825,6479673.0
165.10000610351562,38.06197738647461,-0.06349010765552521,0.04228576645255089,908.0979614257812,1.285617470741272,1208.882568359375,2.438153028488159,1121.968505859375,2.0789248943328857,1239.401123046875,2.66719388961792,1.505007028579712,1.7554856538772583,2.4878227710723877,2.978221893310547,3.0979599952697754,3.0943186283111572,0.021076392382383347,0.0435265488922596,0.07213255763053894,0.032316211611032486,-0.011054886505007744,-0.02673884481191635,18.509679794311523,3.084946632385254,-0.03480086103081703,0.0009463320020586252,0.1425398737192154,3.183767557144165,6481737.0
165.1999969482422,38.056129455566406,-0.05848104506731033,0.050090592354536057,908.226806640625,1.2903953790664673,1209.12646484375,2.4388513565063477,1122.176513671875,2.082693338394165,1239.6673583984375,2.659309148788452,1.507110834121704,1.7598252296447754,2.4949707984924316,2.9813506603240967,3.096750259399414,3.0915205478668213,0.020999295637011528,0.043264131993055344,0.07082506269216537,0.030255842953920364,-0.013149632140994072,-0.029242420569062233,18.487625122070312,3.081270933151245,-0.03819310665130615,0.0009328631567768753,0.1405111402273178,3.1847853660583496,6483809.0
165.3000030517578,38.05083084106445,-0.05296386405825615,0.05517181381583214,908.3560791015625,1.2950327396392822,1209.370361328125,2.439218044281006,1122.385009765625,2.086233139038086,1239.9329833984375,2.6509103775024414,1.509206771850586,1.764138102531433,2.5019867420196533,2.984271287918091,3.095325231552124,3.0884594917297363,0.020917605608701706,0.04299105703830719,0.06949097663164139,0.0281518567353487,-0.015360746532678604,-0.03200015053153038,18.463459014892578,3.0772430896759033,-0.041794758290052414,0.0009190390119329095,0.13842889666557312,3.1858067512512207,6485888.0
165.39999389648438,38.046138763427734,-0.04693373292684555,0.06030132994055748,908.4857788085938,1.2995288372039795,1209.6142578125,2.439239978790283,1122.59375,2.089538812637329,1240.1976318359375,2.6419641971588135,1.5112941265106201,1.7684229612350464,2.5088677406311035,2.9869790077209473,3.09367299079895,3.0851101875305176,0.020831046625971794,0.042706672102212906,0.0681280717253685,0.02599925361573696,-0.0176959577947855,-0.03500135615468025,18.43705177307129,3.0728418827056885,-0.04560844600200653,0.00090482656378299,0.13628816604614258,3.1868317127227783,6487975.0
165.5,38.0421028137207,-0.040368396788835526,0.06565333902835846,908.615966796875,1.3038828372955322,1209.858154296875,2.4389026165008545,1122.8028564453125,2.0926036834716797,1240.4613037109375,2.632436513900757,1.513372778892517,1.7726789712905884,2.515610933303833,2.989469051361084,3.091780424118042,3.081448793411255,0.02073933742940426,0.04241030663251877,0.06673410534858704,0.02379302866756916,-0.020162776112556458,-0.03823930397629738,18.408273696899414,3.0680456161499023,-0.04964062571525574,0.000890191353391856,0.13408376276493073,3.1878602504730225,6490069.0
165.60000610351562,38.03876876831055,-0.03333975374698639,0.07028645277023315,908.7465209960938,1.3080936670303345,1210.10205078125,2.438192367553711,1123.0123291015625,2.0954205989837646,1240.7239990234375,2.622296094894409,1.5154417753219604,1.776904582977295,2.5222132205963135,2.9917352199554443,3.089634656906128,3.0774521827697754,0.020642219111323357,0.04210134595632553,0.06530705094337463,0.02152884379029274,-0.022766700014472008,-0.04170454666018486,18.37700653076172,3.0628345012664795,-0.053860511630773544,0.0008751042769290507,0.13181129097938538,3.188892126083374,6492169.5
165.6999969482422,38.03615188598633,-0.026138197630643845,0.07201555371284485,908.8775634765625,1.3121600151062012,1210.3458251953125,2.4370994567871094,1123.221923828125,2.09798264503479,1240.9857177734375,2.6115262508392334,1.5175009965896606,1.78109872341156,2.5286710262298584,2.993772268295288,3.087221622467041,3.073099136352539,0.0205395445227623,0.04177945852279663,0.06384593993425369,0.019205018877983093,-0.02550584450364113,-0.045368634164333344,18.343181610107422,3.057197093963623,-0.058151889592409134,0.0008595568942837417,0.12946948409080505,3.189927339553833,6494277.0
165.8000030517578,38.03422164916992,-0.019317887723445892,0.06820310652256012,909.0089721679688,1.3160803318023682,1210.5894775390625,2.4356229305267334,1123.431884765625,2.100283145904541,1241.246337890625,2.600139617919922,1.5195494890213013,1.7852599620819092,2.5349810123443604,2.9955739974975586,3.0845284461975098,3.0683724880218506,0.020431414246559143,0.04144490510225296,0.06235197186470032,0.016825325787067413,-0.02836371213197708,-0.04916485399007797,18.306838989257812,3.0511398315429688,-0.0622958242893219,0.0008435799391008914,0.12706299126148224,3.1909656524658203,6496391.0
165.89999389648438,38.032894134521484,-0.01329239085316658,0.060254961252212524,909.1407470703125,1.3198530673980713,1210.8328857421875,2.4337708950042725,1123.6419677734375,2.10231614112854,1241.5057373046875,2.588179588317871,1.5215870141983032,1.7893872261047363,2.54114031791687,2.9971354007720947,3.081545114517212,3.0632638931274414,0.0203181654214859,0.041098546236753464,0.0608285628259182,0.014398911967873573,-0.031310152262449265,-0.05299742519855499,18.26812744140625,3.0446879863739014,-0.06612720340490341,0.0008272334234789014,0.12460082024335861,3.192006826400757,6498511.0
166.0,38.032073974609375,-0.008188243955373764,0.05104147270321846,909.27294921875,1.3234764337539673,1211.076171875,2.4315571784973145,1123.852294921875,2.1040773391723633,1241.763916015625,2.575705051422119,1.5236129760742188,1.7934792041778564,2.5471458435058594,2.9984524250030518,3.0782642364501953,3.057774782180786,0.020200271159410477,0.04074155539274216,0.05928022414445877,0.011937524192035198,-0.03430967405438423,-0.05677081644535065,18.227256774902344,3.0378761291503906,-0.06958912312984467,0.0008105859742499888,0.1220933198928833,3.1930510997772217,6500637.0
166.10000610351562,38.031673431396484,-0.0039923288859426975,0.04195914790034294,909.4054565429688,1.326948642730713,1211.3192138671875,2.428997278213501,1124.0628662109375,2.1055641174316406,1242.0208740234375,2.5627782344818115,1.5256268978118896,1.7975350618362427,2.552995443344116,2.9995219707489014,3.0746822357177734,3.051914691925049,0.020078226923942566,0.04037517309188843,0.05771171301603317,0.00945326592773199,-0.03732774406671524,-0.060407478362321854,18.1844482421875,3.0307414531707764,-0.07267698645591736,0.0007937048794701695,0.11955063045024872,3.1940982341766357,6502769.0
166.1999969482422,38.03165054321289,-0.00024191197007894516,0.0375041700899601,909.538330078125,1.3302679061889648,1211.56201171875,2.426102638244629,1124.2734375,2.1067748069763184,1242.2764892578125,2.5494439601898193,1.5276284217834473,1.8015539646148682,2.558687448501587,3.00034236907959,3.070798635482788,3.04569935798645,0.019952397793531418,0.0400003083050251,0.056126464158296585,0.006954746786504984,-0.04034123197197914,-0.06387578696012497,18.139862060546875,3.023310422897339,-0.0755588561296463,0.0007766244816593826,0.11697791516780853,3.19514799118042,6504906.0
166.3000030517578,38.031978607177734,0.0032670495565980673,0.03508961573243141,909.6715087890625,1.333432674407959,1211.804443359375,2.422879934310913,1124.484130859375,2.1077091693878174,1242.53076171875,2.5357296466827393,1.529617190361023,1.805534839630127,2.5642201900482178,3.0009124279022217,3.0666146278381348,3.0391457080841064,0.019823001697659492,0.03961751237511635,0.054526615887880325,0.004447206389158964,-0.043337382376194,-0.0671776756644249,18.093597412109375,3.015599489212036,-0.07830411195755005,0.0007593643385916948,0.11437813937664032,3.196200370788574,6507048.5
166.39999389648438,38.03264617919922,0.006694681942462921,0.0342763252556324,909.8049926757812,1.336441159248352,1212.0465087890625,2.4193332195281982,1124.6949462890625,2.1083669662475586,1242.7835693359375,2.5216522216796875,1.5315929651260376,1.8094770908355713,2.569592237472534,3.0012314319610596,3.0621321201324463,3.0322694778442383,0.019690176472067833,0.039227139204740524,0.05291353911161423,0.0019338886486366391,-0.046309489756822586,-0.07032988965511322,18.04570960998535,3.0076181888580322,-0.08097032457590103,0.000741932715754956,0.11175251752138138,3.1972551345825195,6509196.0
166.5,38.03366470336914,0.010187370702624321,0.0349268838763237,909.9387817382812,1.339292049407959,1212.288330078125,2.4154646396636963,1124.9058837890625,2.108748197555542,1243.0350341796875,2.507219076156616,1.5335551500320435,1.8133800029754639,2.5748023986816406,3.0012989044189453,3.0573534965515137,3.0250842571258545,0.01955398917198181,0.03882935643196106,0.0512879379093647,-0.000583696411922574,-0.04925587400794029,-0.0733586773276329,17.996227264404297,2.999371290206909,-0.08361122757196426,0.0007243272848427296,0.10910072922706604,3.198312282562256,6511348.0
166.60000610351562,38.03505325317383,0.013886827044188976,0.036994569003582,910.0728759765625,1.3419839143753052,1212.5296630859375,2.4112730026245117,1125.11669921875,2.1088531017303467,1243.2850341796875,2.492429494857788,1.535503625869751,1.8172427415847778,2.5798492431640625,3.0011146068573,3.052281618118286,3.0176007747650146,0.019414428621530533,0.03842416778206825,0.049649860709905624,-0.003105662763118744,-0.05217929556965828,-0.07629689574241638,17.945148468017578,2.9908580780029297,-0.08627946674823761,0.0007065357640385628,0.10642091184854507,3.199371576309204,6513504.5
166.6999969482422,38.036865234375,0.018115725368261337,0.04228898137807846,910.2072143554688,1.3445152044296265,1212.7705078125,2.4067530632019043,1125.32763671875,2.1086812019348145,1243.5335693359375,2.477266311645508,1.537437915802002,1.8210644721984863,2.5847318172454834,3.0006775856018066,3.0469179153442383,3.0098259449005127,0.01927136443555355,0.038011252880096436,0.04799821600317955,-0.005634975153952837,-0.05509010702371597,-0.07919324189424515,17.89240837097168,2.9820680618286133,-0.08909521251916885,0.0006885230541229248,0.10370776802301407,3.200432777404785,6515665.0
166.8000030517578,38.03913497924805,0.02270985022187233,0.045941248536109924,910.3417358398438,1.3468849658966064,1213.010986328125,2.4018986225128174,1125.5384521484375,2.108232021331787,1243.780517578125,2.46171236038208,1.5393576622009277,1.8248445987701416,2.5894482135772705,2.9999871253967285,3.0412635803222656,3.0017616748809814,0.019124658778309822,0.03759029135107994,0.046331871300935745,-0.008174624294042587,-0.057998087257146835,-0.08208472281694412,17.837942123413086,2.9729902744293213,-0.09199690818786621,0.0006702656392008066,0.10095777362585068,3.201496124267578,6517830.0
166.89999389648438,38.04189682006836,0.027612529695034027,0.049026791006326675,910.4765625,1.349091649055481,1213.2508544921875,2.3967056274414062,1125.749267578125,2.107504367828369,1244.02587890625,2.44575572013855,1.5412626266479492,1.8285821676254272,2.5939974784851074,2.99904203414917,3.03531813621521,2.993407726287842,0.018974214792251587,0.03716105967760086,0.044650111347436905,-0.010726517997682095,-0.06090952083468437,-0.08499099314212799,17.781705856323242,2.9636175632476807,-0.09496670216321945,0.0006517442525364459,0.0981680154800415,3.202561140060425,6519998.0
167.0,38.045196533203125,0.03297552466392517,0.05362994596362114,910.611572265625,1.3511343002319336,1213.4903564453125,2.391167640686035,1125.9599609375,2.106496572494507,1244.2696533203125,2.429379940032959,1.5431524515151978,1.832276463508606,2.5983777046203613,2.9978411197662354,3.029080867767334,2.9847612380981445,0.01881990022957325,0.03672324866056442,0.042951878160238266,-0.013293389230966568,-0.0638325959444046,-0.08793435990810394,17.723636627197266,2.953939437866211,-0.09806059300899506,0.0006329288007691503,0.09533397108316422,3.203627824783325,6522170.0
167.10000610351562,38.049068450927734,0.038719188421964645,0.05743662267923355,910.7467651367188,1.3530116081237793,1213.7291259765625,2.3852787017822266,1126.1705322265625,2.1052072048187256,1244.51171875,2.4125678539276123,1.5450265407562256,1.8359265327453613,2.6025872230529785,2.996382474899292,3.022550582885742,2.975817918777466,0.018661580979824066,0.036276545375585556,0.041236113756895065,-0.015877898782491684,-0.06677483767271042,-0.09093143790960312,17.663673400878906,2.9439456462860107,-0.10124778747558594,0.0006137950113043189,0.09245197474956512,3.2046961784362793,6524345.0
167.1999969482422,38.053558349609375,0.044929683208465576,0.062104951590299606,910.8821411132812,1.3547223806381226,1213.9674072265625,2.3790316581726074,1126.3809814453125,2.1036341190338135,1244.7520751953125,2.3953020572662354,1.546884536743164,1.839531421661377,2.606624126434326,2.9946646690368652,3.0157246589660645,2.96657133102417,0.018499113619327545,0.0358206108212471,0.03950166702270508,-0.01848290115594864,-0.06974393874406815,-0.09399713575839996,17.601747512817383,2.933624744415283,-0.10455949604511261,0.000594312499742955,0.08951745182275772,3.205765962600708,6526522.5
167.3000030517578,38.05873107910156,0.05172322690486908,0.06793545931577682,911.0177001953125,1.3562654256820679,1214.2049560546875,2.372417688369751,1126.5911865234375,2.101774215698242,1244.99072265625,2.3775582313537598,1.5487260818481445,1.843090295791626,2.6104865074157715,2.992684841156006,3.0085999965667725,2.9570140838623047,0.01833230070769787,0.035354986786842346,0.03774696961045265,-0.02111225202679634,-0.07274990528821945,-0.09715176373720169,17.537769317626953,2.922961473464966,-0.10803517699241638,0.0005744427908211946,0.086524598300457,3.2068369388580322,6528703.0
167.39999389648438,38.06464767456055,0.059158820658922195,0.07435591518878937,911.1533813476562,1.3576394319534302,1214.4417724609375,2.3654263019561768,1126.80126953125,2.0996248722076416,1245.2275390625,2.3593084812164307,1.5505508184432983,1.846601963043213,2.6141724586486816,2.990440845489502,3.0011725425720215,2.9471356868743896,0.01816091500222683,0.03487912565469742,0.03597015142440796,-0.023770462721586227,-0.07580405473709106,-0.10041694343090057,17.47163200378418,2.9119386672973633,-0.1116931289434433,0.0005541432183235884,0.08346700668334961,3.207909107208252,6530886.0
167.5,38.07139587402344,0.06749240309000015,0.08333585411310196,911.2892456054688,1.3588430881500244,1214.677978515625,2.358043909072876,1127.0111083984375,2.097182273864746,1245.462646484375,2.3405139446258545,1.5523581504821777,1.8500655889511108,2.6176795959472656,2.987929344177246,2.993436336517334,2.9369237422943115,0.017984645441174507,0.034392282366752625,0.03416861221194267,-0.02646380104124546,-0.07892192900180817,-0.10382485389709473,17.403194427490234,2.9005324840545654,-0.11562148481607437,0.0005333531880751252,0.08033554255962372,3.208982229232788,6533071.0
167.60000610351562,38.07902908325195,0.07631470263004303,0.08822298049926758,911.4251708984375,1.3598750829696655,1214.9134521484375,2.350259304046631,1127.220703125,2.0944418907165527,1245.6956787109375,2.3211474418640137,1.5541476011276245,1.8534799814224243,2.6210052967071533,2.9851465225219727,2.985384941101074,2.926363706588745,0.017803262919187546,0.033893924206495285,0.032340556383132935,-0.02919641323387623,-0.08211251348257065,-0.1073828935623169,17.33234977722168,2.8887250423431396,-0.11967062950134277,0.0005120412679389119,0.07712545990943909,3.2100563049316406,6535257.5
167.6999969482422,38.0875358581543,0.08508352935314178,0.08768825978040695,911.5612182617188,1.3607337474822998,1215.1480712890625,2.342069149017334,1127.4300537109375,2.0913991928100586,1245.9267578125,2.301210403442383,1.555918574333191,1.8568439483642578,2.6241466999053955,2.982088327407837,2.97701096534729,2.9154417514801025,0.01761677861213684,0.033384084701538086,0.030486300587654114,-0.031967125833034515,-0.08536981791257858,-0.11105314642190933,17.25909996032715,2.876516580581665,-0.12365175783634186,0.0004902143846265972,0.07383782416582108,3.2111310958862305,6537445.5
167.8000030517578,38.096885681152344,0.09347590059041977,0.08392374962568283,911.6973266601562,1.361417531967163,1215.3818359375,2.3334782123565674,1127.6390380859375,2.088050127029419,1246.1558837890625,2.280726671218872,1.5576707124710083,1.8601562976837158,2.627101421356201,2.9787516593933105,2.968308687210083,2.9041500091552734,0.017425382509827614,0.03286326304078102,0.02860782854259014,-0.034770652651786804,-0.08867707848548889,-0.11477278918027878,17.18352699279785,2.8639211654663086,-0.12745314836502075,0.00046790242777206004,0.07047711312770844,3.2122066020965576,6539635.0
167.89999389648438,38.107025146484375,0.10140977054834366,0.07933863997459412,911.83349609375,1.3619250059127808,1215.61474609375,2.324493169784546,1127.84765625,2.0843918323516846,1246.3829345703125,2.259730339050293,1.559403419494629,1.8634161949157715,2.6298673152923584,2.975133180618286,2.9592740535736084,2.892486810684204,0.017229344695806503,0.03233213350176811,0.026707813143730164,-0.03760009631514549,-0.09201403707265854,-0.11848005652427673,17.105751037597656,2.8509585857391357,-0.13104401528835297,0.0004451407876331359,0.06704867631196976,3.213282585144043,6541825.5
168.0,38.11793899536133,0.10913261771202087,0.07722850888967514,911.9696655273438,1.3622543811798096,1215.8466796875,2.315120220184326,1128.055908203125,2.0804214477539062,1246.6077880859375,2.238248586654663,1.561116337776184,1.8666223287582397,2.6324422359466553,2.9712307453155518,2.9499049186706543,2.8804550170898438,0.01702888123691082,0.03179125487804413,0.02478841133415699,-0.040449973195791245,-0.09536543488502502,-0.12213897705078125,17.02586555480957,2.837644338607788,-0.1345047652721405,0.0004219472757540643,0.06355518847703934,3.2143588066101074,6544016.5
168.10000610351562,38.12957000732422,0.11629100888967514,0.07158391177654266,912.1058959960938,1.3624041080474854,1216.0777587890625,2.305368185043335,1128.263671875,2.0761377811431885,1246.83056640625,2.2163169384002686,1.5628091096878052,1.8697741031646729,2.634824275970459,2.9670424461364746,2.9402008056640625,2.8680615425109863,0.016824282705783844,0.031241348013281822,0.022852391004562378,-0.043313365429639816,-0.09871283173561096,-0.12570859491825104,16.943998336791992,2.8239996433258057,-0.137708380818367,0.00039836452924646437,0.060003072023391724,3.215435028076172,6546208.0
168.1999969482422,38.141841888427734,0.12274476885795593,0.06453762203454971,912.2421875,1.362372636795044,1216.3077392578125,2.2952499389648438,1128.4710693359375,2.071540355682373,1247.051025390625,2.1939830780029297,1.5644811391830444,1.8728703260421753,2.637012243270874,2.9625678062438965,2.9301631450653076,2.855318069458008,0.016615934669971466,0.030683374032378197,0.020903386175632477,-0.04618135094642639,-0.10203327983617783,-0.12913993000984192,16.860321044921875,2.8100533485412598,-0.14060963690280914,0.00037444496410898864,0.056400224566459656,3.2165114879608154,6548399.5
168.3000030517578,38.154693603515625,0.12850412726402283,0.05759352445602417,912.37841796875,1.3621584177017212,1216.5367431640625,2.2847797870635986,1128.677978515625,2.066629409790039,1247.269287109375,2.1712968349456787,1.5661320686340332,1.8759104013442993,2.6390044689178467,2.957806348800659,2.9197959899902344,2.84224009513855,0.01640424132347107,0.030118338763713837,0.018945150077342987,-0.04904484748840332,-0.10530455410480499,-0.13239280879497528,16.77501106262207,2.795835256576538,-0.14321166276931763,0.0003502400650177151,0.052754394710063934,3.217587947845459,6550590.5
168.39999389648438,38.16803741455078,0.1334541141986847,0.04949985072016716,912.5145874023438,1.361760139465332,1216.7646484375,2.2739741802215576,1128.8843994140625,2.0614068508148193,1247.4853515625,2.1483118534088135,1.567761778831482,1.8788937330245972,2.640800952911377,2.952759265899658,2.909105062484741,2.8288474082946777,0.016189636662602425,0.029547326266765594,0.016981683671474457,-0.05189432203769684,-0.10850425064563751,-0.13543090224266052,16.68826675415039,2.7813777923583984,-0.14547552168369293,0.0003258092328906059,0.04907453805208206,3.2186639308929443,6552781.5
168.5,38.181800842285156,0.13762733340263367,0.0417322963476181,912.6507568359375,1.3611767292022705,1216.9915771484375,2.262850046157837,1129.0902099609375,2.055875539779663,1247.698974609375,2.125082015991211,1.569369912147522,1.881819725036621,2.6424007415771484,2.9474284648895264,2.8980987071990967,2.8151631355285645,0.015972567722201347,0.028971433639526367,0.015017008408904076,-0.05472037196159363,-0.11161135882139206,-0.1382257044315338,16.600282669067383,2.766713857650757,-0.14741414785385132,0.0003012093366123736,0.045369211584329605,3.2197396755218506,6554971.5
168.60000610351562,38.19586944580078,0.14069639146327972,0.030690472573041916,912.7868041992188,1.3604071140289307,1217.21728515625,2.2514281272888184,1129.2955322265625,2.050039291381836,1247.9102783203125,2.1016721725463867,1.5709562301635742,1.884687900543213,2.6438045501708984,2.941816568374634,2.886787176132202,2.801213026046753,0.01575355976819992,0.028391961008310318,0.013055861927568913,-0.05751194432377815,-0.11460134387016296,-0.14073951542377472,16.51129722595215,2.751882791519165,-0.14892186224460602,0.0002765202079899609,0.041650451719760895,3.2208149433135986,6557160.5
168.6999969482422,38.21014404296875,0.14271612465381622,0.020197363570332527,912.9227905273438,1.3594506978988647,1217.4417724609375,2.239731550216675,1129.500244140625,2.043903112411499,1248.1192626953125,2.0781493186950684,1.5725206136703491,1.8874980211257935,2.645012378692627,2.9359278678894043,2.8751838207244873,2.787027359008789,0.01553316880017519,0.027810275554656982,0.01110318023711443,-0.060257717967033386,-0.11744998395442963,-0.14293920993804932,16.42155647277832,2.7369260787963867,-0.15002386271953583,0.0002518176333978772,0.03792966157197952,3.2218894958496094,6559348.0
168.8000030517578,38.22454071044922,0.14396986365318298,0.012537459842860699,913.0587158203125,1.358306884765625,1217.6651611328125,2.227780342102051,1129.704345703125,2.037473678588867,1248.325927734375,2.0545692443847656,1.5740628242492676,1.8902498483657837,2.6460256576538086,2.92976713180542,2.8633034229278564,2.7726378440856934,0.01531185768544674,0.027227511629462242,0.009163004346191883,-0.06294875591993332,-0.12014070898294449,-0.14481736719608307,16.331270217895508,2.7218782901763916,-0.15081386268138885,0.0002271569101139903,0.03421517461538315,3.2229630947113037,6561534.0
168.89999389648438,38.23899841308594,0.14460758864879608,0.0063771335408091545,913.1944580078125,1.3569754362106323,1217.8873291015625,2.2155921459198,1129.90771484375,2.0307579040527344,1248.5302734375,2.0309770107269287,1.5755829811096191,1.8929435014724731,2.646845579147339,2.9233405590057373,2.8511624336242676,2.7580761909484863,0.015090000815689564,0.026644594967365265,0.007238558027893305,-0.06557832658290863,-0.12266351282596588,-0.14638422429561615,16.240604400634766,2.7067673206329346,-0.1513402760028839,0.0002025824796874076,0.030513687059283257,3.2240359783172607,6563718.0
169.0,38.253475189208984,0.14475658535957336,0.0014900969108566642,913.330078125,1.3554567098617554,1218.1082763671875,2.2031829357147217,1130.1104736328125,2.023763656616211,1248.732177734375,2.0074098110198975,1.5770808458328247,1.8955788612365723,2.6474740505218506,2.916654109954834,2.838777542114258,2.743372678756714,0.014867913909256458,0.026062292978167534,0.005332484841346741,-0.06814121454954147,-0.1250128597021103,-0.14765869081020355,16.149702072143555,2.691617012023926,-0.1516466587781906,0.000178129572304897,0.026830503717064857,3.225107431411743,6565899.5
169.10000610351562,38.26793670654297,0.14462165534496307,-0.0013492947909981012,913.465576171875,1.3537509441375732,1218.3280029296875,2.190566062927246,1130.3125,2.0164988040924072,1248.9317626953125,1.9838948249816895,1.5785565376281738,1.8981560468673706,2.6479129791259766,2.909714937210083,2.8261666297912598,2.7285549640655518,0.0146458325907588,0.02548118308186531,0.00344668491743505,-0.0706341490149498,-0.1271885335445404,-0.1486697793006897,16.058670043945312,2.6764450073242188,-0.15180076658725739,0.00015381867706310004,0.023168710991740227,3.22617769241333,6568078.5
169.1999969482422,38.28239440917969,0.14455939829349518,-0.0006227125995792449,913.600830078125,1.3518588542938232,1218.54638671875,2.177750587463379,1130.5137939453125,2.008971691131592,1249.12890625,1.9604429006576538,1.5800100564956665,1.9006751775741577,2.6481642723083496,2.9025299549102783,2.8133463859558105,2.7136473655700684,0.014423863030970097,0.02490151859819889,0.0015818687388673425,-0.07305684685707092,-0.12919820845127106,-0.14946357905864716,15.967555046081543,2.661259174346924,-0.15191566944122314,0.0001296448172070086,0.019527560099959373,3.2272465229034424,6570254.5
169.3000030517578,38.296871185302734,0.14476576447486877,0.0020637453999370337,913.7359008789062,1.3497815132141113,1218.7635498046875,2.164741277694702,1130.7142333984375,2.0011894702911377,1249.3238525390625,1.9370524883270264,1.5814412832260132,1.9031363725662231,2.6482300758361816,2.895106315612793,2.800333023071289,2.6986687183380127,0.014202006161212921,0.024323303252458572,-0.00026220467407256365,-0.07541137933731079,-0.13105536997318268,-0.15009409189224243,15.876357078552246,2.646059513092041,-0.15205152332782745,0.00010558900976320729,0.01590418815612793,3.22831392288208,6572427.5
169.39999389648438,38.311363220214844,0.14493055641651154,0.0016479003243148327,913.8707885742188,1.3475199937820435,1218.9793701171875,2.151545524597168,1130.9139404296875,1.9931598901748657,1249.516357421875,1.913727879524231,1.582850456237793,1.905539870262146,2.6481125354766846,2.8874504566192627,2.7871410846710205,2.683633804321289,0.013980315998196602,0.023746658116579056,-0.0020853006280958652,-0.07769857347011566,-0.1327691376209259,-0.1505916565656662,15.785100936889648,2.630850076675415,-0.1521153748035431,8.165431790985167e-05,0.012299061752855778,3.229379653930664,6574597.0
169.5,38.32583999633789,0.14477740228176117,-0.001531468820758164,914.0054321289062,1.3450758457183838,1219.19384765625,2.1381735801696777,1131.1129150390625,1.984890103340149,1249.70654296875,1.8904874324798584,1.5842373371124268,1.9078857898712158,2.6478137969970703,2.8795692920684814,2.773784875869751,2.668555498123169,0.013758953660726547,0.023171978071331978,-0.003886214457452297,-0.0799168199300766,-0.1343412846326828,-0.15095894038677216,15.693859100341797,2.615643262863159,-0.15203224122524261,5.786347173852846e-05,0.008715600706636906,3.230443239212036,6576762.5
169.60000610351562,38.34025955200195,0.14418932795524597,-0.005880842916667461,914.1397705078125,1.3424506187438965,1219.406982421875,2.124638795852661,1131.3109130859375,1.976387619972229,1249.8944091796875,1.8673560619354248,1.5856022834777832,1.9101743698120117,2.64733624458313,2.8714699745178223,2.7602784633636475,2.6534476280212402,0.013538138940930367,0.02259979583323002,-0.005663225892931223,-0.08206324279308319,-0.13576985895633698,-0.15118709206581116,15.602731704711914,2.6004552841186523,-0.15177424252033234,3.424743044888601e-05,0.005158469080924988,3.2315049171447754,6578924.0
169.6999969482422,38.35457992553711,0.14321453869342804,-0.009747893549501896,914.2738647460938,1.3396462202072144,1219.6187744140625,2.110954523086548,1131.5081787109375,1.9676601886749268,1250.080078125,1.8443588018417358,1.5869450569152832,1.9124058485031128,2.6466822624206543,2.863159656524658,2.7466366291046143,2.638324022293091,0.013318088836967945,0.02203063666820526,-0.007414669264107943,-0.08413513004779816,-0.13705331087112427,-0.15127034485340118,15.511815071105957,2.5853025913238525,-0.15136049687862396,1.0833605301741045e-05,0.00163179577793926,3.232564687728882,6581081.5
169.8000030517578,38.36882400512695,0.1424257755279541,-0.007887539453804493,914.40771484375,1.3366644382476807,1219.8291015625,2.097127914428711,1131.7044677734375,1.958715558052063,1250.2633056640625,1.821500539779663,1.5882658958435059,1.9145805835723877,2.6458542346954346,2.8546457290649414,2.7328732013702393,2.6231982707977295,0.013098860159516335,0.0214646328240633,-0.009140320122241974,-0.08613339066505432,-0.13819991052150726,-0.15123425424098969,15.421136856079102,2.5701894760131836,-0.1509624421596527,-1.239152334164828e-05,-0.0018664550734683871,3.233621835708618,6583234.0
169.89999389648438,38.38304901123047,0.14223793148994446,-0.0018785237334668636,914.5411987304688,1.333507776260376,1220.0382080078125,2.083160400390625,1131.89990234375,1.9495611190795898,1250.4443359375,1.7987642288208008,1.5895648002624512,1.916698932647705,2.64485502243042,2.845935583114624,2.719001293182373,2.608079671859741,0.012880331836640835,0.020901480689644814,-0.01084157731384039,-0.08806292712688446,-0.1392282247543335,-0.15113140642642975,15.330641746520996,2.5551068782806396,-0.15069584548473358,-3.547108644852415e-05,-0.0053427801467478275,3.2346768379211426,6585381.5
170.0,38.397335052490234,0.14285360276699066,0.0061567542143166065,914.6743774414062,1.3301783800125122,1220.2457275390625,2.0690481662750244,1132.0943603515625,1.9402034282684326,1250.623046875,1.7761200666427612,1.5908420085906982,1.9187610149383545,2.6436870098114014,2.837035655975342,2.705031394958496,2.5929722785949707,0.012662280350923538,0.02034062333405018,-0.012520737946033478,-0.08993076533079147,-0.14016151428222656,-0.15102015435695648,15.240230560302734,2.5400383472442627,-0.1506163775920868,-5.846262502018362e-05,-0.00880584679543972,3.235729217529297,6587524.0
170.10000610351562,38.411773681640625,0.1443895399570465,0.015359320677816868,914.8072509765625,1.3266786336898804,1220.4520263671875,2.054786205291748,1132.2879638671875,1.9306477308273315,1250.799560546875,1.7535319328308105,1.592097282409668,1.920767068862915,2.6423516273498535,2.827951669692993,2.690971612930298,2.577873706817627,0.012444427236914635,0.01978137344121933,-0.014180565252900124,-0.09174495935440063,-0.14102444052696228,-0.15095438063144684,15.14977741241455,2.524962902069092,-0.1507568061351776,-8.143192826537415e-05,-0.012265564873814583,3.236778736114502,6589661.0
170.1999969482422,38.42643737792969,0.1466347873210907,0.022452576085925102,914.9397583007812,1.323011040687561,1220.65673828125,2.0403690338134766,1132.48046875,1.9208987951278687,1250.9737548828125,1.7309684753417969,1.5933308601379395,1.9227173328399658,2.6408514976501465,2.81868839263916,2.676828384399414,2.5627779960632324,0.012226534076035023,0.019223138689994812,-0.015823446214199066,-0.09351246058940887,-0.14183735847473145,-0.15096725523471832,15.059175491333008,2.5098626613616943,-0.1510562300682068,-0.00010442962957313284,-0.01572955958545208,3.237825632095337,6591792.0
170.3000030517578,38.441375732421875,0.14940521121025085,0.02770422026515007,915.0718383789062,1.3191782236099243,1220.8599853515625,2.02579402923584,1132.672119140625,1.9109601974487305,1251.145751953125,1.7084075212478638,1.5945426225662231,1.9246116876602173,2.6391875743865967,2.809250593185425,2.6626055240631104,2.5476763248443604,0.012008430436253548,0.018665501847863197,-0.017451107501983643,-0.09523843973875046,-0.14261466264724731,-0.15107062458992004,14.968348503112793,2.494724750518799,-0.15146604180335999,-0.00012749314191751182,-0.019203465431928635,3.2388694286346436,6593917.0
170.39999389648438,38.456626892089844,0.1525011658668518,0.030959490686655045,915.2035522460938,1.3151825666427612,1221.0618896484375,2.011060953140259,1132.8626708984375,1.900835394859314,1251.3154296875,1.6858352422714233,1.595732569694519,1.9264503717422485,2.637361764907837,2.799642324447632,2.648306369781494,2.532560110092163,0.011790018528699875,0.018108217045664787,-0.019064629450440407,-0.09692636132240295,-0.14336533844470978,-0.15126043558120728,14.877251625061035,2.4795420169830322,-0.15193228423595428,-0.00015064554463606328,-0.02269076369702816,3.239910125732422,6596036.0
170.5,38.47221374511719,0.15588369965553284,0.03382539749145508,915.3348999023438,1.3110264539718628,1221.26220703125,1.9961698055267334,1133.05224609375,1.8905272483825684,1251.48291015625,1.6632421016693115,1.5969005823135376,1.9282333850860596,2.6353752613067627,2.7898666858673096,2.6339330673217773,2.517420768737793,0.011571228504180908,0.01755111664533615,-0.020664792507886887,-0.09857888519763947,-0.14409568905830383,-0.1515277773141861,14.78585433959961,2.464308977127075,-0.15244613587856293,-0.0001739071449264884,-0.026194507256150246,3.240947723388672,6598148.0
170.60000610351562,38.48812484741211,0.1591055989265442,0.03221897780895233,915.4657592773438,1.3067123889923096,1221.4610595703125,1.981124997138977,1133.24072265625,1.880038857460022,1251.6480712890625,1.6406327486038208,1.5980467796325684,1.9299606084823608,2.6332292556762695,2.7799277305603027,2.619488000869751,2.5022521018981934,0.011352107860147953,0.016994310542941093,-0.022251354530453682,-0.10019605606794357,-0.14480458199977875,-0.15184462070465088,14.69417667388916,2.4490294456481934,-0.15288373827934265,-0.0001972662576008588,-0.029712941497564316,3.2419817447662354,6600253.5
170.6999969482422,38.50434112548828,0.16214054822921753,0.030349494889378548,915.59619140625,1.3022428750991821,1221.658447265625,1.9659329652786255,1133.42822265625,1.8693732023239136,1251.81103515625,1.618018627166748,1.5991710424423218,1.9316322803497314,2.630925416946411,2.769829034805298,2.604973077774048,2.487050771713257,0.011132759042084217,0.016438046470284462,-0.023823555558919907,-0.10177663713693619,-0.14548753201961517,-0.15217958390712738,14.602263450622559,2.4337105751037598,-0.15324421226978302,-0.00022070937848184258,-0.03324402496218681,3.2430124282836914,6602352.0
170.8000030517578,38.520843505859375,0.16503873467445374,0.02898179367184639,915.7261962890625,1.2976200580596924,1221.854248046875,1.9505997896194458,1133.6146240234375,1.8585337400436401,1251.9716796875,1.595409870147705,1.6002732515335083,1.9332482814788818,2.628465175628662,2.7595739364624023,2.5903916358947754,2.471816062927246,0.010913271456956863,0.015882546082139015,-0.025380749255418777,-0.1033196896314621,-0.14614108204841614,-0.15251119434833527,14.510157585144043,2.4183597564697266,-0.15354064106941223,-0.00024422662681899965,-0.0367862731218338,3.244039535522461,6604443.0
170.89999389648438,38.5375862121582,0.1674230992794037,0.023843731731176376,915.855712890625,1.292846441268921,1222.048583984375,1.9351348876953125,1133.7999267578125,1.8475240468978882,1252.130126953125,1.5728269815444946,1.601353645324707,1.9348088502883911,2.625849962234497,2.74916672706604,2.5757462978363037,2.456549882888794,0.010693822987377644,0.015328236855566502,-0.02692154236137867,-0.10482241958379745,-0.14675694704055786,-0.15280738472938538,14.417937278747559,2.402989625930786,-0.15367110073566437,-0.00026778114261105657,-0.04033414274454117,3.245063066482544,6606526.5
171.0,38.55451202392578,0.16927531361579895,0.018522024154663086,915.9847412109375,1.2879244089126587,1222.2413330078125,1.9195492267608643,1133.984130859375,1.8363484144210815,1252.2862548828125,1.5502959489822388,1.6024121046066284,1.9363139867782593,2.623081684112549,2.7386112213134766,2.561042070388794,2.4412572383880615,0.010474630631506443,0.014775651507079601,-0.02844415418803692,-0.10628112405538559,-0.14732477068901062,-0.15303602814674377,14.325700759887695,2.3876166343688965,-0.15363743901252747,-0.0002913349599111825,-0.04388189688324928,3.2460825443267822,6608602.0
171.10000610351562,38.57157516479492,0.17061886191368103,0.013435558415949345,916.11328125,1.2828563451766968,1222.4324951171875,1.9038538932800293,1134.167236328125,1.8250112533569336,1252.440185546875,1.5278416872024536,1.6034486293792725,1.937764048576355,2.620162010192871,2.727912187576294,2.546283721923828,2.425945997238159,0.010255906730890274,0.014225305989384651,-0.029946893453598022,-0.10769235342741013,-0.14783549308776855,-0.15317432582378387,14.233543395996094,2.3722572326660156,-0.15344694256782532,-0.00031485172803513706,-0.0474240817129612,3.247098207473755,6610670.0
171.1999969482422,38.5887336730957,0.17159637808799744,0.009775221347808838,916.2413330078125,1.2776447534561157,1222.6220703125,1.8880590200424194,1134.34912109375,1.8135178089141846,1252.591796875,1.5054844617843628,1.6044632196426392,1.9391591548919678,2.617093086242676,2.7170746326446533,2.531477451324463,2.410626173019409,0.010037826374173164,0.013677622191607952,-0.031428419053554535,-0.10905361920595169,-0.14828307926654816,-0.15321218967437744,14.141544342041016,2.356924057006836,-0.1531381905078888,-0.0003383055445738137,-0.05095677450299263,3.248109817504883,6612729.0
171.3000030517578,38.6059684753418,0.17234647274017334,0.007500858977437019,916.3688354492188,1.2722922563552856,1222.81005859375,1.8721728324890137,1134.5299072265625,1.8018733263015747,1252.7413330078125,1.4832382202148438,1.6054562330245972,1.9404996633529663,2.613877058029175,2.706103563308716,2.516629695892334,2.3953075408935547,0.009820515289902687,0.013132900930941105,-0.03288784250617027,-0.11036357283592224,-0.1486649364233017,-0.15315106511116028,14.049760818481445,2.3416266441345215,-0.1527467668056488,-0.0003616804024204612,-0.05447757989168167,3.249117136001587,6614780.0
171.39999389648438,38.623260498046875,0.17290377616882324,0.005573118571192026,916.4957885742188,1.266801118850708,1222.9964599609375,1.8562030792236328,1134.70947265625,1.7900832891464233,1252.8885498046875,1.4611144065856934,1.6064274311065674,1.9417858123779297,2.610516309738159,2.6950039863586426,2.501746892929077,2.3799996376037598,0.009604074992239475,0.012591385282576084,-0.03432450816035271,-0.1116214469075203,-0.14898015558719635,-0.1529964655637741,13.95823860168457,2.3263731002807617,-0.15228158235549927,-0.000384962884709239,-0.05798446759581566,3.250120162963867,6616822.5
171.5,38.64059829711914,0.17337645590305328,0.004726777318865061,916.6221923828125,1.2611743211746216,1223.1812744140625,1.8401563167572021,1134.887939453125,1.7781530618667603,1253.0335693359375,1.4391201734542847,1.607377052307129,1.9430180788040161,2.60701322555542,2.683781385421753,2.4868361949920654,2.3647115230560303,0.009388578124344349,0.012053243815898895,-0.035738032311201096,-0.11282716691493988,-0.14922970533370972,-0.15275809168815613,13.867011070251465,2.3111684322357178,-0.15177179872989655,-0.00040814734529703856,-0.06147659197449684,3.2511188983917236,6618855.5
171.60000610351562,38.657936096191406,0.17338429391384125,7.826580258551985e-05,916.7479858398438,1.255414366722107,1223.364501953125,1.8240416049957275,1135.065185546875,1.7660883665084839,1253.1763916015625,1.4172717332839966,1.6083052158355713,1.9441967010498047,2.60336971282959,2.672440767288208,2.4719038009643555,2.3494515419006348,0.009174165315926075,0.011518818326294422,-0.03712739422917366,-0.11397906392812729,-0.14941012859344482,-0.15242967009544373,13.776142120361328,2.2960238456726074,-0.15112192928791046,-0.0004312008968554437,-0.06494899839162827,3.252113103866577,6620879.5
171.6999969482422,38.67521667480469,0.17280860245227814,-0.005756846163421869,916.873291015625,1.2495241165161133,1223.546142578125,1.8078705072402954,1135.2410888671875,1.7538949251174927,1253.3170166015625,1.3955929279327393,1.6092119216918945,1.945322036743164,2.599588632583618,2.6609878540039062,2.4569571018218994,2.3342297077178955,0.008961042389273643,0.010988599620759487,-0.038491036742925644,-0.11507414281368256,-0.14951448142528534,-0.15199516713619232,13.685725212097168,2.280954360961914,-0.15031082928180695,-0.0004540822410490364,-0.0683954730629921,3.2531027793884277,6622894.5
171.8000030517578,38.6923828125,0.17166584730148315,-0.011427592486143112,916.9979248046875,1.2435063123703003,1223.72607421875,1.7916550636291504,1135.4158935546875,1.7415789365768433,1253.4554443359375,1.374107837677002,1.6100974082946777,1.9463945627212524,2.595672607421875,2.649428367614746,2.4420042037963867,2.3190574645996094,0.008749415166676044,0.010463085025548935,-0.039827387779951096,-0.1161094456911087,-0.14953626692295074,-0.15144218504428864,13.595853805541992,2.2659757137298584,-0.1493465006351471,-0.0004767512727994472,-0.07180996239185333,3.2540876865386963,6624899.5
171.89999389648438,38.7093620300293,0.16977210342884064,-0.01893734000623226,917.1219482421875,1.2373638153076172,1223.9044189453125,1.7754086256027222,1135.5894775390625,1.72914719581604,1253.591796875,1.3528443574905396,1.6109619140625,1.9474148750305176,2.5916242599487305,2.637768507003784,2.427053689956665,2.3039469718933105,0.008539523929357529,0.009942852891981602,-0.04113460332155228,-0.11708133667707443,-0.1494673788547516,-0.1507548689842224,13.506636619567871,2.251106023788452,-0.14818614721298218,-0.0004991547903046012,-0.07518445700407028,3.255067825317383,6626895.0
172.0,38.726097106933594,0.16734658181667328,-0.02425524592399597,917.245361328125,1.2310998439788818,1224.0811767578125,1.7591434717178345,1135.76171875,1.716606616973877,1253.72607421875,1.3318266868591309,1.6118054389953613,1.9483833312988281,2.587446928024292,2.6260147094726562,2.4121146202087402,2.288912296295166,0.00833157543092966,0.009428397752344608,-0.042411137372255325,-0.11798702925443649,-0.1493024379014969,-0.1499277800321579,13.418168067932129,2.236361265182495,-0.14688903093338013,-0.000521255424246192,-0.07851333171129227,3.256042957305908,6628880.0
172.10000610351562,38.74253845214844,0.16443148255348206,-0.029150981456041336,917.3681640625,1.2247172594070435,1224.25634765625,1.7428711652755737,1135.9327392578125,1.7039645910263062,1253.858154296875,1.3110740184783936,1.6126282215118408,1.949300765991211,2.583143472671509,2.614173650741577,2.3971970081329346,2.2739670276641846,0.00812574103474617,0.008920129388570786,-0.043655797839164734,-0.11882459372282028,-0.1490386426448822,-0.14896319806575775,13.330526351928711,2.221754312515259,-0.14546464383602142,-0.000543018861208111,-0.08179141581058502,3.2570130825042725,6630855.5
172.1999969482422,38.75864791870117,0.16110587120056152,-0.03325608745217323,917.4902954101562,1.2182193994522095,1224.4298095703125,1.7266020774841309,1136.1025390625,1.6912285089492798,1253.98828125,1.2906031608581543,1.6134306192398071,1.9501676559448242,2.578716993331909,2.60225248336792,2.3823108673095703,2.259125232696533,0.007922169752418995,0.008418397977948189,-0.04486760497093201,-0.11959268897771835,-0.14867481589317322,-0.14786721765995026,13.243779182434082,2.207296371459961,-0.14393451809883118,-0.0005644166376441717,-0.08501441776752472,3.2579782009124756,6632820.0
172.3000030517578,38.77442169189453,0.1577412188053131,-0.033646535128355026,917.61181640625,1.2116096019744873,1224.6015625,1.710343837738037,1136.27099609375,1.67840576171875,1254.1163330078125,1.2704193592071533,1.6142127513885498,1.9509847164154053,2.5741710662841797,2.5902578830718994,2.3674659729003906,2.244398355484009,0.007720920257270336,0.00792333297431469,-0.04604639485478401,-0.12029200047254562,-0.14821532368659973,-0.14666122198104858,13.157954216003418,2.1929924488067627,-0.14238835871219635,-0.0005854469491168857,-0.08818208426237106,3.2589380741119385,6634774.5
172.39999389648438,38.78986740112305,0.15445749461650848,-0.03283727169036865,917.732666015625,1.204891324043274,1224.7718505859375,1.694101333618164,1136.438232421875,1.6655036211013794,1254.2423095703125,1.2505207061767578,1.6149749755859375,1.9517525434494019,2.5695090293884277,2.5781967639923096,2.3526713848114014,2.2297964096069336,0.007521988824009895,0.007434912491589785,-0.047192562371492386,-0.12092457711696625,-0.1476679891347885,-0.1453726887702942,13.073053359985352,2.178842067718506,-0.14085114002227783,-0.0006061167223379016,-0.09129544347524643,3.2598929405212402,6636718.0
172.5,38.80501174926758,0.15141913294792175,-0.03038361854851246,917.852783203125,1.1980677843093872,1224.9404296875,1.6778781414031982,1136.6041259765625,1.6525291204452515,1254.366455078125,1.2308992147445679,1.6157172918319702,1.9524719715118408,2.5647339820861816,2.566075563430786,2.33793568611145,2.2153263092041016,0.007325326558202505,0.006953003350645304,-0.048306915909051895,-0.12149345129728317,-0.14704279601573944,-0.1440308392047882,12.989053726196289,2.164842128753662,-0.1393619328737259,-0.0006264448165893555,-0.09435732662677765,3.2608420848846436,6638650.5
172.60000610351562,38.81991195678711,0.14900816977024078,-0.02410968579351902,917.9722290039062,1.1911426782608032,1225.107421875,1.6616735458374023,1136.7686767578125,1.6394883394241333,1254.488525390625,1.2115353345870972,1.6164400577545166,1.9531434774398804,2.5598487854003906,2.5539004802703857,2.323265552520752,2.200990915298462,0.007130790036171675,0.006477237679064274,-0.04939110949635506,-0.12200367450714111,-0.14635471999645233,-0.142675518989563,12.905892372131348,2.150982141494751,-0.1380082666873932,-0.0006464773905463517,-0.09737470746040344,3.2617859840393066,6640572.5
172.6999969482422,38.83463668823242,0.14725008606910706,-0.017580784857273102,918.0910034179688,1.1841195821762085,1225.2728271484375,1.6454854011535645,1136.9320068359375,1.6263870000839233,1254.6087646484375,1.192404866218567,1.6171435117721558,1.9537676572799683,2.554856777191162,2.5416769981384277,2.308666467666626,2.1867902278900146,0.006938195321708918,0.0060071516782045364,-0.05044713243842125,-0.12246104329824448,-0.1456199288368225,-0.1413438767194748,12.82348918914795,2.1372480392456055,-0.13679136335849762,-0.0006662625819444656,-0.10035482048988342,3.2627243995666504,6642482.5
172.8000030517578,38.8492431640625,0.14606748521327972,-0.011825993657112122,918.2090454101562,1.177001953125,1225.4365234375,1.6293115615844727,1137.093994140625,1.6132301092147827,1254.72705078125,1.173485279083252,1.6178277730941772,1.9543451070785522,2.549760580062866,2.5294101238250732,2.294142723083496,2.172720432281494,0.0067473724484443665,0.005542317405343056,-0.05147682875394821,-0.12287087738513947,-0.14485245943069458,-0.14006111025810242,12.741766929626465,2.1236279010772705,-0.13569442927837372,-0.0006858428241685033,-0.10330406576395035,3.2636570930480957,6644382.0
172.89999389648438,38.863807678222656,0.14564688503742218,-0.0042060068808496,918.326416015625,1.1697933673858643,1225.5986328125,1.6131483316421509,1137.254638671875,1.6000217199325562,1254.843505859375,1.1547507047653198,1.6184930801391602,1.9548763036727905,2.544562339782715,2.517104387283325,2.2796967029571533,2.1587750911712646,0.006558120716363192,0.005082232411950827,-0.05248229578137398,-0.12323901802301407,-0.14406704902648926,-0.13885216414928436,12.660637855529785,2.1101062297821045,-0.13476087152957916,-0.0007052738801576197,-0.10623084008693695,3.2645843029022217,6646269.5
173.0,38.87841796875,0.1461145132780075,0.004676209297031164,918.4429931640625,1.1624972820281982,1225.7591552734375,1.5969901084899902,1137.4139404296875,1.5867655277252197,1254.9580078125,1.1361699104309082,1.6191394329071045,1.9553617238998413,2.5392649173736572,2.504763603210449,2.265329360961914,2.1449458599090576,0.006370199378579855,0.004626293200999498,-0.053465984761714935,-0.12357207387685776,-0.14327983558177948,-0.13774344325065613,12.579994201660156,2.096665620803833,-0.13401557505130768,-0.0007246206514537334,-0.1091449186205864,3.265505790710449,6648145.0
173.10000610351562,38.8931770324707,0.14758603274822235,0.014715231023728848,918.5588989257812,1.1551170349121094,1225.9180908203125,1.5808296203613281,1137.572021484375,1.573464274406433,1255.0706787109375,1.1177082061767578,1.619767189025879,1.9558016061782837,2.533869981765747,2.4923911094665527,2.25104022026062,2.131221294403076,0.006183335091918707,0.004173822235316038,-0.05443060025572777,-0.12387715280056,-0.14250752329826355,-0.1367606669664383,12.499712944030762,2.0832855701446533,-0.13348165154457092,-0.0007439562468789518,-0.11205732077360153,3.266421318054199,6650009.0
173.1999969482422,38.908180236816406,0.15001077950000763,0.024247491732239723,918.674072265625,1.1476558446884155,1226.0753173828125,1.5646591186523438,1137.7286376953125,1.560119867324829,1255.1815185546875,1.099331259727478,1.6203762292861938,1.9561965465545654,2.528379440307617,2.4799890518188477,2.2368266582489014,2.1175878047943115,0.005997257772833109,0.0037241477984935045,-0.05537879094481468,-0.12416111677885056,-0.14176534116268158,-0.13592268526554108,12.419673919677734,2.069945812225342,-0.1331450194120407,-0.0007633501081727445,-0.11497848480939865,3.267331123352051,6651861.5
173.3000030517578,38.92347717285156,0.1529971957206726,0.029864193871617317,918.7884521484375,1.140116810798645,1226.23095703125,1.548473596572876,1137.884033203125,1.5467333793640137,1255.29052734375,1.0810153484344482,1.6209666728973389,1.9565465450286865,2.522794723510742,2.467559576034546,2.2226853370666504,2.1040308475494385,0.005811779294162989,0.003276804694905877,-0.0563124343752861,-0.12442876398563385,-0.1410621702671051,-0.1352279782295227,12.33979320526123,2.0566322803497314,-0.13291960954666138,-0.0007828432135283947,-0.1179146096110344,3.268234968185425,6653701.5
173.39999389648438,38.939125061035156,0.15647095441818237,0.03473757952451706,918.9020385742188,1.1325031518936157,1226.385009765625,1.5322692394256592,1138.0379638671875,1.5333061218261719,1255.397705078125,1.0627427101135254,1.621538519859314,1.9568519592285156,2.517117500305176,2.455103874206543,2.2086124420166016,2.090536594390869,0.005626761820167303,0.0028314469382166862,-0.057232942432165146,-0.12468364834785461,-0.14040328562259674,-0.1346665620803833,12.260008811950684,2.043334722518921,-0.1327933967113495,-0.0008024711860343814,-0.12087104469537735,3.269132614135742,6655529.0
173.5,38.955142974853516,0.16015243530273438,0.036814723163843155,919.0149536132812,1.1248174905776978,1226.5374755859375,1.5160443782806396,1138.190673828125,1.5198383331298828,1255.5030517578125,1.0445033311843872,1.6220920085906982,1.9571129083633423,2.5113487243652344,2.4426231384277344,2.1946029663085938,2.0770926475524902,0.005442126654088497,0.002387877320870757,-0.058141179382801056,-0.12492790073156357,-0.13978978991508484,-0.13421963155269623,12.18028450012207,2.0300474166870117,-0.13270512223243713,-0.0008222495089285076,-0.12385012209415436,3.270024538040161,6657344.5
173.60000610351562,38.971534729003906,0.16394712030887604,0.03794693946838379,919.1270141601562,1.1170625686645508,1226.688232421875,1.4997986555099487,1138.342041015625,1.506330966949463,1255.606689453125,1.0262922048568726,1.6226270198822021,1.9573296308517456,2.5054895877838135,2.4301185607910156,2.180652618408203,2.0636885166168213,0.005257837474346161,0.0019460038747638464,-0.05903760716319084,-0.12516261637210846,-0.13922014832496643,-0.13386520743370056,12.100605964660645,2.016767740249634,-0.13263702392578125,-0.0008421866223216057,-0.1268531233072281,3.2709102630615234,6659148.0
173.6999969482422,38.98834991455078,0.16815046966075897,0.04203345626592636,919.2383422851562,1.1092408895492554,1226.83740234375,1.483530044555664,1138.491943359375,1.4927843809127808,1255.7083740234375,1.0080989599227905,1.6231435537338257,1.9575022459030151,2.4995415210723877,2.417590856552124,2.1667568683624268,2.0503158569335938,0.005073812790215015,0.0015056198462843895,-0.05992310494184494,-0.1253899335861206,-0.13869580626487732,-0.1335957646369934,12.020936012268066,2.0034892559051514,-0.13265059888362885,-0.0008623125031590462,-0.12988455593585968,3.27178955078125,6660938.5
173.8000030517578,39.005653381347656,0.173027902841568,0.04877438768744469,919.348876953125,1.1013550758361816,1226.98486328125,1.467233419418335,1138.6405029296875,1.479198932647705,1255.8082275390625,0.9899044036865234,1.6236417293548584,1.9576307535171509,2.4935054779052734,2.405040740966797,2.1529111862182617,2.0369653701782227,0.0048898993991315365,0.001066346187144518,-0.06079917773604393,-0.12561346590518951,-0.13822241127490997,-0.13341879844665527,11.941205024719238,1.9902008771896362,-0.1327948123216629,-0.0008826762204989791,-0.13295181095600128,3.272662878036499,6662716.5
173.89999389648438,39.02350997924805,0.1785775125026703,0.05549605190753937,919.4586181640625,1.0934072732925415,1227.130859375,1.4509034156799316,1138.7877197265625,1.4655745029449463,1255.9063720703125,0.9716873168945312,1.6241215467453003,1.9577155113220215,2.487381935119629,2.392467975616455,2.1391100883483887,2.023627519607544,0.004705927800387144,0.0006277654320001602,-0.061667464673519135,-0.12583711743354797,-0.13780613243579865,-0.13334277272224426,11.86133861541748,1.976889729499817,-0.13306356966495514,-0.0009033267269842327,-0.13606224954128265,3.2735300064086914,6664481.5
174.0,39.04198455810547,0.18472672998905182,0.06149214506149292,919.5675659179688,1.0853996276855469,1227.275146484375,1.4345343112945557,1138.93359375,1.4519104957580566,1256.0025634765625,0.9534288644790649,1.6245828866958618,1.9577562808990479,2.4811720848083496,2.379873037338257,2.125347375869751,2.0102920532226562,0.004521747585386038,0.00018950468802358955,-0.06252941489219666,-0.126064270734787,-0.13745155930519104,-0.1333707571029663,11.781267166137695,1.963544487953186,-0.1334400773048401,-0.0009243076201528311,-0.13922247290611267,3.274390697479248,6666234.0
174.10000610351562,39.06111145019531,0.1912613809108734,0.06534653156995773,919.6756591796875,1.0773341655731201,1227.417724609375,1.4181222915649414,1139.078125,1.4382063150405884,1256.0970458984375,0.9351162910461426,1.6250258684158325,1.9577534198760986,2.4748764038085938,2.3672549724578857,2.111617088317871,1.9969488382339478,0.004337254911661148,-0.00024869164917618036,-0.06338603794574738,-0.12629713118076324,-0.13715997338294983,-0.13349607586860657,11.700944900512695,1.9501574039459229,-0.13387949764728546,-0.0009456470725126565,-0.1424366980791092,3.275245189666748,6667973.5
174.1999969482422,39.08089065551758,0.1978054940700531,0.0654410570859909,919.7830200195312,1.0692126750946045,1227.5587158203125,1.4016666412353516,1139.2213134765625,1.4244611263275146,1256.1895751953125,0.916747510433197,1.6254503726959229,1.9577065706253052,2.4684951305389404,2.3546133041381836,2.0979127883911133,1.9835892915725708,0.004152433015406132,-0.0006868660566397011,-0.0642375648021698,-0.12653592228889465,-0.1369272768497467,-0.1336975246667862,11.620363235473633,1.9367271661758423,-0.1343068927526474,-0.0009673460735939443,-0.14570507407188416,3.2760932445526123,6669700.0
174.3000030517578,39.10129928588867,0.20407235622406006,0.06266871839761734,919.8895263671875,1.0610369443893433,1227.6981201171875,1.385169267654419,1139.363037109375,1.4106744527816772,1256.2803955078125,0.898330569267273,1.6258563995361328,1.9576159715652466,2.462028980255127,2.341947555541992,2.0842294692993164,1.9702070951461792,0.00396734569221735,-0.0011248624650761485,-0.06508346647024155,-0.12677901983261108,-0.13674478232860565,-0.13394412398338318,11.539551734924316,1.9232585430145264,-0.1346684843301773,-0.0009893847163766623,-0.1490246057510376,3.276934862136841,6671413.5
174.39999389648438,39.122314453125,0.210166335105896,0.06093978509306908,919.9952392578125,1.0528085231781006,1227.835693359375,1.3686326742172241,1139.50341796875,1.396845817565918,1256.3692626953125,0.8798736333847046,1.6262438297271729,1.9574816226959229,2.4554786682128906,2.3292572498321533,2.0705621242523193,1.956799030303955,0.003782060230150819,-0.0015625181840732694,-0.06592322140932083,-0.1270248293876648,-0.13660432398319244,-0.13421227037906647,11.458539009094238,1.9097565412521362,-0.13498732447624207,-0.0010117506608366966,-0.15239346027374268,3.2777698040008545,6673113.5
174.5,39.143924713134766,0.21609580516815186,0.05929461121559143,920.10009765625,1.044528841972351,1227.9718017578125,1.3520587682724,1139.6424560546875,1.3829752206802368,1256.456298828125,0.8613840341567993,1.6266127824783325,1.957303524017334,2.4488446712493896,2.316542387008667,2.0569071769714355,1.943363904953003,0.0035966348368674517,-0.001999692525714636,-0.06675637513399124,-0.12727196514606476,-0.13649894297122955,-0.13448578119277954,11.37735366821289,1.8962255716323853,-0.13526202738285065,-0.0010344325564801693,-0.15580987930297852,3.2785985469818115,6674800.5
174.60000610351562,39.166114807128906,0.22191780805587769,0.058220066130161285,920.2041015625,1.0361993312835693,1228.106201171875,1.3354496955871582,1139.780029296875,1.3690630197525024,1256.5416259765625,0.8428677320480347,1.6269631385803223,1.95708167552948,2.4421274662017822,2.303802967071533,2.0432610511779785,1.9299015998840332,0.003411118872463703,-0.002436265582218766,-0.06758257001638412,-0.12751927971839905,-0.1364227831363678,-0.13475416600704193,11.296014785766602,1.88266921043396,-0.1355029046535492,-0.0010574227198958397,-0.15927274525165558,3.2794206142425537,6676474.0
174.6999969482422,39.188907623291016,0.22793370485305786,0.060159068554639816,920.3073120117188,1.02782142162323,1228.2388916015625,1.3188050985336304,1139.916259765625,1.355109453201294,1256.6248779296875,0.8243240118026733,1.6272950172424316,1.95681631565094,2.435328245162964,2.2910385131835938,2.0296213626861572,1.9164127111434937,0.0032255067490041256,-0.002872253768146038,-0.06840194016695023,-0.1277669072151184,-0.13637380301952362,-0.1350199282169342,11.214522361755371,1.8690871000289917,-0.1357663869857788,-0.001080735819414258,-0.16278424859046936,3.280236005783081,6678134.0
174.8000030517578,39.21231460571289,0.234054297208786,0.06120588257908821,920.40966796875,1.0193963050842285,1228.369873046875,1.3021249771118164,1140.051025390625,1.3411145210266113,1256.7064208984375,0.8057515621185303,1.6276081800460815,1.9565073251724243,2.4284474849700928,2.278249502182007,2.0159850120544434,1.9028971195220947,0.0030397886876016855,-0.0033076838590204716,-0.06921465694904327,-0.12801505625247955,-0.13635042309761047,-0.13528557121753693,11.1328706741333,1.8554784059524536,-0.13603027164936066,-0.0011043798876926303,-0.16634559631347656,3.2810447216033936,6679780.5
174.89999389648438,39.23633575439453,0.24019791185855865,0.061436086893081665,920.51123046875,1.010925054550171,1228.499267578125,1.285409688949585,1140.1844482421875,1.327078938484192,1256.7861328125,0.7871517539024353,1.627902865409851,1.956154704093933,2.421485662460327,2.2654354572296143,2.002350091934204,1.889355182647705,0.0028539765626192093,-0.0037425276823341846,-0.07002068310976028,-0.1282634437084198,-0.13634981215000153,-0.13554877042770386,11.051065444946289,1.8418442010879517,-0.1362801045179367,-0.0011283570202067494,-0.16995711624622345,3.281846761703491,6681413.5
175.0,39.26100158691406,0.2466699182987213,0.06472015380859375,920.6118774414062,1.0024089813232422,1228.626953125,1.2686583995819092,1140.31640625,1.313002586364746,1256.8638916015625,0.7685205340385437,1.6281790733337402,1.955758810043335,2.4144434928894043,2.252596616744995,1.9887140989303589,1.8757866621017456,0.002668038010597229,-0.004176867660135031,-0.0708204060792923,-0.12851278483867645,-0.13637211918830872,-0.13581646978855133,10.969091415405273,1.8281818628311157,-0.13657328486442566,-0.0011526914313435555,-0.17362245917320251,3.282642126083374,6683032.5
175.10000610351562,39.28635787963867,0.25357508659362793,0.06905170530080795,920.711669921875,0.9938491582870483,1228.7530517578125,1.2518682479858398,1140.447021484375,1.2988858222961426,1256.9398193359375,0.7498492002487183,1.62843656539917,1.9553194046020508,2.4073216915130615,2.2397327423095703,1.9750745296478271,1.8621906042099,0.002481902949512005,-0.004610877949744463,-0.07161453366279602,-0.12876464426517487,-0.13641978800296783,-0.1361006796360016,10.886917114257812,1.8144862651824951,-0.13692352175712585,-0.0011774153681471944,-0.17734646797180176,3.283430814743042,6684638.5
175.1999969482422,39.31242370605469,0.26065343618392944,0.07078337669372559,920.8106079101562,0.9852465391159058,1228.8773193359375,1.23503839969635,1140.576171875,1.2847286462783813,1257.0137939453125,0.7311338186264038,1.6286753416061401,1.9548366069793701,2.400120735168457,2.2268435955047607,1.9614289999008179,1.8485652208328247,0.0022955406457185745,-0.005044635385274887,-0.07240340113639832,-0.129019632935524,-0.13649262487888336,-0.1364029347896576,10.804529190063477,1.8007549047470093,-0.13728070259094238,-0.0012025419855490327,-0.18113110959529877,3.284212589263916,6686230.0
175.3000030517578,39.33919906616211,0.26775798201560974,0.0710454210639,920.9087524414062,0.9766020774841309,1229.0,1.2181689739227295,1140.7039794921875,1.2705310583114624,1257.0860595703125,0.7123759388923645,1.62889564037323,1.954310417175293,2.392841339111328,2.213928699493408,1.9477750062942505,1.8349090814590454,0.002108963206410408,-0.00547811109572649,-0.0731869712471962,-0.12927739322185516,-0.13658784329891205,-0.13671639561653137,10.721932411193848,1.7869888544082642,-0.13762088119983673,-0.001228073495440185,-0.18497677147388458,3.284987688064575,6687808.0
175.39999389648438,39.36665344238281,0.274517685174942,0.0675971731543541,921.0059814453125,0.96791672706604,1229.1209716796875,1.2012629508972168,1140.830322265625,1.2562930583953857,1257.15625,0.6935858130455017,1.6290972232818604,1.9537409543991089,2.385483503341675,2.2009880542755127,1.9341106414794922,1.8212217092514038,0.0019222527043893933,-0.005911106243729591,-0.07396457344293594,-0.1295359879732132,-0.1366986185312271,-0.13702286779880524,10.639163970947266,1.7731940746307373,-0.13787841796875,-0.0012539856834337115,-0.18887974321842194,3.2857558727264404,6689372.0
175.5,39.39472961425781,0.2807633876800537,0.06245707347989082,921.102294921875,0.9591913223266602,1229.240234375,1.1843253374099731,1140.9552001953125,1.2420153617858887,1257.2247314453125,0.6747796535491943,1.6292800903320312,1.9531282186508179,2.3780486583709717,2.188021421432495,1.920434832572937,1.8075051307678223,0.0017355418531224132,-0.006343297194689512,-0.07473508268594742,-0.1297924518585205,-0.13681556284427643,-0.1372992843389511,10.556283950805664,1.7593806982040405,-0.1380283087491989,-0.001280241529457271,-0.1928344964981079,3.2865171432495117,6690922.0
175.60000610351562,39.423370361328125,0.2864219546318054,0.0565856508910656,921.1978149414062,0.9504266381263733,1229.35791015625,1.1673619747161865,1141.0787353515625,1.2276986837387085,1257.291259765625,0.6559763550758362,1.6294442415237427,1.9524723291397095,2.3705368041992188,2.175029754638672,1.906747579574585,1.793763518333435,0.0015489832730963826,-0.006774312350898981,-0.07549721002578735,-0.1300434172153473,-0.13692884147167206,-0.13752460479736328,10.473360061645508,1.7455599308013916,-0.13806022703647614,-0.0013067988911643624,-0.19683466851711273,3.287271738052368,6692458.0
175.6999969482422,39.452491760253906,0.2912226617336273,0.04800686985254288,921.2924194335938,0.9416236281394958,1229.4737548828125,1.1503807306289673,1141.2008056640625,1.2133443355560303,1257.35595703125,0.6372001767158508,1.6295899152755737,1.9517734050750732,2.3629496097564697,2.162013053894043,1.8930495977401733,1.7800029516220093,0.0013627747539430857,-0.007203669752925634,-0.07624927908182144,-0.1302846223115921,-0.13702665269374847,-0.1376744508743286,10.390480995178223,1.7317469120025635,-0.1379290521144867,-0.0013335959520190954,-0.20087093114852905,3.2880191802978516,6693979.5
175.8000030517578,39.481998443603516,0.29507139325141907,0.038487546145915985,921.3861083984375,0.9327830672264099,1229.587890625,1.1333906650543213,1141.3214111328125,1.198954463005066,1257.418701171875,0.6184788942337036,1.6297168731689453,1.9510316848754883,2.355287551879883,2.148973226547241,1.8793432712554932,1.7662322521209717,0.001177142490632832,-0.007630819920450449,-0.07698935270309448,-0.1305112987756729,-0.13709640502929688,-0.13772526383399963,10.307750701904297,1.7179584503173828,-0.1376243680715561,-0.0013605639105662704,-0.20493294298648834,3.288759708404541,6695487.0
175.89999389648438,39.511817932128906,0.2981792986392975,0.03107891045510769,921.4789428710938,0.9239058494567871,1229.700439453125,1.1164003610610962,1141.4405517578125,1.1845314502716064,1257.4796142578125,0.5998361706733704,1.6298253536224365,1.9502474069595337,2.3475520610809326,2.135911703109741,1.8656318187713623,1.7524620294570923,0.00099228136241436,-0.008055289275944233,-0.07771582901477814,-0.13071948289871216,-0.13712842762470245,-0.1376652866601944,10.225255012512207,1.7042092084884644,-0.13718581199645996,-0.0013876493321731687,-0.20901264250278473,3.2894930839538574,6696980.5
176.0,39.541847229003906,0.3002770245075226,0.020977197214961052,921.5709228515625,0.9149929285049438,1229.811279296875,1.0994192361831665,1141.558349609375,1.1700780391693115,1257.5386962890625,0.5812987089157104,1.6299153566360474,1.9494208097457886,2.339745044708252,2.1228301525115967,1.851919412612915,1.7387040853500366,0.0008084105211310089,-0.00847654789686203,-0.07842687517404556,-0.13090480864048004,-0.1371123492717743,-0.13748089969158173,10.143095016479492,1.6905158758163452,-0.13656765222549438,-0.0014147792244330049,-0.21309904754161835,3.29021954536438,6698459.5
176.10000610351562,39.57197189331055,0.30124685168266296,0.009698272682726383,921.6619262695312,0.9060452580451965,1229.9202880859375,1.082458257675171,1141.674560546875,1.1555978059768677,1257.5958251953125,0.562896728515625,1.6299870014190674,1.9485522508621216,2.3318674564361572,2.109731674194336,1.8382116556167603,1.7249714136123657,0.0006257790955714881,-0.008893991820514202,-0.07912042737007141,-0.1310623437166214,-0.1370367556810379,-0.13715623319149017,10.061382293701172,1.6768970489501953,-0.13575778901576996,-0.0014418717473745346,-0.2171798199415207,3.2909390926361084,6699924.0
176.1999969482422,39.60209274291992,0.30122655630111694,-0.00020278662850614637,921.7520751953125,0.8970639705657959,1230.0277099609375,1.0655280351638794,1141.7894287109375,1.1410945653915405,1257.6512451171875,0.5446579456329346,1.6300405263900757,1.947642207145691,2.3239216804504395,2.096619129180908,1.8245148658752441,1.7112786769866943,0.00044461601646617055,-0.009307067841291428,-0.07979462295770645,-0.1311877816915512,-0.1368924379348755,-0.13668325543403625,9.980220794677734,1.663370132446289,-0.13478423655033112,-0.0014688553055748343,-0.22124417126178741,3.291651487350464,6701374.5
176.3000030517578,39.632118225097656,0.3002502918243408,-0.009762881323695183,921.8413696289062,0.8880502581596375,1230.1334228515625,1.0486388206481934,1141.90283203125,1.126572847366333,1257.704833984375,0.5266074538230896,1.6300760507583618,1.9466910362243652,2.3159093856811523,2.083495616912842,1.8108361959457397,1.6976408958435059,0.0002651310060173273,-0.00971527025103569,-0.08044778555631638,-0.13127733767032623,-0.1366720348596573,-0.13605938851833344,9.89970588684082,1.6499509811401367,-0.13365457952022552,-0.0014956607483327389,-0.22528168559074402,3.292356491088867,6702810.0
176.39999389648438,39.6619758605957,0.29858067631721497,-0.01669606938958168,921.9296875,0.8790053725242615,1230.2374267578125,1.0317994356155396,1142.0147705078125,1.1120373010635376,1257.756591796875,0.5087648034095764,1.6300936937332153,1.9456993341445923,2.307832956314087,2.0703651905059814,1.797183632850647,1.684072732925415,8.74884135555476e-05,-0.010118208825588226,-0.0810786560177803,-0.13132832944393158,-0.13637159764766693,-0.1352912187576294,9.81991195678711,1.6366519927978516,-0.1324150711297989,-0.001522237784229219,-0.2292848378419876,3.2930548191070557,6704231.5
176.5,39.691627502441406,0.29651540517807007,-0.020652594044804573,922.0171508789062,0.8699306845664978,1230.33984375,1.0150165557861328,1142.125244140625,1.0974926948547363,1257.8065185546875,0.49114149808883667,1.6300935745239258,1.9446675777435303,2.299694538116455,2.0572314262390137,1.7835650444030762,1.6705878973007202,-8.821057417662814e-05,-0.010515645146369934,-0.0816865861415863,-0.13133962452411652,-0.13599132001399994,-0.13439545035362244,9.740886688232422,1.6234811544418335,-0.13111338019371033,-0.0015485584735870361,-0.23324935138225555,3.293745517730713,6705638.0
176.60000610351562,39.721031188964844,0.29405051469802856,-0.024649059399962425,922.1036987304688,0.8608278036117554,1230.4404296875,0.9982962608337402,1142.2342529296875,1.0829439163208008,1257.8548583984375,0.47374680638313293,1.6300760507583618,1.943596363067627,2.291496515274048,2.0440988540649414,1.7699885368347168,1.657198190689087,-0.0002618839789647609,-0.010907390154898167,-0.08227107673883438,-0.13131049275398254,-0.13553254306316376,-0.13338805735111237,9.662667274475098,1.6104446649551392,-0.12974822521209717,-0.0015745942946523428,-0.23717094957828522,3.294429302215576,6707030.0
176.6999969482422,39.75017547607422,0.2914287745952606,-0.026217328384518623,922.1893310546875,0.8516982197761536,1230.5394287109375,0.9816433787345886,1142.341796875,1.068395733833313,1257.9013671875,0.45658525824546814,1.6300413608551025,1.9424864053726196,2.2832412719726562,2.030971050262451,1.7564616203308105,1.6439141035079956,-0.0004334869154263288,-0.011293345130980015,-0.0828319862484932,-0.1312410831451416,-0.13499875366687775,-0.13228803873062134,9.58527660369873,1.597546100616455,-0.1283608227968216,-0.0016003345372155309,-0.24104802310466766,3.2951059341430664,6708407.5
176.8000030517578,39.77907180786133,0.2889663875102997,-0.024623878300189972,922.2740478515625,0.8425436615943909,1230.6368408203125,0.9650603532791138,1142.4478759765625,1.0538526773452759,1257.9461669921875,0.4396539032459259,1.629989504814148,1.9413379430770874,2.2749311923980713,2.0178520679473877,1.74299156665802,1.630743384361267,-0.0006030357326380908,-0.011673564091324806,-0.08336971700191498,-0.13113291561603546,-0.13439692556858063,-0.13112111389636993,9.508706092834473,1.5847843885421753,-0.12699918448925018,-0.0016257917741313577,-0.2448824942111969,3.2957751750946045,6709770.0
176.89999389648438,39.807716369628906,0.28645047545433044,-0.025159131735563278,922.3578491210938,0.8333658576011658,1230.732421875,0.9485501050949097,1142.5526123046875,1.0393191576004028,1257.9892578125,0.42295122146606445,1.6299208402633667,1.9401518106460571,2.266568183898926,2.0047459602355957,1.7295846939086914,1.617691993713379,-0.0007705350290052593,-0.012048068456351757,-0.0838845744729042,-0.13098716735839844,-0.13373269140720367,-0.12990418076515198,9.432957649230957,1.5721595287322998,-0.12562811374664307,-0.0016509628621861339,-0.24867385625839233,3.2964372634887695,6711118.0
177.0,39.836097717285156,0.2838105261325836,-0.02639942802488804,922.4407348632812,0.8241667151451111,1230.8265380859375,0.9321160316467285,1142.65576171875,1.0247994661331177,1258.03076171875,0.40647825598716736,1.6298354864120483,1.9389286041259766,2.258155107498169,1.9916561841964722,1.716247320175171,1.604764461517334,-0.0009359691175632179,-0.012416833080351353,-0.08437665551900864,-0.13080455362796783,-0.13301001489162445,-0.12864622473716736,9.358036994934082,1.5596728324890137,-0.12424157559871674,-0.0016758397687226534,-0.25242090225219727,3.2970921993255615,6712451.0
177.10000610351562,39.864166259765625,0.2806642949581146,-0.03146238997578621,922.5226440429688,0.8149480819702148,1230.9189453125,0.9157636165618896,1142.757568359375,1.0102975368499756,1258.070556640625,0.39024266600608826,1.629733681678772,1.9376686811447144,2.2496938705444336,1.9785865545272827,1.7029850482940674,1.591964840888977,-0.0010992693714797497,-0.012779700569808483,-0.08484559506177902,-0.13058458268642426,-0.1322292685508728,-0.12734395265579224,9.283978462219238,1.5473296642303467,-0.1227840855717659,-0.0017003858229145408,-0.25611811876296997,3.2977397441864014,6713769.5
177.1999969482422,39.891849517822266,0.27686402201652527,-0.03800280764698982,922.6036987304688,0.8057118058204651,1231.0096435546875,0.8994997143745422,1142.8577880859375,0.9958176016807556,1258.1087646484375,0.3742567002773285,1.6296156644821167,1.9363728761672974,2.2411868572235107,1.965540885925293,1.689803957939148,1.5792980194091797,-0.0012603298528119922,-0.013136424124240875,-0.08529068529605865,-0.13032592833042145,-0.13138854503631592,-0.12598806619644165,9.21082878112793,1.5351382493972778,-0.12124041467905045,-0.001724553876556456,-0.2597583830356598,3.298379898071289,6715073.0
177.3000030517578,39.91905212402344,0.2720222771167755,-0.048417266458272934,922.6837768554688,0.796459972858429,1231.0987548828125,0.8833332061767578,1142.9566650390625,0.9813641905784607,1258.1453857421875,0.358539342880249,1.6294816732406616,1.9350416660308838,2.2326366901397705,1.9525229930877686,1.6767101287841797,1.5667704343795776,-0.0014189896173775196,-0.013486621901392937,-0.08571074903011322,-0.13002605736255646,-0.13048268854618073,-0.1245611235499382,9.138664245605469,1.5231106281280518,-0.1195569634437561,-0.0017482679104432464,-0.26333028078079224,3.2990128993988037,6716361.5
177.39999389648438,39.945655822753906,0.2660103440284729,-0.06011936813592911,922.7630004882812,0.7871946096420288,1231.186279296875,0.8672745227813721,1143.0540771484375,0.9669419527053833,1258.1805419921875,0.34311366081237793,1.6293319463729858,1.9336758852005005,2.224045753479004,1.9395374059677124,1.663710355758667,1.5543898344039917,-0.0015750550664961338,-0.013829832896590233,-0.08610429614782333,-0.12968182563781738,-0.1295049786567688,-0.12304405868053436,9.067571640014648,1.5112619400024414,-0.11772244423627853,-0.0017714425921440125,-0.2668209373950958,3.299638509750366,6717635.0
177.5,39.971527099609375,0.2587454617023468,-0.07264870405197144,922.8412475585938,0.777917742729187,1231.272216796875,0.8513346314430237,1143.150146484375,0.9525561928749084,1258.214111328125,0.32800403237342834,1.629166841506958,1.9322760105133057,2.21541690826416,1.9265886545181274,1.6508123874664307,1.5421663522720337,-0.0017283209599554539,-0.014165567234158516,-0.08646978437900543,-0.1292898803949356,-0.1284485161304474,-0.12142032384872437,8.997645378112793,1.4996075630187988,-0.11572900414466858,-0.001793986069969833,-0.2702164947986603,3.3002569675445557,6718894.0
177.60000610351562,39.99657440185547,0.25044047832489014,-0.08305005729198456,922.9185791015625,0.768631637096405,1231.3565673828125,0.8355238437652588,1143.24462890625,0.9382123947143555,1258.24609375,0.31323128938674927,1.6289864778518677,1.9308431148529053,2.2067530155181885,1.9136815071105957,1.6380242109298706,1.5301109552383423,-0.0018786105792969465,-0.014493407681584358,-0.08680590987205505,-0.12884758412837982,-0.1273086965084076,-0.11968288570642471,8.928966522216797,1.4881610870361328,-0.11361116170883179,-0.0018158224411308765,-0.2735055983066559,3.300867795944214,6720138.0
177.6999969482422,40.02070617675781,0.24131357669830322,-0.09126899391412735,922.9949951171875,0.7593386173248291,1231.4393310546875,0.8198508620262146,1143.3377685546875,0.9239161610603333,1258.2767333984375,0.29881080985069275,1.6287912130355835,1.9293776750564575,2.198056936264038,1.9008212089538574,1.6253541707992554,1.5182348489761353,-0.0020257902797311544,-0.014813043177127838,-0.08711180090904236,-0.12835338711738586,-0.12608389556407928,-0.1178344264626503,8.861597061157227,1.4769328832626343,-0.11139993369579315,-0.0018368919845670462,-0.2766791582107544,3.301471471786499,6721367.0
177.8000030517578,40.04384231567383,0.23136769235134125,-0.09945876896381378,923.0704345703125,0.7500409483909607,1231.5206298828125,0.8043242692947388,1143.429443359375,0.9096735119819641,1258.305908203125,0.2847563326358795,1.6285814046859741,1.9278807640075684,2.1893320083618164,1.8880130052566528,1.6128109693527222,1.5065490007400513,-0.0021697396878153086,-0.015124194324016571,-0.08738668262958527,-0.12780605256557465,-0.12477345019578934,-0.1158793568611145,8.79559326171875,1.4659322500228882,-0.1090957298874855,-0.0018571349792182446,-0.2797282338142395,3.302067756652832,6722581.0
177.89999389648438,40.06588363647461,0.22044344246387482,-0.1092425212264061,923.1449584960938,0.7407411932945251,1231.6002197265625,0.7889532446861267,1143.5196533203125,0.895490288734436,1258.333740234375,0.2710837125778198,1.6283574104309082,1.9263532161712646,2.1805810928344727,1.8752622604370117,1.6004031896591187,1.4950639009475708,-0.002310320967808366,-0.01542654074728489,-0.08762965351343155,-0.12720395624637604,-0.12337563931941986,-0.11381760239601135,8.731019973754883,1.455169916152954,-0.1066787987947464,-0.00187647994607687,-0.28264203667640686,3.302656650543213,6723780.0
178.0,40.086769104003906,0.20882698893547058,-0.11616449803113937,923.2185668945312,0.731441855430603,1231.6783447265625,0.7737458944320679,1143.6085205078125,0.8813726305961609,1258.360107421875,0.25780487060546875,1.6281194686889648,1.9247958660125732,2.171807289123535,1.8625744581222534,1.588139533996582,1.4837901592254639,-0.0024474281817674637,-0.015719840303063393,-0.08784011006355286,-0.12654629349708557,-0.1218908429145813,-0.11165522783994675,8.667924880981445,1.444654107093811,-0.10419285297393799,-0.0018948768265545368,-0.2854130268096924,3.3032383918762207,6724964.0
178.10000610351562,40.10645294189453,0.1968473494052887,-0.11979635804891586,923.291259765625,0.7221455574035645,1231.7550048828125,0.7587083578109741,1143.6959228515625,0.8673266172409058,1258.38525390625,0.24492448568344116,1.6278680562973022,1.9232096672058105,2.1630144119262695,1.8499553203582764,1.57602858543396,1.4727370738983154,-0.0025810133665800095,-0.016003992408514023,-0.08801795542240143,-0.12583352625370026,-0.12032294273376465,-0.10940758138895035,8.606332778930664,1.4343888759613037,-0.10168103128671646,-0.0019122996600344777,-0.28803732991218567,3.3038125038146973,6726133.0
178.1999969482422,40.1248893737793,0.18435204029083252,-0.12495317310094833,923.363037109375,0.7128551006317139,1231.830078125,0.7438468337059021,1143.781982421875,0.8533582091331482,1258.4091796875,0.23244768381118774,1.6276034116744995,1.9215954542160034,2.154205083847046,1.8374100923538208,1.5640783309936523,1.4619125127792358,-0.0027110250666737556,-0.016278892755508423,-0.0881630927324295,-0.12506605684757233,-0.11867529153823853,-0.10708536952733994,8.546269416809082,1.4243781566619873,-0.09912025928497314,-0.0019287114264443517,-0.29050931334495544,3.304379463195801,6727287.0
178.3000030517578,40.14198303222656,0.17094025015830994,-0.13411787152290344,923.433837890625,0.7035731673240662,1231.90380859375,0.7291694283485413,1143.8665771484375,0.839473307132721,1258.4317626953125,0.2203865349292755,1.6273260116577148,1.9199541807174683,2.14538311958313,1.8249443769454956,1.5522968769073486,1.4513239860534668,-0.0028373566456139088,-0.016544295474886894,-0.08827488869428635,-0.12424299865961075,-0.11694752424955368,-0.10468611866235733,8.487783432006836,1.414630651473999,-0.0964597836136818,-0.0019440454198047519,-0.29281899333000183,3.304939031600952,6728426.5
178.39999389648438,40.15763473510742,0.1565174162387848,-0.14422829449176788,923.5037231445312,0.6943026781082153,1231.9759521484375,0.7146855592727661,1143.9498291015625,0.8256779909133911,1258.4532470703125,0.2087564468383789,1.6270360946655273,1.918286919593811,2.13655161857605,1.8125637769699097,1.5406923294067383,1.4409795999526978,-0.002959873527288437,-0.016799889504909515,-0.0883525088429451,-0.12336291372776031,-0.11513766646385193,-0.10220297425985336,8.430939674377441,1.4051566123962402,-0.09369257837533951,-0.001958227949216962,-0.29495522379875183,3.3054912090301514,6729550.5
178.5,40.171749114990234,0.14116071164608002,-0.1535671204328537,923.5726928710938,0.6850464940071106,1232.0467529296875,0.7004042863845825,1144.03173828125,0.8119785785675049,1258.4735107421875,0.19757182896137238,1.6267342567443848,1.9165946245193481,2.127713918685913,1.800274133682251,1.5292730331420898,1.4308878183364868,-0.003078449284657836,-0.017045386135578156,-0.08839516341686249,-0.12242455035448074,-0.11324437707662582,-0.09963233023881912,8.375795364379883,1.3959659337997437,-0.09083035588264465,-0.0019711912609636784,-0.29690778255462646,3.3060362339019775,6730660.0
178.60000610351562,40.1842155456543,0.12466169148683548,-0.16499020159244537,923.6407470703125,0.6758076548576355,1232.1160888671875,0.6863355040550232,1144.1123046875,0.7983813285827637,1258.4927978515625,0.18684959411621094,1.6264206171035767,1.9148783683776855,2.1188738346099854,1.788081407546997,1.5180472135543823,1.421057939529419,-0.0031929370015859604,-0.017280444502830505,-0.0884019136428833,-0.12142624706029892,-0.1112651452422142,-0.09696748852729797,8.322420120239258,1.3870700597763062,-0.08784520626068115,-0.001982852118089795,-0.2986641824245453,3.3065738677978516,6731754.5
178.6999969482422,40.194923400878906,0.10708749294281006,-0.17574195563793182,923.7078857421875,0.6665892601013184,1232.1839599609375,0.6724894642829895,1144.19140625,0.7848929762840271,1258.510986328125,0.17660672962665558,1.6260957717895508,1.91313898563385,2.1100351810455322,1.775991439819336,1.507023811340332,1.4114993810653687,-0.003303189529106021,-0.017504723742604256,-0.08837180584669113,-0.12036636471748352,-0.10919763147830963,-0.09420336782932281,8.270882606506348,1.3784804344177246,-0.08474868535995483,-0.0019931322894990444,-0.3002126216888428,3.3071041107177734,6732834.0
178.8000030517578,40.20378875732422,0.08863183856010437,-0.18455657362937927,923.7740478515625,0.6573944091796875,1232.2506103515625,0.6588753461837769,1144.269287109375,0.7715200781822205,1258.528076171875,0.1668568253517151,1.6257601976394653,1.9113777875900269,2.101201057434082,1.7640106678009033,1.4962115287780762,1.4022222757339478,-0.003409086260944605,-0.01771795004606247,-0.08830415457487106,-0.11924392729997635,-0.10704132914543152,-0.09134121239185333,8.22123908996582,1.3702064752578735,-0.08156488090753555,-0.0020019684452563524,-0.30154353380203247,3.3076272010803223,6733899.0
178.89999389648438,40.21076583862305,0.06977588683366776,-0.18855947256088257,923.83935546875,0.6482263803482056,1232.3157958984375,0.645500123500824,1144.345703125,0.7582694292068481,1258.5443115234375,0.15760540962219238,1.6254141330718994,1.9095958471298218,2.0923757553100586,1.7521452903747559,1.485619306564331,1.3932358026504517,-0.003510571550577879,-0.017920009791851044,-0.08819884806871414,-0.1180594265460968,-0.10479974746704102,-0.08839414268732071,8.173517227172852,1.3622528314590454,-0.0783534124493599,-0.0020093326456844807,-0.3026527762413025,3.308143138885498,6734949.0
179.0,40.215843200683594,0.05078564211726189,-0.18990246951580048,923.9036865234375,0.6390883922576904,1232.379638671875,0.6323687434196472,1144.4208984375,0.7451475858688354,1258.5596923828125,0.14885176718235016,1.6250581741333008,1.9077942371368408,2.0835628509521484,1.7404013872146606,1.4752551317214966,1.384547233581543,-0.0036076405085623264,-0.018110912293195724,-0.08805625140666962,-0.11681447178125381,-0.10247917473316193,-0.08538135886192322,8.12772274017334,1.3546204566955566,-0.07514256983995438,-0.0020152174402028322,-0.3035391867160797,3.3086516857147217,6735984.5
179.10000610351562,40.21900177001953,0.03158039227128029,-0.19205249845981598,923.9671630859375,0.6299837827682495,1232.4422607421875,0.6194862723350525,1144.4947509765625,0.7321608662605286,1258.5740966796875,0.14059531688690186,1.6246927976608276,1.9059741497039795,2.074766159057617,1.7287847995758057,1.465126633644104,1.3761626482009888,-0.0037002877797931433,-0.018290666863322258,-0.08787669986486435,-0.11551061272621155,-0.10008534044027328,-0.08231701701879501,8.08385944366455,1.347309947013855,-0.07191886007785797,-0.002019609324634075,-0.304200679063797,3.3091530799865723,6737005.0
179.1999969482422,40.220211029052734,0.012074942700564861,-0.19505448639392853,924.0297241210938,0.6209160685539246,1232.5035400390625,0.6068580746650696,1144.5673828125,0.7193153500556946,1258.5877685546875,0.1328374147415161,1.6243183612823486,1.9041365385055542,2.0659890174865723,1.717301607131958,1.455241084098816,1.368086814880371,-0.003788492176681757,-0.018459243699908257,-0.08766040205955505,-0.11414900422096252,-0.0976225808262825,-0.07920893281698227,8.041940689086914,1.3403234481811523,-0.06867159903049469,-0.0020224880427122116,-0.30463430285453796,3.3096470832824707,6738011.5
179.3000030517578,40.21945571899414,-0.007538573816418648,-0.19613516330718994,924.0913696289062,0.6118885278701782,1232.5635986328125,0.594488799571991,1144.638671875,0.7066170573234558,1258.6007080078125,0.12557727098464966,1.623935341835022,1.90228271484375,2.0572354793548584,1.7059574127197266,1.4456050395965576,1.360323429107666,-0.0038722506724298,-0.018616655841469765,-0.08740772306919098,-0.11273116618394852,-0.09509594738483429,-0.07606631517410278,8.001969337463379,1.3336615562438965,-0.06542452424764633,-0.0020238489378243685,-0.30483925342559814,3.310134172439575,6739003.0
179.39999389648438,40.21674728393555,-0.027104493230581284,-0.19565919041633606,924.152099609375,0.6029046773910522,1232.6224365234375,0.5823822021484375,1144.708740234375,0.6940717697143555,1258.6129150390625,0.11881114542484283,1.6235440969467163,1.9004137516021729,2.048508882522583,1.6947576999664307,1.4362245798110962,1.3528755903244019,-0.003951583988964558,-0.018762977793812752,-0.0871192216873169,-0.1112591102719307,-0.09251156449317932,-0.07290062308311462,7.963940143585205,1.327323317527771,-0.062193483114242554,-0.0020236980635672808,-0.3048165440559387,3.3106141090393066,6739980.0
179.5,40.21208572387695,-0.04660196229815483,-0.19497469067573547,924.2119140625,0.5939679145812988,1232.68017578125,0.5705415606498718,1144.7774658203125,0.6816848516464233,1258.62451171875,0.11253456771373749,1.6231451034545898,1.8985306024551392,2.0398130416870117,1.6837077140808105,1.427105188369751,1.3457450866699219,-0.004026519600301981,-0.01889829710125923,-0.08679552376270294,-0.1097349226474762,-0.08987543731927872,-0.06972154229879379,7.927842617034912,1.3213070631027222,-0.058978088200092316,-0.00202204380184412,-0.3045673668384552,3.311086893081665,6740942.5
179.60000610351562,40.205467224121094,-0.06618097424507141,-0.1957901567220688,924.2708740234375,0.5850818157196045,1232.736572265625,0.5589707493782043,1144.8450927734375,0.669461727142334,1258.635498046875,0.10674548894166946,1.6227389574050903,1.8966344594955444,2.031151294708252,1.672812819480896,1.4182517528533936,1.3389328718185425,-0.004097065422683954,-0.019022656604647636,-0.08643706887960434,-0.10816022753715515,-0.08719191700220108,-0.06653279811143875,7.893675327301025,1.315612554550171,-0.055757902562618256,-0.0020188831258565187,-0.30409130454063416,3.3115527629852295,6741891.0
179.6999969482422,40.1968879699707,-0.08580745756626129,-0.19626477360725403,924.3289184570312,0.5762497782707214,1232.7919921875,0.5476736426353455,1144.911376953125,0.6574073433876038,1258.6458740234375,0.10144247859716415,1.6223258972167969,1.8947265148162842,2.022526979446411,1.662077784538269,1.4096688032150269,1.3324400186538696,-0.004163225181400776,-0.019136086106300354,-0.08604426681995392,-0.10653646290302277,-0.08446472883224487,-0.06333635002374649,7.861440181732178,1.3102400302886963,-0.052536796778440475,-0.002014216035604477,-0.3033883273601532,3.312011480331421,6742825.0
179.8000030517578,40.18634796142578,-0.10538908839225769,-0.19581632316112518,924.3861083984375,0.5674752593040466,1232.84619140625,0.5366538166999817,1144.9765625,0.6455268263816833,1258.65576171875,0.09662298113107681,1.6219065189361572,1.8928077220916748,2.013943910598755,1.6515074968338013,1.4013606309890747,1.3262670040130615,-0.004225011449307203,-0.019238637760281563,-0.08561758697032928,-0.10486525297164917,-0.08169785887002945,-0.06013548746705055,7.831133842468262,1.3051890134811401,-0.04932351037859917,-0.002008049748837948,-0.3024595379829407,3.3124632835388184,6743744.5
179.89999389648438,40.173866271972656,-0.12482444196939468,-0.19435353577136993,924.4424438476562,0.558761715888977,1232.8992919921875,0.5259140133857727,1145.04052734375,0.6338247656822205,1258.6651611328125,0.09228294342756271,1.6214810609817505,1.8908792734146118,2.0054049491882324,1.6411066055297852,1.3933309316635132,1.3204140663146973,-0.004282449837774038,-0.019330395385622978,-0.0851576030254364,-0.1031484603881836,-0.07889574021100998,-0.056934960186481476,7.8027472496032715,1.3004578351974487,-0.046127479523420334,-0.0020003984682261944,-0.3013070821762085,3.312908172607422,6744650.5
180.0,40.15945053100586,-0.14414577186107635,-0.19321326911449432,924.4978637695312,0.5501125454902649,1232.9512939453125,0.515457272529602,1145.103271484375,0.6223058104515076,1258.6741943359375,0.08841869980096817,1.6210501194000244,1.8889421224594116,1.9969136714935303,1.6308796405792236,1.3855831623077393,1.3148809671401978,-0.004335563164204359,-0.019411437213420868,-0.08466488122940063,-0.10138781368732452,-0.07606226950883865,-0.0537378266453743,7.776272296905518,1.2960454225540161,-0.04294169321656227,-0.001991274766623974,-0.2999328374862671,3.3133463859558105,6745542.5
180.10000610351562,40.14311981201172,-0.1633041352033615,-0.19158361852169037,924.552490234375,0.5415311455726624,1233.0023193359375,0.5052861571311951,1145.1649169921875,0.6109743714332581,1258.682861328125,0.08502650260925293,1.6206141710281372,1.8869973421096802,1.9884732961654663,1.6208308935165405,1.378119945526123,1.3096673488616943,-0.004384375177323818,-0.01948183961212635,-0.08413996547460556,-0.09958502650260925,-0.07320109754800797,-0.05054660141468048,7.751701831817627,1.2919503450393677,-0.039770402014255524,-0.001980694942176342,-0.29833924770355225,3.3137776851654053,6746420.5
180.1999969482422,40.124881744384766,-0.18239237368106842,-0.1908823847770691,924.606201171875,0.5330208539962769,1233.0523681640625,0.4954037368297577,1145.2254638671875,0.5998346209526062,1258.6912841796875,0.08210404217243195,1.620173454284668,1.885046124458313,1.9800869226455688,1.6109644174575806,1.3709442615509033,1.3047724962234497,-0.004428897984325886,-0.019541656598448753,-0.08358331024646759,-0.0977415069937706,-0.07031489908695221,-0.04736103489995003,7.729032516479492,1.2881721258163452,-0.036599475890398026,-0.0019686680752784014,-0.2965277433395386,3.314202070236206,6747284.5
180.3000030517578,40.10475158691406,-0.2012944370508194,-0.18902066349983215,924.6590576171875,0.524584949016571,1233.1014404296875,0.48581263422966003,1145.284912109375,0.5888906717300415,1258.6993408203125,0.07964832335710526,1.6197285652160645,1.8830894231796265,1.9717578887939453,1.6012842655181885,1.3640581369400024,1.3001959323883057,-0.004469150211662054,-0.01959095150232315,-0.08299540728330612,-0.09585875272750854,-0.06740649044513702,-0.04418211802840233,7.708258628845215,1.2847098112106323,-0.03344167768955231,-0.0019552127923816442,-0.29450103640556335,3.314620018005371,6748135.5
180.39999389648438,40.082759857177734,-0.21991939842700958,-0.18624970316886902,924.7111206054688,0.5162268280982971,1233.1495361328125,0.476514995098114,1145.34326171875,0.5781464576721191,1258.707275390625,0.0776548907160759,1.6192798614501953,1.8811284303665161,1.963489055633545,1.5917942523956299,1.3574639558792114,1.2959368228912354,-0.004505162592977285,-0.019629821181297302,-0.0823768600821495,-0.09393848478794098,-0.06447917968034744,-0.04101283848285675,7.689368724822998,1.2815614938735962,-0.030304500833153725,-0.0019403536571189761,-0.2922629117965698,3.315031051635742,6748972.5
180.5,40.05893325805664,-0.2382584512233734,-0.18339040875434875,924.7623291015625,0.5079496502876282,1233.19677734375,0.46751275658607483,1145.4005126953125,0.56760573387146,1258.7149658203125,0.07611916959285736,1.6188277006149292,1.8791639804840088,1.955283761024475,1.5824980735778809,1.3511632680892944,1.2919939756393433,-0.004536966327577829,-0.019658362492918968,-0.0817282646894455,-0.0919824168086052,-0.06153612211346626,-0.03785567730665207,7.672351360321045,1.278725266456604,-0.027186116203665733,-0.001924116862937808,-0.28981727361679077,3.3154356479644775,6749796.0
180.60000610351562,40.033329010009766,-0.25603187084198,-0.1777341514825821,924.8126831054688,0.4997565448284149,1233.2430419921875,0.45880669355392456,1145.456787109375,0.5572720766067505,1258.722412109375,0.07503309845924377,1.6183725595474243,1.8771971464157104,1.947144627571106,1.5733991861343384,1.345157504081726,1.2883659601211548,-0.004564622417092323,-0.01967674307525158,-0.08105047792196274,-0.08999282866716385,-0.058581944555044174,-0.03471791371703148,7.657182216644287,1.2761969566345215,-0.02411857806146145,-0.001906548859551549,-0.2871711254119873,3.315833806991577,6750606.5
180.6999969482422,40.00604248046875,-0.2728728950023651,-0.16841046512126923,924.8623046875,0.4916507303714752,1233.28857421875,0.45039549469947815,1145.5120849609375,0.5471486449241638,1258.72998046875,0.0743824765086174,1.6179149150848389,1.875229001045227,1.9390747547149658,1.5645008087158203,1.3394473791122437,1.2850499153137207,-0.004588240757584572,-0.019685257226228714,-0.0803447961807251,-0.08797308057546616,-0.05562397837638855,-0.031614430248737335,7.643813133239746,1.2739688158035278,-0.021142488345503807,-0.0018877232214435935,-0.28433555364608765,3.316225528717041,6751404.0
180.8000030517578,39.97718811035156,-0.28854018449783325,-0.15667276084423065,924.9110717773438,0.4836352467536926,1233.3331298828125,0.442276269197464,1145.5662841796875,0.537238359451294,1258.7373046875,0.07414818555116653,1.6174551248550415,1.873260498046875,1.9310767650604248,1.5558056831359863,1.3340327739715576,1.2820417881011963,-0.004607971757650375,-0.019684288650751114,-0.0796128585934639,-0.085927315056324,-0.052671413868665695,-0.02856389619410038,7.632179260253906,1.2720298767089844,-0.018283795565366745,-0.0018677315674722195,-0.2813243269920349,3.316610813140869,6752188.5
180.89999389648438,39.946903228759766,-0.3028518259525299,-0.14311638474464417,924.958984375,0.4757130444049835,1233.3770751953125,0.4344445765018463,1145.6195068359375,0.5275434851646423,1258.7447509765625,0.07430753111839294,1.6169934272766113,1.8712924718856812,1.9231531620025635,1.547316312789917,1.328912615776062,1.2793351411819458,-0.004623997025191784,-0.01967429928481579,-0.07885657250881195,-0.08386023342609406,-0.04973452910780907,-0.025585897266864777,7.622201919555664,1.2703670263290405,-0.015563552267849445,-0.0018466785550117493,-0.2781532406806946,3.3169896602630615,6752960.0
181.0,39.91530990600586,-0.3159482777118683,-0.13096466660499573,925.0061645507812,0.4678870141506195,1233.4200439453125,0.4268959164619446,1145.6717529296875,0.5180656909942627,1258.752197265625,0.07483883202075958,1.616530418395996,1.8693259954452515,1.9153063297271729,1.539034366607666,1.3240851163864136,1.2769218683242798,-0.004636488854885101,-0.019655732437968254,-0.07807772606611252,-0.08177623897790909,-0.046822331845760345,-0.02269376628100872,7.613805294036865,1.2689675092697144,-0.012964759953320026,-0.0018246580148115754,-0.2748364210128784,3.3173625469207764,6753719.0
181.10000610351562,39.882503509521484,-0.32806676626205444,-0.12118491530418396,925.0526123046875,0.46015995740890503,1233.46240234375,0.41962671279907227,1145.72314453125,0.5088064670562744,1258.759765625,0.0757242888212204,1.616066336631775,1.8673616647720337,1.9075385332107544,1.5309616327285767,1.319547176361084,1.2747933864593506,-0.004645589739084244,-0.01962895505130291,-0.07727785408496857,-0.07967892289161682,-0.04394122213125229,-0.019891789183020592,7.606926918029785,1.267821192741394,-0.01046156045049429,-0.0018017464317381382,-0.27138540148735046,3.3177292346954346,6754465.5
181.1999969482422,39.848594665527344,-0.33908894658088684,-0.11022172123193741,925.0982055664062,0.4525344669818878,1233.5040283203125,0.4126327633857727,1145.7735595703125,0.49976667761802673,1258.767333984375,0.07694559544324875,1.6156014204025269,1.8654004335403442,1.8998515605926514,1.5230990648269653,1.3152955770492554,1.2729403972625732,-0.0046514482237398624,-0.0195943433791399,-0.07645848393440247,-0.07757188379764557,-0.041097428649663925,-0.017184307798743248,7.601502895355225,1.266917109489441,-0.00807157251983881,-0.0017780284397304058,-0.26781293749809265,3.318089723587036,6755199.5
181.3000030517578,39.81372833251953,-0.34866371750831604,-0.09574761986732483,925.1431274414062,0.4450131356716156,1233.544921875,0.4059080481529236,1145.8231201171875,0.490946888923645,1258.775146484375,0.07847877591848373,1.6151361465454102,1.86344313621521,1.8922475576400757,1.5154474973678589,1.311326026916504,1.2713528871536255,-0.00465425755828619,-0.019552387297153473,-0.07562156021595001,-0.07545965164899826,-0.03829950466752052,-0.014583330601453781,7.597447395324707,1.2662413120269775,-0.005837894044816494,-0.0017536146333441138,-0.2641356289386749,3.31844425201416,6755921.0
181.39999389648438,39.778053283691406,-0.35672152042388916,-0.08057793974876404,925.187255859375,0.4375982880592346,1233.585205078125,0.39944514632225037,1145.8717041015625,0.48234716057777405,1258.7830810546875,0.08029685914516449,1.614670753479004,1.861490249633789,1.884727954864502,1.5080071687698364,1.3076335191726685,1.2700194120407104,-0.0046542370691895485,-0.01950364001095295,-0.07476922869682312,-0.07334719598293304,-0.0355568528175354,-0.012102494947612286,7.594664096832275,1.265777349472046,-0.003768743947148323,-0.0017286199145019054,-0.2603708505630493,3.3187930583953857,6756631.0
181.5,39.74174118041992,-0.3631538450717926,-0.06432344764471054,925.2306518554688,0.43029218912124634,1233.6248779296875,0.3932357132434845,1145.9195556640625,0.47396689653396606,1258.791259765625,0.08237075805664062,1.6142053604125977,1.8595426082611084,1.8772941827774048,1.5007779598236084,1.304212212562561,1.2689273357391357,-0.004651624243706465,-0.019448695704340935,-0.07390378415584564,-0.07123974710702896,-0.03287924453616142,-0.009755542501807213,7.593047618865967,1.2655079364776611,-0.0018808406312018633,-0.0017031669849529862,-0.2565370202064514,3.319135904312134,6757329.0
181.60000610351562,39.704933166503906,-0.3680470883846283,-0.04893241822719574,925.2733154296875,0.4230969250202179,1233.663818359375,0.3872709274291992,1145.966552734375,0.4658050537109375,1258.799560546875,0.08467146009206772,1.6137404441833496,1.8576006889343262,1.8699475526809692,1.4937589168548584,1.301054835319519,1.2680628299713135,-0.004646655637770891,-0.019388146698474884,-0.07302748411893845,-0.06914238631725311,-0.03027566708624363,-0.007552793249487877,7.592493057250977,1.2654154300689697,-0.0001669428893364966,-0.001677371677942574,-0.2526516318321228,3.3194730281829834,6758015.5
181.6999969482422,39.66776657104492,-0.3716859817504883,-0.036388806998729706,925.3152465820312,0.41601434350013733,1233.7022705078125,0.38154274225234985,1146.0126953125,0.45785999298095703,1258.8082275390625,0.08717387169599533,1.6132761240005493,1.8556652069091797,1.8626890182495117,1.486948847770691,1.2981538772583008,1.2674111127853394,-0.004639538936316967,-0.019322510808706284,-0.07214229553937912,-0.06705936789512634,-0.02775253914296627,-0.0054963212460279465,7.592907905578613,1.2654846906661987,0.0014028075383976102,-0.0016513282898813486,-0.2487288862466812,3.3198044300079346,6758690.5
181.8000030517578,39.630374908447266,-0.37393102049827576,-0.022450512275099754,925.3565063476562,0.4090462327003479,1233.740234375,0.3760424554347992,1146.05810546875,0.4501297175884247,1258.8170166015625,0.08985193073749542,1.6128126382827759,1.853736400604248,1.855519413948059,1.4803463220596313,1.2955009937286377,1.2669576406478882,-0.004630488809198141,-0.01925232820212841,-0.07125024497509003,-0.06499503552913666,-0.025316303595900536,-0.003589481581002474,7.5941972732543945,1.2656995058059692,0.0028049983084201813,-0.001625141128897667,-0.24478448927402496,3.3201303482055664,6759354.0
181.89999389648438,39.5928840637207,-0.3749071955680847,-0.009761638008058071,925.3970336914062,0.4021940529346466,1233.777587890625,0.37076112627983093,1146.102783203125,0.44261181354522705,1258.826171875,0.092679962515831,1.6123501062393188,1.851814866065979,1.8484392166137695,1.4739489555358887,1.2930870056152344,1.266687273979187,-0.004619719460606575,-0.019178127869963646,-0.07035330682992935,-0.06295353174209595,-0.022972745820879936,-0.0018343006959185004,7.59626579284668,1.2660443782806396,0.004052680917084217,-0.0015989047242328525,-0.24083267152309418,3.320450782775879,6760006.5
182.0,39.555416107177734,-0.37466681003570557,0.0024038178380578756,925.4369506835938,0.3954591453075409,1233.8143310546875,0.36568981409072876,1146.1466064453125,0.43530336022377014,1258.8355712890625,0.09563326090574265,1.6118887662887573,1.8499009609222412,1.8414489030838013,1.4677544832229614,1.2909024953842163,1.2665847539901733,-0.0046074362471699715,-0.019100423902273178,-0.06945337355136871,-0.06093873456120491,-0.020726772025227547,-0.00023110155598260462,7.599022388458252,1.2665036916732788,0.005147146992385387,-0.0015727095305919647,-0.23688705265522003,3.320765972137451,6760648.0
182.10000610351562,39.518062591552734,-0.3735390305519104,0.011277717538177967,925.4761352539062,0.3888426721096039,1233.8507080078125,0.3608204424381256,1146.1898193359375,0.42820125818252563,1258.8453369140625,0.0986914336681366,1.6114287376403809,1.8479949235916138,1.8345485925674438,1.4617600440979004,1.2889376878738403,1.2666351795196533,-0.004593811463564634,-0.01901964470744133,-0.06855201721191406,-0.058953657746315,-0.018580814823508263,0.0012263134121894836,7.602390289306641,1.2670650482177734,0.006125343032181263,-0.001546621322631836,-0.23295757174491882,3.321075916290283,6761278.5
182.1999969482422,39.48088836669922,-0.37172165513038635,0.018173744902014732,925.5147094726562,0.382345587015152,1233.886474609375,0.356145977973938,1146.2322998046875,0.42130208015441895,1258.8553466796875,0.10183823853731155,1.6109700202941895,1.8460971117019653,1.8277385234832764,1.4559625387191772,1.287182331085205,1.26682448387146,-0.004578984342515469,-0.01893613673746586,-0.06765048950910568,-0.05700048431754112,-0.01653510332107544,0.0025486566592007875,7.606307029724121,1.2677178382873535,0.007006372790783644,-0.00152069132309407,-0.2290518879890442,3.321380615234375,6761899.0
182.3000030517578,39.44397735595703,-0.3691318929195404,0.02589755691587925,925.5526123046875,0.3759686052799225,1233.921875,0.35165905952453613,1146.2740478515625,0.4146023094654083,1258.8656005859375,0.1050570011138916,1.6105129718780518,1.844207763671875,1.8210184574127197,1.4503586292266846,1.2856266498565674,1.2671396732330322,-0.0045630973763763905,-0.018850255757570267,-0.06675007194280624,-0.05508142337203026,-0.014590124599635601,0.0037430785596370697,7.610710144042969,1.2684516906738281,0.0077765826135873795,-0.0014949763426557183,-0.22517861425876617,3.3216800689697266,6762509.0
182.39999389648438,39.40739059448242,-0.3658466637134552,0.03285251185297966,925.5899047851562,0.36971232295036316,1233.9569091796875,0.34735220670700073,1146.315185546875,0.4080981910228729,1258.8763427734375,0.1083313375711441,1.6100574731826782,1.8423271179199219,1.814388394355774,1.4449447393417358,1.2842602729797363,1.2675681114196777,-0.004546292591840029,-0.01876235194504261,-0.06585199385881424,-0.05319858342409134,-0.012746197171509266,0.004815388936549425,7.615535736083984,1.2692558765411377,0.008444511331617832,-0.0014695273712277412,-0.22134540975093842,3.321974754333496,6763108.5
182.5,39.371219635009766,-0.36172574758529663,0.04120897129178047,925.6265869140625,0.36357709765434265,1233.9913330078125,0.34321725368499756,1146.355712890625,0.40178579092025757,1258.8873291015625,0.11164309829473495,1.609603762626648,1.840455412864685,1.8078478574752808,1.4397172927856445,1.2830733060836792,1.2680977582931519,-0.00452872458845377,-0.01867280900478363,-0.0649576336145401,-0.051354337483644485,-0.01100452896207571,0.005767093040049076,7.6207146644592285,1.270119071006775,0.008989683352410793,-0.0014444055268540978,-0.21756146848201752,3.3222644329071045,6763698.5
182.60000610351562,39.335567474365234,-0.35653188824653625,0.05193883925676346,925.6626586914062,0.3575631380081177,1234.0255126953125,0.3392445147037506,1146.3956298828125,0.39566096663475037,1258.898681640625,0.11496967822313309,1.6091517210006714,1.8385926485061646,1.8013966083526611,1.434672236442566,1.282055139541626,1.2687162160873413,-0.004510585684329271,-0.01858210191130638,-0.06406866014003754,-0.04955181106925011,-0.009368480183184147,0.006592420861124992,7.626161098480225,1.271026849746704,0.00938081368803978,-0.0014196888078004122,-0.21383853256702423,3.322549343109131,6764278.5
182.6999969482422,39.30051803588867,-0.3504723012447357,0.06059585139155388,925.6981201171875,0.351670503616333,1234.0592041015625,0.33542436361312866,1146.434814453125,0.3897192180156708,1258.9102783203125,0.11828964948654175,1.6087015867233276,1.83673894405365,1.7950339317321777,1.4298051595687866,1.2811951637268066,1.2694107294082642,-0.004492059350013733,-0.018490683287382126,-0.0631866604089737,-0.04779384657740593,-0.007840583100914955,0.007288858760148287,7.631793022155762,1.271965503692627,0.009642444550991058,-0.0013954396126791835,-0.21018603444099426,3.322829484939575,6764849.0
182.8000030517578,39.266151428222656,-0.34366360306739807,0.0680868998169899,925.7329711914062,0.3458990156650543,1234.0926513671875,0.3317476809024811,1146.4735107421875,0.3839557468891144,1258.92236328125,0.12158402055501938,1.6082533597946167,1.8348945379257202,1.7887589931488037,1.4251115322113037,1.280482530593872,1.2701685428619385,-0.004473309498280287,-0.01839895360171795,-0.062313005328178406,-0.0460827611386776,-0.006422010250389576,0.007858000695705414,7.637537002563477,1.2729227542877197,0.009784097783267498,-0.0013717118417844176,-0.20661208033561707,3.3231050968170166,6765410.0
182.89999389648438,39.23253631591797,-0.33617594838142395,0.0748765766620636,925.7672729492188,0.34024834632873535,1234.1256103515625,0.3282054364681244,1146.5115966796875,0.3783656656742096,1258.9345703125,0.12483499944210052,1.607806921005249,1.8330591917037964,1.7825708389282227,1.4205865859985352,1.2799062728881836,1.2709769010543823,-0.004454490728676319,-0.018307292833924294,-0.061448998749256134,-0.04442061483860016,-0.00511329248547554,0.008302710019052029,7.643322467803955,1.2738871574401855,0.00981130450963974,-0.0013485539238899946,-0.20312394201755524,3.323376178741455,6765961.5
183.0,39.199764251708984,-0.3277021646499634,0.08473768830299377,925.801025390625,0.3347179591655731,1234.158203125,0.3247872591018677,1146.5491943359375,0.37294381856918335,1258.947265625,0.12802046537399292,1.6073623895645142,1.831233024597168,1.7764686346054077,1.4162253141403198,1.279455304145813,1.2718234062194824,-0.004435792565345764,-0.018216168507933617,-0.06059623137116432,-0.04281020164489746,-0.003917093854397535,0.008618383668363094,7.6490654945373535,1.2748442888259888,0.009682058356702328,-0.0013260362902656198,-0.19973225891590118,3.3236427307128906,6766504.5
183.10000610351562,39.167911529541016,-0.31854578852653503,0.09156373143196106,925.834228515625,0.3293071687221527,1234.1905517578125,0.3214830756187439,1146.5863037109375,0.3676846921443939,1258.960205078125,0.1311204582452774,1.606919765472412,1.8294159173965454,1.7704510688781738,1.412022352218628,1.2791181802749634,1.2726949453353882,-0.004417389165610075,-0.018126001581549644,-0.05975612998008728,-0.04125384986400604,-0.0028348234482109547,0.008804909884929657,7.65468692779541,1.2757811546325684,0.009434763342142105,-0.0013042072532698512,-0.1964443027973175,3.3239049911499023,6767038.5
183.1999969482422,39.137027740478516,-0.3088137209415436,0.09732069820165634,925.8668823242188,0.32401514053344727,1234.2225341796875,0.3182835876941681,1146.622802734375,0.3625826835632324,1258.9735107421875,0.13411803543567657,1.6064789295196533,1.8276077508926392,1.764516830444336,1.4079723358154297,1.278883695602417,1.2735788822174072,-0.0043994286097586155,-0.018037155270576477,-0.05892988666892052,-0.03975329175591469,-0.0018663312075659633,0.008866550400853157,7.660120010375977,1.276686668395996,0.009077760390937328,-0.0012831069761887193,-0.1932661086320877,3.3241631984710693,6767564.0
183.3000030517578,39.107154846191406,-0.29872047901153564,0.10093241184949875,925.8990478515625,0.3188408315181732,1234.2542724609375,0.315180242061615,1146.6588134765625,0.3576320707798004,1258.987060546875,0.13699957728385925,1.6060398817062378,1.8258084058761597,1.7586644887924194,1.404069423675537,1.2787402868270874,1.2744630575180054,-0.004382033832371235,-0.01794992946088314,-0.05811844766139984,-0.03830961510539055,-0.0010098691564053297,0.008811458945274353,7.665309429168701,1.277551531791687,0.00863640010356903,-0.0012627600226551294,-0.19020137190818787,3.3244171142578125,6768081.0
183.39999389648438,39.078330993652344,-0.28823867440223694,0.10481816530227661,925.9306640625,0.31378304958343506,1234.28564453125,0.31216469407081604,1146.6943359375,0.3528270125389099,1259.0008544921875,0.13975216448307037,1.605602502822876,1.8240176439285278,1.7528924942016602,1.4003080129623413,1.2786771059036255,1.2753362655639648,-0.004365322180092335,-0.01786460541188717,-0.05732269212603569,-0.036923762410879135,-0.0002635110286064446,0.008646676316857338,7.670201778411865,1.2783669233322144,0.008104647509753704,-0.0012431928189471364,-0.18725408613681793,3.324666976928711,6768590.0
183.5,39.05055618286133,-0.2777693569660187,0.10469313710927963,925.9617919921875,0.30884042382240295,1234.316650390625,0.30923008918762207,1146.7293701171875,0.3481616973876953,1259.0150146484375,0.142368346452713,1.6051667928695679,1.822235345840454,1.747199296951294,1.3966823816299438,1.2786833047866821,1.2761880159378052,-0.004349366296082735,-0.01778135821223259,-0.05654309689998627,-0.03559566289186478,0.00037720726686529815,0.008385843597352505,7.674764156341553,1.2791273593902588,0.007534275762736797,-0.0012244024546816945,-0.18442381918430328,3.3249130249023438,6769090.5
183.60000610351562,39.023773193359375,-0.2678108513355255,0.09958518296480179,925.992431640625,0.3040114939212799,1234.347412109375,0.30637240409851074,1146.763916015625,0.34363046288490295,1259.029296875,0.14485028386116028,1.604732632637024,1.8204612731933594,1.741583228111267,1.3931866884231567,1.278748631477356,1.2770100831985474,-0.004334161523729563,-0.01770017296075821,-0.05577944219112396,-0.03432350605726242,0.0009211312280967832,0.00805372279137373,7.67899751663208,1.2798329591751099,0.006987194996327162,-0.0012063502799719572,-0.18170474469661713,3.325155019760132,6769583.5
183.6999969482422,38.9979248046875,-0.25849661231040955,0.09314238280057907,926.0225830078125,0.2992945909500122,1234.3779296875,0.3035892844200134,1146.798095703125,0.3392280042171478,1259.0439453125,0.1472052037715912,1.6042999029159546,1.818695306777954,1.736042857170105,1.3898154497146606,1.2788639068603516,1.2777965068817139,-0.004319662228226662,-0.017620934173464775,-0.055031124502420425,-0.03310462459921837,0.0013788910582661629,0.007676468230783939,7.682922840118408,1.2804871797561646,0.006479769013822079,-0.0011889880988746881,-0.17908957600593567,3.3253934383392334,6770068.5
183.8000030517578,38.97296142578125,-0.24963127076625824,0.08865335583686829,926.0523071289062,0.29468804597854614,1234.408203125,0.3008781373500824,1146.831787109375,0.3349493443965912,1259.058837890625,0.14943866431713104,1.6038686037063599,1.8169370889663696,1.7305763959884644,1.3865636587142944,1.279021143913269,1.2785437107086182,-0.004305835347622633,-0.017543556168675423,-0.05429767817258835,-0.03193671256303787,0.0017594549572095275,0.007271214853972197,7.686553955078125,1.2810924053192139,0.00598969217389822,-0.001172281801700592,-0.17657321691513062,3.3256280422210693,6770546.5
183.89999389648438,38.948848724365234,-0.24112454056739807,0.08506730943918228,926.08154296875,0.2901900112628937,1234.4381103515625,0.29823586344718933,1146.8651123046875,0.3307897746562958,1259.0738525390625,0.15155421197414398,1.6034387350082397,1.8151865005493164,1.7251826524734497,1.3834261894226074,1.2792129516601562,1.2792495489120483,-0.004292664118111134,-0.017467990517616272,-0.05357877165079117,-0.030817879363894463,0.002070109359920025,0.0068479604087769985,7.68989896774292,1.2816498279571533,0.00551005732268095,-0.0011562039144337177,-0.17415152490139008,3.3258590698242188,6771017.0
184.0,38.92551803588867,-0.2333211600780487,0.07803378254175186,926.1103515625,0.2857986390590668,1234.4677734375,0.29566097259521484,1146.89794921875,0.32674482464790344,1259.089111328125,0.1535603106021881,1.6030100584030151,1.8134434223175049,1.7198600769042969,1.380398154258728,1.2794326543807983,1.2799128293991089,-0.00428009033203125,-0.01739409752190113,-0.052873726934194565,-0.029745405539870262,0.0023200041614472866,0.006421840749680996,7.692982196807861,1.2821637392044067,0.00508879916742444,-0.0011407026322558522,-0.1718166470527649,3.3260867595672607,6771480.0
184.10000610351562,38.90285873413086,-0.2265947312116623,0.06726425886154175,926.1387329101562,0.28151196241378784,1234.4971923828125,0.29315459728240967,1146.930419921875,0.322810560464859,1259.1044921875,0.15547330677509308,1.6025826930999756,1.811707615852356,1.7146074771881104,1.377475380897522,1.2796748876571655,1.2805343866348267,-0.0042679933831095695,-0.017321571707725525,-0.05218128487467766,-0.02871520072221756,0.0025214864872395992,0.006016267463564873,7.695858955383301,1.2826430797576904,0.004774967674165964,-0.0011256987927481532,-0.16955672204494476,3.326310873031616,6771936.5
184.1999969482422,38.880767822265625,-0.22088401019573212,0.05710722506046295,926.1666259765625,0.2773280441761017,1234.5264892578125,0.290718674659729,1146.9625244140625,0.31898340582847595,1259.1202392578125,0.15731139481067657,1.602156400680542,1.8099790811538696,1.7094234228134155,1.374653697013855,1.2799354791641235,1.2811174392700195,-0.004256235435605049,-0.017250074073672295,-0.051500070840120316,-0.027722951024770737,0.0026868386194109917,0.00565158249810338,7.69858980178833,1.2830983400344849,0.004562376532703638,-0.001111118239350617,-0.16736054420471191,3.3265316486358643,6772386.0
184.3000030517578,38.8591423034668,-0.21627812087535858,0.04605887085199356,926.1941528320312,0.2732449173927307,1234.555419921875,0.2883559465408325,1146.9942626953125,0.3152604401111603,1259.135986328125,0.1590942144393921,1.6017314195632935,1.8082575798034668,1.704306960105896,1.371929407119751,1.280211329460144,1.2816667556762695,-0.00424466747790575,-0.01717923767864704,-0.05082859843969345,-0.02676418051123619,0.002828136319294572,0.005345543380826712,7.701242923736572,1.2835404872894287,0.004468296188861132,-0.0010968804126605392,-0.16521599888801575,3.326749086380005,6772828.5
184.39999389648438,38.8378791809082,-0.21261747181415558,0.036606498062610626,926.2213134765625,0.26926058530807495,1234.5841064453125,0.28606918454170227,1147.0255126953125,0.31163913011550903,1259.1519775390625,0.16084033250808716,1.6013075113296509,1.8065431118011475,1.6992573738098145,1.3692996501922607,1.2805005311965942,1.282189130783081,-0.0042331465519964695,-0.01710871234536171,-0.05016547814011574,-0.025834722444415092,0.0029559913091361523,0.005109949968755245,7.70388126373291,1.2839802503585815,0.004475671797990799,-0.0010829168604686856,-0.16311277449131012,3.326963424682617,6773265.0
184.5,38.8169059753418,-0.20972882211208344,0.02888643555343151,926.248046875,0.2653731405735016,1234.6126708984375,0.28386062383651733,1147.0565185546875,0.30811741948127747,1259.168212890625,0.16256539523601532,1.6008847951889038,1.8048357963562012,1.694273591041565,1.3667614459991455,1.2808022499084473,1.2826915979385376,-0.004221553914248943,-0.01703820191323757,-0.04950954020023346,-0.024931039661169052,0.0030787677969783545,0.004949438851326704,7.706558704376221,1.2844264507293701,0.004567271564155817,-0.0010691715870052576,-0.16104239225387573,3.327174663543701,6773695.0
184.60000610351562,38.79615783691406,-0.20751133561134338,0.022174900397658348,926.2744140625,0.2615806758403778,1234.640869140625,0.2817321717739105,1147.087158203125,0.3046935796737671,1259.1845703125,0.16428303718566895,1.6004632711410522,1.8031355142593384,1.6893552541732788,1.3643125295639038,1.2811163663864136,1.28318190574646,-0.004209786653518677,-0.01696745678782463,-0.04885975643992424,-0.024050040170550346,0.003203220898285508,0.004864681512117386,7.709321975708008,1.2848870754241943,0.004734325222671032,-0.0010555959306657314,-0.15899759531021118,3.327382802963257,6774119.0
184.6999969482422,38.77558135986328,-0.20576317608356476,0.01748155988752842,926.3003540039062,0.2578813433647156,1234.6689453125,0.2796850800514221,1147.1175537109375,0.30136609077453613,1259.2010498046875,0.1660037636756897,1.6000428199768066,1.8014423847198486,1.6845014095306396,1.3619506359100342,1.2814431190490723,1.2836673259735107,-0.004197764676064253,-0.016896279528737068,-0.048215340822935104,-0.023189274594187737,0.003334048902615905,0.004851548001170158,7.712206840515137,1.2853678464889526,0.004953471943736076,-0.0010421562474220991,-0.15697325766086578,3.3275880813598633,6774536.5
184.8000030517578,38.75514602661133,-0.20433752238750458,0.014256563037633896,926.3259887695312,0.254273384809494,1234.69677734375,0.2777198255062103,1147.1474609375,0.2981336712837219,1259.2177734375,0.16773498058319092,1.599623680114746,1.7997562885284424,1.679711937904358,1.3596739768981934,1.2817834615707397,1.2841546535491943,-0.004185433965176344,-0.01682453788816929,-0.04757574200630188,-0.022346915677189827,0.0034740783739835024,0.004902403801679611,7.715238094329834,1.2858730554580688,0.005208653397858143,-0.0010288292542099953,-0.15496589243412018,3.3277902603149414,6774948.5
184.89999389648438,38.73480224609375,-0.20342054963111877,0.009169778786599636,926.3511962890625,0.2507550120353699,1234.7244873046875,0.27583765983581543,1147.1771240234375,0.29499515891075134,1259.234619140625,0.1694861203432083,1.599205732345581,1.7980774641036987,1.6749861240386963,1.3574806451797485,1.282138466835022,1.284650206565857,-0.0041727228090167046,-0.016752060502767563,-0.04694024845957756,-0.02152080647647381,0.0036269468255341053,0.005014786962419748,7.718447685241699,1.2864079475402832,0.005526553839445114,-0.0010155783966183662,-0.15297000110149384,3.3279898166656494,6775354.5
185.0,38.71451187133789,-0.20291124284267426,0.005093079525977373,926.3760986328125,0.247324600815773,1234.751953125,0.27404001355171204,1147.2064208984375,0.2919495701789856,1259.2515869140625,0.17126652598381042,1.598789095878601,1.7964059114456177,1.6703237295150757,1.355369210243225,1.282509446144104,1.285159945487976,-0.004159561358392239,-0.016678672283887863,-0.04630817472934723,-0.020708875730633736,0.0037959490437060595,0.005186617840081453,7.721867561340332,1.2869778871536255,0.005893588066101074,-0.001002374803647399,-0.15098123252391815,3.328186511993408,6775755.5
185.10000610351562,38.69425964355469,-0.2025356888771057,0.003755551064386964,926.4006958007812,0.2439805269241333,1234.779296875,0.2723270654678345,1147.2354736328125,0.2889961302280426,1259.268798828125,0.1730809211730957,1.5983738899230957,1.7947417497634888,1.6657243967056274,1.353338360786438,1.2828983068466187,1.2856895923614502,-0.004145915154367685,-0.016604291275143623,-0.04567916318774223,-0.019909916445612907,0.003981900867074728,0.005409540142863989,7.725513935089111,1.2875856161117554,0.0062758359126746655,-0.0009892089292407036,-0.14899814128875732,3.328380584716797,6776150.5
185.1999969482422,38.67406463623047,-0.20194126665592194,0.0059441979974508286,926.4249267578125,0.24072124063968658,1234.8065185546875,0.27069711685180664,1147.2642822265625,0.28613391518592834,1259.2862548828125,0.17492736876010895,1.5979599952697754,1.7930850982666016,1.661187767982483,1.3513866662979126,1.2833064794540405,1.286243200302124,-0.004131803289055824,-0.016528969630599022,-0.04505334794521332,-0.019123971462249756,0.0041822399944067,0.005667139310389757,7.729377746582031,1.2882295846939087,0.006629002280533314,-0.0009760968969203532,-0.14702315628528595,3.3285722732543945,6776540.0
185.3000030517578,38.653934478759766,-0.2013092190027237,0.006320493295788765,926.4488525390625,0.23754526674747467,1234.83349609375,0.269148588180542,1147.292724609375,0.2833620011806488,1259.3038330078125,0.1768043488264084,1.5975475311279297,1.791435956954956,1.656713604927063,1.349513053894043,1.2837351560592651,1.2868238687515259,-0.004117242526262999,-0.016452744603157043,-0.04443083703517914,-0.01835099793970585,0.004394855350255966,0.005947974976152182,7.733451843261719,1.2889087200164795,0.006978796795010567,-0.0009630417334847152,-0.14505673944950104,3.328761100769043,6776925.0
185.39999389648438,38.63383865356445,-0.20094797015190125,0.0036124472972005606,926.472412109375,0.23445114493370056,1234.8603515625,0.2676815688610077,1147.3209228515625,0.2806794345378876,1259.3216552734375,0.17871595919132233,1.5971364974975586,1.7897945642471313,1.652301549911499,1.3477160930633545,1.2841858863830566,1.2874337434768677,-0.0041022030636668205,-0.016375549137592316,-0.043811310082674026,-0.017589939758181572,0.004620580933988094,0.006251954473555088,7.73775053024292,1.2896250486373901,0.007363703567534685,-0.0009500241721980274,-0.1430959850549698,3.3289475440979004,6777304.5
185.5,38.6137809753418,-0.2006022036075592,0.0034577057231217623,926.4957275390625,0.23143751919269562,1234.886962890625,0.26629573106765747,1147.348876953125,0.278085321187973,1259.339599609375,0.18066436052322388,1.5967271327972412,1.7881609201431274,1.6479512453079224,1.3459945917129517,1.2846598625183105,1.2880749702453613,-0.004086671397089958,-0.016297349706292152,-0.04319461062550545,-0.016840115189552307,0.004859231412410736,0.0065759350545704365,7.742279529571533,1.2903798818588257,0.007747795432806015,-0.0009370434563606977,-0.14114078879356384,3.329131603240967,6777679.0
185.60000610351562,38.593746185302734,-0.2003355473279953,0.0026665180921554565,926.5187377929688,0.2285030335187912,1234.91357421875,0.2649904787540436,1147.3765869140625,0.2755787968635559,1259.3577880859375,0.18265101313591003,1.5963191986083984,1.7865351438522339,1.643662452697754,1.344347596168518,1.2851582765579224,1.2887495756149292,-0.00407063914462924,-0.01621812768280506,-0.04258061945438385,-0.016100995242595673,0.005110293626785278,0.006916613783687353,7.747043132781982,1.2911739349365234,0.008142087608575821,-0.0009240941726602614,-0.13919033110141754,3.329313278198242,6778049.0
185.6999969482422,38.573760986328125,-0.19986045360565186,0.004750881344079971,926.5414428710938,0.22564639151096344,1234.9400634765625,0.26376423239707947,1147.404052734375,0.2731589376926422,1259.3760986328125,0.18467359244823456,1.595913052558899,1.7849173545837402,1.6394349336624146,1.3427739143371582,1.2856823205947876,1.2894586324691772,-0.0040541281923651695,-0.01613793894648552,-0.04196950048208237,-0.015372736379504204,0.0053714425303041935,0.0072657386772334576,7.752032279968262,1.2920053005218506,0.008507335558533669,-0.0009111917461268604,-0.13724690675735474,3.3294928073883057,6778414.5
185.8000030517578,38.5538444519043,-0.19915682077407837,0.007036446128040552,926.5638427734375,0.22286632657051086,1234.96630859375,0.2626146972179413,1147.43115234375,0.27082473039627075,1259.3946533203125,0.1867275834083557,1.5955084562301636,1.7833075523376465,1.6352684497833252,1.3412725925445557,1.286232829093933,1.2902026176452637,-0.004037179052829742,-0.016056884080171585,-0.04136157035827637,-0.01465589739382267,0.0056394473649561405,0.007613848894834518,7.757227897644043,1.292871356010437,0.008842413313686848,-0.0008983526495285332,-0.13531304895877838,3.329669952392578,6778775.0
185.89999389648438,38.53399658203125,-0.1984841227531433,0.0067269508726894855,926.5859985351562,0.22016163170337677,1234.9925537109375,0.26154059171676636,1147.4581298828125,0.26857516169548035,1259.4134521484375,0.1888120472431183,1.595105528831482,1.7817059755325317,1.6311625242233276,1.3398423194885254,1.2868103981018066,1.2909812927246094,-0.0040198019705712795,-0.015974989160895348,-0.04075688496232033,-0.013950363732874393,0.005913139786571264,0.007959408685564995,7.762626647949219,1.2937711477279663,0.0091808857396245,-0.0008855750202201307,-0.1333884447813034,3.3298449516296387,6779131.5
186.0,38.514198303222656,-0.19798018038272858,0.00503945630043745,926.60791015625,0.21753111481666565,1235.0186767578125,0.26054173707962036,1147.4849853515625,0.26640912890434265,1259.432373046875,0.19092971086502075,1.594704508781433,1.780112624168396,1.6271169185638428,1.338482141494751,1.287415623664856,1.2917945384979248,-0.004001978784799576,-0.015892211347818375,-0.040155231952667236,-0.013255376368761063,0.006193211767822504,0.008306612260639668,7.7682366371154785,1.294706106185913,0.009538911283016205,-0.0008728470420464873,-0.13147130608558655,3.3300178050994873,6779483.5
186.10000610351562,38.494441986083984,-0.19754841923713684,0.00431749876588583,926.6295166015625,0.2149735987186432,1235.044677734375,0.2596178650856018,1147.511474609375,0.26432564854621887,1259.45166015625,0.19308261573314667,1.594305157661438,1.7785276174545288,1.6231313943862915,1.337190866470337,1.288049340248108,1.2926427125930786,-0.003983696456998587,-0.01580851897597313,-0.03955645486712456,-0.012570306658744812,0.0064799971878528595,0.008657630532979965,7.774063587188721,1.2956773042678833,0.009903158992528915,-0.0008601637673564255,-0.1295609027147293,3.330188751220703,6779831.5
186.1999969482422,38.4747200012207,-0.19723083078861237,0.0031759548000991344,926.65087890625,0.21248798072338104,1235.070556640625,0.2587687075138092,1147.537841796875,0.262323796749115,1259.4710693359375,0.19527287781238556,1.5939077138900757,1.7769509553909302,1.6192055940628052,1.3359676599502563,1.2887119054794312,1.293526291847229,-0.0039649405516684055,-0.015723880380392075,-0.03896038234233856,-0.011894534341990948,0.006773835048079491,0.009014236740767956,7.780115127563477,1.296685814857483,0.010280643589794636,-0.0008475173381157219,-0.12765605747699738,3.330357551574707,6780175.0
186.3000030517578,38.45499038696289,-0.19730781018733978,-0.0007697546971030533,926.6719970703125,0.21007314324378967,1235.096435546875,0.2579954266548157,1147.56396484375,0.26040273904800415,1259.49072265625,0.19750714302062988,1.5935121774673462,1.7753828763961792,1.6153392791748047,1.3348116874694824,1.2894043922424316,1.2944461107254028,-0.003945660777390003,-0.01563817262649536,-0.03836652263998985,-0.011226635426282883,0.007077294401824474,0.009384721517562866,7.786413192749023,1.297735571861267,0.010709399357438087,-0.000834879872854799,-0.1257525533437729,3.330524444580078,6780515.0
186.39999389648438,38.435218811035156,-0.19769059121608734,-0.003827926702797413,926.6929321289062,0.2077280431985855,1235.1221923828125,0.2572995126247406,1147.58984375,0.2585618197917938,1259.510498046875,0.19979266822338104,1.593118667602539,1.7738233804702759,1.611532211303711,1.3337221145629883,1.2901278734207153,1.295404076576233,-0.003925801254808903,-0.01555126067250967,-0.03777433931827545,-0.010565108619630337,0.007393047213554382,0.009776161052286625,7.792984485626221,1.2988307476043701,0.011176700703799725,-0.0008222299511544406,-0.12384717166423798,3.3306896686553955,6780851.0
186.5,38.415382385253906,-0.1983797401189804,-0.006891387049108744,926.7135620117188,0.20545163750648499,1235.1478271484375,0.2566823661327362,1147.6156005859375,0.2568005323410034,1259.5306396484375,0.20213629305362701,1.5927270650863647,1.7722727060317993,1.6077842712402344,1.3326984643936157,1.2908836603164673,1.2964024543762207,-0.0039053091313689947,-0.015463015995919704,-0.037183329463005066,-0.009908567182719707,0.007723356131464243,0.010193314403295517,7.799851894378662,1.2999752759933472,0.011685149744153023,-0.0008095460361801088,-0.12193668633699417,3.330852746963501,6781183.5
186.60000610351562,38.395469665527344,-0.19912366569042206,-0.007439237553626299,926.7340087890625,0.2032429575920105,1235.1734619140625,0.25614455342292786,1147.6412353515625,0.2551184892654419,1259.551025390625,0.20454131066799164,1.5923376083374023,1.7707308530807495,1.604095458984375,1.3317402601242065,1.291673183441162,1.2974437475204468,-0.003884160192683339,-0.015373382717370987,-0.036593254655599594,-0.00925629772245884,0.008068576455116272,0.010634420439600945,7.807027339935303,1.3011711835861206,0.012201801873743534,-0.0007968248683027923,-0.12002057582139969,3.3310141563415527,6781512.0
186.6999969482422,38.375518798828125,-0.1995224803686142,-0.003988218028098345,926.7542114257812,0.20110107958316803,1235.1990966796875,0.25568440556526184,1147.6666259765625,0.25351521372795105,1259.571533203125,0.20700348913669586,1.5919502973556519,1.7691980600357056,1.6004656553268433,1.3308470249176025,1.2924978733062744,1.2985297441482544,-0.003862390061840415,-0.015282451175153255,-0.03600441664457321,-0.00860896147787571,0.008425327017903328,0.011086789891123772,7.814494609832764,1.3024158477783203,0.012674513272941113,-0.0007840915350243449,-0.11810263246297836,3.331173896789551,6781837.0
186.8000030517578,38.35556411743164,-0.19954799115657806,-0.0002551170764490962,926.7742309570312,0.19902507960796356,1235.224609375,0.25529924035072327,1147.69189453125,0.2519901692867279,1259.5924072265625,0.2095155566930771,1.5915651321411133,1.767674446105957,1.5968945026397705,1.330018162727356,1.293358564376831,1.2996610403060913,-0.003840060206130147,-0.015190372243523598,-0.0354173481464386,-0.007967757992446423,0.00878899171948433,0.011536386795341969,7.822227478027344,1.3037046194076538,0.013100966811180115,-0.0007713731611147523,-0.1161869466304779,3.331331968307495,6782159.0
186.89999389648438,38.33563995361328,-0.19923503696918488,0.0031296273227781057,926.7940063476562,0.19701410830020905,1235.2501220703125,0.254986435174942,1147.717041015625,0.250542551279068,1259.6134033203125,0.21207040548324585,1.5911823511123657,1.766160011291504,1.5933820009231567,1.3292531967163086,1.2942557334899902,1.3008365631103516,-0.003817229997366667,-0.015097294002771378,-0.03483255207538605,-0.007333821151405573,0.00915540847927332,0.011972914449870586,7.830198764801025,1.3050330877304077,0.013483764603734016,-0.0007586941937915981,-0.1142771914601326,3.331488609313965,6782477.5
187.0,38.31574249267578,-0.19897738099098206,0.002576578175649047,926.8135986328125,0.19506728649139404,1235.275634765625,0.2547449469566345,1147.7420654296875,0.24917152523994446,1259.634765625,0.21466681361198425,1.59080171585083,1.7646549940109253,1.5899279117584229,1.328551173210144,1.295189619064331,1.3020551204681396,-0.0037939122412353754,-0.015003250911831856,-0.034250110387802124,-0.006707199849188328,0.009523640386760235,0.012397563084959984,7.838403224945068,1.3064005374908447,0.013874834403395653,-0.0007460510241799057,-0.11237283796072006,3.3316433429718018,6782793.0
187.10000610351562,38.29585647583008,-0.19885572791099548,0.0012164671206846833,926.8330078125,0.1931838095188141,1235.3011474609375,0.25457483530044556,1147.7669677734375,0.24787625670433044,1259.6563720703125,0.2173071801662445,1.590423583984375,1.7631593942642212,1.5865319967269897,1.3279114961624146,1.2961605787277222,1.3033157587051392,-0.0037700894754379988,-0.0149082001298666,-0.033669836819171906,-0.0060872770845890045,0.009894629009068012,0.01281663030385971,7.846848964691162,1.3078081607818604,0.014281971380114555,-0.0007334343390539289,-0.11047247052192688,3.331796884536743,6783105.0
187.1999969482422,38.276004791259766,-0.1985045075416565,0.0035122570116072893,926.8522338867188,0.19136282801628113,1235.3265380859375,0.2544747591018677,1147.7916259765625,0.24665595591068268,1259.67822265625,0.2199888974428177,1.5900477170944214,1.7616733312606812,1.5831938982009888,1.3273334503173828,1.2971686124801636,1.304618000984192,-0.0037457854487001896,-0.014812203124165535,-0.03309191018342972,-0.00547436997294426,0.010266728699207306,0.01322705578058958,7.855525493621826,1.3092542886734009,0.01465509831905365,-0.0007208608440123498,-0.10857859998941422,3.331948757171631,6783414.5
187.3000030517578,38.256195068359375,-0.19809754192829132,0.004069640301167965,926.871337890625,0.18960356712341309,1235.35205078125,0.25444331765174866,1147.8162841796875,0.24550975859165192,1259.700439453125,0.2227095067501068,1.5896743535995483,1.7601970434188843,1.5799134969711304,1.3268163204193115,1.2982138395309448,1.305960774421692,-0.0037210227455943823,-0.014715314842760563,-0.03251649811863899,-0.004868755582720041,0.01063852570950985,0.0136270048096776,7.864422798156738,1.310737133026123,0.015020553022623062,-0.0007083347300067544,-0.106691874563694,3.332099199295044,6783721.0
187.39999389648438,38.236419677734375,-0.19774149358272552,0.0035605020821094513,926.8901977539062,0.1879052221775055,1235.37744140625,0.25447994470596313,1147.8406982421875,0.24443680047988892,1259.7227783203125,0.22546932101249695,1.5893036127090454,1.7587302923202515,1.576690435409546,1.3263593912124634,1.299296259880066,1.3073431253433228,-0.003695801133289933,-0.014617537148296833,-0.031943563371896744,-0.0042701950296759605,0.011010107584297657,0.014019301161170006,7.873541831970215,1.3122570514678955,0.015390967018902302,-0.0006958527374081314,-0.10481179505586624,3.3322484493255615,6784024.5
187.5,38.21669387817383,-0.19728966057300568,0.004518201109021902,926.9088745117188,0.18626701831817627,1235.4029541015625,0.2545836865901947,1147.8651123046875,0.24343624711036682,1259.7454833984375,0.2282671332359314,1.5889352560043335,1.757273554801941,1.5735247135162354,1.325961947441101,1.3004158735275269,1.3087643384933472,-0.0036701327189803123,-0.014518901705741882,-0.03137318417429924,-0.0036787441931664944,0.0113807562738657,0.014403562992811203,7.882877349853516,1.3138128519058228,0.01574547402560711,-0.0006834219093434513,-0.1029394268989563,3.3323962688446045,6784325.5
187.60000610351562,38.19704055786133,-0.19653348624706268,0.007561737205833197,926.9274291992188,0.18468819558620453,1235.4283447265625,0.2547522783279419,1147.889404296875,0.2425071746110916,1259.7684326171875,0.23109745979309082,1.5885695219039917,1.7558265924453735,1.570415735244751,1.3256232738494873,1.301572322845459,1.3102232217788696,-0.003644064301624894,-0.014419523999094963,-0.030805742368102074,-0.003095218213275075,0.01174774020910263,0.014773146249353886,7.8924078941345215,1.315401315689087,0.016056014224886894,-0.0006710642483085394,-0.10107807070016861,3.332542657852173,6784624.0
187.6999969482422,38.17747497558594,-0.1956484615802765,0.008850274607539177,926.9458618164062,0.18316800892353058,1235.453857421875,0.25498369336128235,1147.9136962890625,0.2416485846042633,1259.791748046875,0.23395606875419617,1.58820641040802,1.7543896436691284,1.5673633813858032,1.3253425359725952,1.302765130996704,1.311718225479126,-0.003617632668465376,-0.014319495297968388,-0.030241528525948524,-0.0025201961398124695,0.012109135277569294,0.0151249710470438,7.902117729187012,1.3170195817947388,0.016347277909517288,-0.0006587890675291419,-0.09922913461923599,3.332688093185425,6784919.5
187.8000030517578,38.15803909301758,-0.19435079395771027,0.012976747006177902,926.9640502929688,0.18170569837093353,1235.4793701171875,0.25527501106262207,1147.937744140625,0.24085935950279236,1259.8153076171875,0.23683543503284454,1.587846040725708,1.7529627084732056,1.5643672943115234,1.325118899345398,1.3039937019348145,1.3132470846176147,-0.003590901382267475,-0.014218972064554691,-0.029681073501706123,-0.0019548293203115463,0.012461550533771515,0.015451619401574135,7.911978244781494,1.3186630010604858,0.016577154397964478,-0.000646625820081681,-0.09739706665277481,3.332832098007202,6785213.0
187.89999389648438,38.13881301879883,-0.19227197766304016,0.020788151770830154,926.982177734375,0.1803005188703537,1235.5048828125,0.2556208074092865,1147.9617919921875,0.2401381880044937,1259.839111328125,0.23972022533416748,1.5874882936477661,1.7515459060668945,1.5614269971847534,1.3249510526657104,1.3052568435668945,1.3148066997528076,-0.0035639966372400522,-0.014118265360593796,-0.02912546694278717,-0.0014016588684171438,0.012797980569303036,0.01573561131954193,7.921932697296143,1.3203221559524536,0.01669456996023655,-0.0006346300942823291,-0.09559021890163422,3.332975149154663,6785504.0
188.0,38.11986541748047,-0.18948155641555786,0.02790420688688755,927.0001220703125,0.178951695561409,1235.530517578125,0.2560149133205414,1147.98583984375,0.23948337137699127,1259.8631591796875,0.24259331822395325,1.5871332883834839,1.7501389980316162,1.5585418939590454,1.3248379230499268,1.3065524101257324,1.3163917064666748,-0.0035370606929063797,-0.014017722569406033,-0.028575925156474113,-0.0008634828263893723,0.013111094944179058,0.015961213037371635,7.931917667388916,1.3219863176345825,0.016708265990018845,-0.0006228522397577763,-0.09381619840860367,3.3331170082092285,6785793.0
188.10000610351562,38.101261138916016,-0.18603835999965668,0.03443189337849617,927.0179443359375,0.17765842378139496,1235.55615234375,0.256451278924942,1148.009765625,0.23889289796352386,1259.8875732421875,0.2454385608434677,1.5867809057235718,1.7487423419952393,1.5557115077972412,1.3247777223587036,1.307877779006958,1.3179959058761597,-0.003510227194055915,-0.013917672447860241,-0.028033584356307983,-0.00034285912988707423,0.013394585810601711,0.016117895022034645,7.941872596740723,1.3236453533172607,0.016621891409158707,-0.000611338356975466,-0.0920819416642189,3.3332579135894775,6786080.0
188.1999969482422,38.08309555053711,-0.18162371218204498,0.04414661228656769,927.0357055664062,0.17641989886760712,1235.581787109375,0.2569220960140228,1148.0335693359375,0.23836442828178406,1259.9122314453125,0.24823471903800964,1.5864311456680298,1.7473554611206055,1.5529348850250244,1.3247685432434082,1.3092297315597534,1.319611668586731,-0.00348367216065526,-0.013818543404340744,-0.027499940246343613,0.00015680397336836904,0.013640118762850761,0.01618986949324608,7.951717853546143,1.3252863883972168,0.01638675294816494,-0.0006001569563522935,-0.09039775282144547,3.33339786529541,6786364.5
188.3000030517578,38.06549072265625,-0.17606183886528015,0.055618710815906525,927.0532836914062,0.17523521184921265,1235.6075439453125,0.2574176788330078,1148.057373046875,0.23789511620998383,1259.937255859375,0.25095513463020325,1.5860841274261475,1.7459784746170044,1.5502110719680786,1.3248080015182495,1.3106037378311157,1.321229338645935,-0.003457615850493312,-0.013720875605940819,-0.026976879686117172,0.0006311892066150904,0.013837281614542007,0.016156911849975586,7.961355209350586,1.3268924951553345,0.01597609743475914,-0.0005893887137062848,-0.08877580612897873,3.3335368633270264,6786647.5
188.39999389648438,38.048553466796875,-0.16938051581382751,0.06681319326162338,927.0707397460938,0.17410342395305634,1235.63330078125,0.2579275369644165,1148.0811767578125,0.23748162388801575,1259.9625244140625,0.25357168912887573,1.5857396125793457,1.7446112632751465,1.5475389957427979,1.3248934745788574,1.3119946718215942,1.3228377103805542,-0.003432290628552437,-0.013625234365463257,-0.026466375216841698,0.001075834035873413,0.013975768350064754,0.016001613810658455,7.970678806304932,1.3284465074539185,0.015389564447104931,-0.0005791121511720121,-0.08722791820764542,3.333674907684326,6786928.5
188.5,38.032371520996094,-0.16182959079742432,0.07550916820764542,927.0880737304688,0.1730235069990158,1235.6590576171875,0.25844183564186096,1148.1048583984375,0.2371201515197754,1259.9879150390625,0.2560596466064453,1.5853976011276245,1.7432533502578735,1.5449172258377075,1.3250218629837036,1.3133962154388428,1.3244240283966064,-0.003407903015613556,-0.013532121665775776,-0.025970138609409332,0.0014869917649775743,0.014047709293663502,0.015715844929218292,7.97959566116333,1.3299325704574585,0.014657014049589634,-0.0005693878047168255,-0.08576320111751556,3.3338119983673096,6787207.5
188.60000610351562,38.01700973510742,-0.15359216928482056,0.08237423747777939,927.1053466796875,0.17199432849884033,1235.6849365234375,0.2589516341686249,1148.1285400390625,0.2368064969778061,1260.013671875,0.25839826464653015,1.5850579738616943,1.7419047355651855,1.542344331741333,1.325189471244812,1.3148012161254883,1.3259752988815308,-0.003384627867490053,-0.013441960327327251,-0.02548958919942379,0.001861719531007111,0.01404776331037283,0.015299241058528423,7.9880266189575195,1.331337809562683,0.013798668049275875,-0.0005602631135843694,-0.08438880741596222,3.3339481353759766,6787485.0
188.6999969482422,38.002506256103516,-0.1450454592704773,0.08546716719865799,927.1224975585938,0.17101465165615082,1235.7109375,0.25944972038269043,1148.1522216796875,0.23653629422187805,1260.0396728515625,0.2605733871459961,1.5847206115722656,1.7405648231506348,1.5398186445236206,1.3253926038742065,1.3162026405334473,1.3274786472320557,-0.0033625869546085596,-0.013355044648051262,-0.02502564713358879,0.0021983461920171976,0.013974265195429325,0.014761490747332573,7.99591588973999,1.3326526880264282,0.01286448072642088,-0.0005517585086636245,-0.08310781419277191,3.3340837955474854,6787761.0
188.8000030517578,37.98886489868164,-0.1364116221666336,0.08633842319250107,927.1395263671875,0.170083150267601,1235.73681640625,0.25993046164512634,1148.1759033203125,0.23630507290363312,1260.0657958984375,0.26257675886154175,1.5843853950500488,1.7392334938049316,1.5373384952545166,1.3256274461746216,1.3175930976867676,1.3289228677749634,-0.0033418547827750444,-0.01327155064791441,-0.024578802287578583,0.0024963028263300657,0.01382855512201786,0.014118584804236889,8.003229141235352,1.333871603012085,0.011882735416293144,-0.0005438789376057684,-0.08192095905542374,3.3342185020446777,6788035.5
188.89999389648438,37.97607421875,-0.12791597843170166,0.08495637029409409,927.156494140625,0.1691984236240387,1235.7628173828125,0.2603897154331207,1148.199462890625,0.2361084222793579,1260.0921630859375,0.26440519094467163,1.5840522050857544,1.7379103899002075,1.5349020957946777,1.325890302658081,1.3189655542373657,1.3302984237670898,-0.0033224658109247684,-0.013191553764045238,-0.024149170145392418,0.0027559406589716673,0.013614331372082233,0.013390084728598595,8.009950637817383,1.3349918127059937,0.010885005816817284,-0.000536613049916923,-0.08082655072212219,3.334352493286133,6788308.5
189.0,37.96403884887695,-0.12033748626708984,0.07578491419553757,927.1734008789062,0.1683589518070221,1235.7889404296875,0.2608274221420288,1148.22314453125,0.23594224452972412,1260.11865234375,0.26606932282447815,1.5837209224700928,1.7365950345993042,1.5325080156326294,1.3261772394180298,1.320313572883606,1.3315985202789307,-0.0033043413423001766,-0.01311485655605793,-0.023735854774713516,0.002980117918923497,0.013341880403459072,0.012611901387572289,8.016115188598633,1.3360191583633423,0.0099830636754632,-0.0005298947799019516,-0.0798146203160286,3.3344860076904297,6788580.0
189.10000610351562,37.95259094238281,-0.11448633670806885,0.058511532843112946,927.190185546875,0.16756318509578705,1235.8150634765625,0.2612493634223938,1148.2467041015625,0.23580302298069,1260.1453857421875,0.2675985097885132,1.5833913087844849,1.7352873086929321,1.5301544666290283,1.3264851570129395,1.3216322660446167,1.3328207731246948,-0.003287252737209201,-0.013040889985859394,-0.023336609825491905,0.003174989251419902,0.013029889203608036,0.011839230544865131,8.021822929382324,1.336970567703247,0.00929209589958191,-0.0005236007273197174,-0.07886658608913422,3.33461856842041,6788850.0
189.1999969482422,37.94153594970703,-0.11057023704051971,0.03916095942258835,927.2069091796875,0.16680951416492462,1235.8411865234375,0.2616647481918335,1148.270263671875,0.2356882393360138,1260.172119140625,0.2690318524837494,1.5830633640289307,1.7339868545532227,1.527840256690979,1.32681143283844,1.3229187726974487,1.3339686393737793,-0.003270889865234494,-0.012968889437615871,-0.0229484923183918,0.003348321421071887,0.01270040962845087,0.011128284968435764,8.027215003967285,1.3378692865371704,0.008844937197864056,-0.0005175932892598212,-0.07796172797679901,3.3347506523132324,6789119.0
189.3000030517578,37.93068313598633,-0.10852822661399841,0.020420122891664505,927.2235107421875,0.16609637439250946,1235.8673095703125,0.2620837688446045,1148.2938232421875,0.23559634387493134,1260.1990966796875,0.27041003108024597,1.5827370882034302,1.7326934337615967,1.525564432144165,1.327154278755188,1.3241724967956543,1.3350507020950317,-0.0032549293246120214,-0.012898055836558342,-0.022568458691239357,0.0035079866647720337,0.012374612502753735,0.010524014011025429,8.03243637084961,1.3387393951416016,0.008641845546662807,-0.0005117394612170756,-0.07708000391721725,3.3348822593688965,6789386.5
189.39999389648438,37.91989517211914,-0.10787740349769592,0.006508244201540947,927.2401123046875,0.165422260761261,1235.8935546875,0.26251542568206787,1148.3173828125,0.23552671074867249,1260.2261962890625,0.27176719903945923,1.5824123620986938,1.7314071655273438,1.5233262777328491,1.3275127410888672,1.3253945112228394,1.3360786437988281,-0.0032390987034887075,-0.012827721424400806,-0.022193966433405876,0.0036604623310267925,0.012068761512637138,0.010050339624285698,8.03760814666748,1.3396013975143433,0.008623491041362286,-0.0005059406976215541,-0.07620657235383987,3.3350131511688232,6789653.5
189.5,37.90903091430664,-0.10863840579986572,-0.007610049564391375,927.2566528320312,0.1647857129573822,1235.919921875,0.2629685401916504,1148.3409423828125,0.2354794293642044,1260.2535400390625,0.27313539385795593,1.5820893049240112,1.7301279306411743,1.5211254358291626,1.3278863430023193,1.3265875577926636,1.337066650390625,-0.0032231409568339586,-0.012757252901792526,-0.02182263508439064,0.0038117149379104376,0.011796945706009865,0.009722789749503136,8.042847633361816,1.3404744863510132,0.008803540840744972,-0.0005000972305424511,-0.07532640546560287,3.335143566131592,6789919.0
189.60000610351562,37.89793014526367,-0.11099554598331451,-0.023571394383907318,927.2730712890625,0.16418540477752686,1235.9461669921875,0.2634536623954773,1148.364501953125,0.23545530438423157,1260.2808837890625,0.2745508551597595,1.5817677974700928,1.7288557291030884,1.518961787223816,1.3282753229141235,1.3277559280395508,1.3380299806594849,-0.0032067648135125637,-0.012685935944318771,-0.02145180106163025,0.003968303557485342,0.01157421339303255,0.009559509344398975,8.048283576965332,1.3413805961608887,0.009214119985699654,-0.0004940966027788818,-0.07442257553339005,3.335273504257202,6790183.5
189.6999969482422,37.88648986816406,-0.11441062390804291,-0.03415081277489662,927.2894897460938,0.16362012922763824,1235.9725341796875,0.263979971408844,1148.3880615234375,0.23545582592487335,1260.3084716796875,0.27604347467422485,1.581447958946228,1.727590799331665,1.5168352127075195,1.328680396080017,1.3289048671722412,1.3389854431152344,-0.0031897281296551228,-0.012613180093467236,-0.021079273894429207,0.004135490395128727,0.011411353945732117,0.009564640931785107,8.054027557373047,1.3423378467559814,0.009782904759049416,-0.0004878645995631814,-0.07348388433456421,3.3354032039642334,6790447.0
189.8000030517578,37.87460708618164,-0.11880484223365784,-0.04394214227795601,927.3057861328125,0.16308878362178802,1235.9990234375,0.26455584168434143,1148.41162109375,0.23548293113708496,1260.3360595703125,0.2776387333869934,1.5811299085617065,1.7263332605361938,1.514746069908142,1.3291029930114746,1.3300409317016602,1.3399497270584106,-0.003171824151650071,-0.012538479641079903,-0.02070320025086403,0.004317615181207657,0.0113162100315094,0.009735124185681343,8.060172080993652,1.3433619737625122,0.010507576167583466,-0.00048133282689377666,-0.07250005006790161,3.3355321884155273,6790710.0
189.89999389648438,37.86219787597656,-0.12411907315254211,-0.05314231663942337,927.3220825195312,0.16259044408798218,1236.0255126953125,0.2651897072792053,1148.4351806640625,0.2355390340089798,1260.3638916015625,0.27936139702796936,1.5808136463165283,1.7250832319259644,1.5126948356628418,1.3295446634292603,1.3311711549758911,1.3409391641616821,-0.0031528505496680737,-0.012461341917514801,-0.020321793854236603,0.00451877573505044,0.011295671574771404,0.010067705065011978,8.066807746887207,1.3444679975509644,0.01138353068381548,-0.0004744372272398323,-0.07146140933036804,3.335660934448242,6790972.0
190.0,37.849212646484375,-0.12983903288841248,-0.05719968304038048,927.3383178710938,0.162124365568161,1236.052001953125,0.26588794589042664,1148.458740234375,0.23562680184841156,1260.3919677734375,0.28122809529304504,1.5804994106292725,1.7238410711288452,1.5106819868087769,1.3300076723098755,1.3323031663894653,1.3419694900512695,-0.0031326699536293745,-0.012381434440612793,-0.01993386633694172,0.004741514101624489,0.01135213952511549,0.010547798126935959,8.073999404907227,1.345666527748108,0.012340232729911804,-0.00046715029748156667,-0.07036382704973221,3.335789203643799,6791233.0
190.10000610351562,37.83563995361328,-0.13573597371578217,-0.058969270437955856,927.3544921875,0.161689892411232,1236.07861328125,0.2666550874710083,1148.4822998046875,0.2357490509748459,1260.420166015625,0.28324857354164124,1.580187201499939,1.7226070165634155,1.5087083578109741,1.3304939270019531,1.3334447145462036,1.3430540561676025,-0.003111200639978051,-0.012298562563955784,-0.019538745284080505,0.004987047519534826,0.011484417133033276,0.011154147796332836,8.081782341003418,1.3469637632369995,0.013349905610084534,-0.0004594607453327626,-0.06920559704303741,3.3359169960021973,6791493.5
190.1999969482422,37.82146453857422,-0.14175795018672943,-0.06021985784173012,927.3706665039062,0.16128656268119812,1236.1053466796875,0.2674950957298279,1148.505859375,0.23590858280658722,1260.4486083984375,0.2854301929473877,1.5798771381378174,1.721381425857544,1.5067745447158813,1.3310060501098633,1.3346030712127686,1.3442049026489258,-0.0030883788131177425,-0.012212575413286686,-0.01913592964410782,0.005256156902760267,0.011690318584442139,0.011867516674101353,8.090187072753906,1.3483644723892212,0.014406398870050907,-0.00045136097469367087,-0.06798558682203293,3.3360445499420166,6791753.0
190.3000030517578,37.806697845458984,-0.1476665735244751,-0.059086207300424576,927.3867797851562,0.16091404855251312,1236.1322021484375,0.26841074228286743,1148.5294189453125,0.23610815405845642,1260.477294921875,0.28777626156806946,1.5795695781707764,1.7201646566390991,1.504881501197815,1.3315461874008179,1.3357856273651123,1.3454313278198242,-0.003064174437895417,-0.012123405002057552,-0.01872522570192814,0.005548855289816856,0.011965794488787651,0.012667150236666203,8.099227905273438,1.349871277809143,0.015474952757358551,-0.0004428603278938681,-0.06670518964529037,3.336171865463257,6792012.5
190.39999389648438,37.79133605957031,-0.1535925269126892,-0.05925949290394783,927.40283203125,0.1605721116065979,1236.1590576171875,0.26940488815307617,1148.5531005859375,0.236350417137146,1260.5062255859375,0.2902902364730835,1.5792644023895264,1.7189569473266602,1.5030298233032227,1.332116723060608,1.3369989395141602,1.3467414379119873,-0.0030385556165128946,-0.012030978687107563,-0.018306421115994453,0.005865192040801048,0.012307239696383476,0.013537931255996227,8.108920097351074,1.3514865636825562,0.016575243324041367,-0.0004339589213486761,-0.06536442786455154,3.336298942565918,6792271.0
190.5,37.775386810302734,-0.15949270129203796,-0.05900178104639053,927.4188842773438,0.16026067733764648,1236.18603515625,0.2704804837703705,1148.5767822265625,0.23663794994354248,1260.535400390625,0.2929757535457611,1.5789618492126465,1.7177586555480957,1.501220464706421,1.332720160484314,1.338249683380127,1.3481416702270508,-0.003011489287018776,-0.011935221031308174,-0.017879297956824303,0.006205250974744558,0.012711429968476295,0.01446871180087328,8.119278907775879,1.3532130718231201,0.017699092626571655,-0.0004246599564794451,-0.06396377831697464,3.336425542831421,6792529.0
190.60000610351562,37.75885772705078,-0.16531717777252197,-0.05824478715658188,927.4348754882812,0.15997973084449768,1236.213134765625,0.2716400623321533,1148.600341796875,0.23697330057621002,1260.5648193359375,0.2958352565765381,1.5786621570587158,1.7165700197219849,1.499454379081726,1.3333587646484375,1.3395437002182007,1.349637508392334,-0.002982951933518052,-0.011836080811917782,-0.017443731427192688,0.006568884011358023,0.013174784369766712,0.015449214726686478,8.130315780639648,1.3550525903701782,0.018839102238416672,-0.0004149701853748411,-0.06250427663326263,3.336552143096924,6792786.5
190.6999969482422,37.741756439208984,-0.17098937928676605,-0.05672197416424751,927.4508666992188,0.15972937643527985,1236.2403564453125,0.27288568019866943,1148.6241455078125,0.23735886812210083,1260.594482421875,0.29886943101882935,1.5783653259277344,1.7153915166854858,1.497732162475586,1.3340349197387695,1.3408868312835693,1.3512333631515503,-0.0029529340099543333,-0.011733542196452618,-0.01699971593916416,0.006955647375434637,0.013693186454474926,0.01646919921040535,8.142035484313965,1.3570059537887573,0.01998373121023178,-0.000404901773435995,-0.06098773702979088,3.3366785049438477,6793043.5
190.8000030517578,37.72413635253906,-0.17620189487934113,-0.052125148475170135,927.4668579101562,0.1595098078250885,1236.2677001953125,0.27421772480010986,1148.6478271484375,0.23779691755771637,1260.6246337890625,0.3020734190940857,1.5780715942382812,1.7142235040664673,1.496054768562317,1.334750771522522,1.3422843217849731,1.3529325723648071,-0.0029214711394160986,-0.011627698317170143,-0.016547657549381256,0.007364098448306322,0.01426008902490139,0.01751243695616722,8.154424667358398,1.3590707778930664,0.021087342873215675,-0.00039448851021006703,-0.05941925197839737,3.3368046283721924,6793300.5
190.89999389648438,37.70604705810547,-0.18091896176338196,-0.047170694917440414,927.4827880859375,0.15932127833366394,1236.295166015625,0.2756355404853821,1148.671630859375,0.2382894605398178,1260.6549072265625,0.3054392635822296,1.577781081199646,1.7130661010742188,1.4944229125976562,1.3355085849761963,1.3437405824661255,1.3547364473342896,-0.0028886240907013416,-0.01151870284229517,-0.016088180243968964,0.007792274001985788,0.014867943711578846,0.01856214925646782,8.167455673217773,1.3612425327301025,0.022144511342048645,-0.0003837666299659759,-0.05780428275465965,3.336930513381958,6793557.0
191.0,37.687477111816406,-0.18569113314151764,-0.047721780836582184,927.4987182617188,0.15916410088539124,1236.3228759765625,0.2771407663822174,1148.695556640625,0.2388383001089096,1260.6856689453125,0.30896735191345215,1.5774940252304077,1.7119197845458984,1.4928374290466309,1.3363100290298462,1.3452595472335815,1.3566454648971558,-0.0028543872758746147,-0.0114065483212471,-0.015621309168636799,0.008239753544330597,0.015513889491558075,0.019618341699242592,8.181131362915039,1.363521933555603,0.02323376201093197,-0.00037273357156664133,-0.05614244565367699,3.3370563983917236,6793813.0
191.10000610351562,37.668434143066406,-0.19041158258914948,-0.04720442369580269,927.5145874023438,0.15903863310813904,1236.3507080078125,0.2787356972694397,1148.719482421875,0.23944523930549622,1260.716796875,0.3126600682735443,1.5772103071212769,1.710784912109375,1.4912989139556885,1.3371572494506836,1.3468449115753174,1.3586606979370117,-0.002818737644702196,-0.011291185393929482,-0.015146907418966293,0.008706517517566681,0.016196338459849358,0.02068399079144001,8.195464134216309,1.3659106492996216,0.024334894493222237,-0.00036139434087090194,-0.05443449318408966,3.33718204498291,6794069.0
191.1999969482422,37.648956298828125,-0.19477082788944244,-0.043592482805252075,927.530517578125,0.15894530713558197,1236.378662109375,0.28042078018188477,1148.743408203125,0.24011200666427612,1260.7481689453125,0.3165140450000763,1.576930284500122,1.7096617221832275,1.4898083209991455,1.3380520343780518,1.34850013256073,1.3607826232910156,-0.0027817003428936005,-0.011172679252922535,-0.014665274880826473,0.009191470220685005,0.016910888254642487,0.02175227738916874,8.210442543029785,1.3684070110321045,0.02540324442088604,-0.0003497757134027779,-0.05268445238471031,3.3373076915740967,6794324.5
191.3000030517578,37.62910079956055,-0.19859226047992706,-0.0382143072783947,927.54638671875,0.15888458490371704,1236.40673828125,0.28219494223594666,1148.7674560546875,0.2408400923013687,1260.780029296875,0.3205205202102661,1.576654076576233,1.7085505723953247,1.4883661270141602,1.338996171951294,1.350228190422058,1.3630110025405884,-0.0027433428913354874,-0.01105120312422514,-0.014177090488374233,0.009692599065601826,0.017650900408625603,0.022810202091932297,8.22603702545166,1.3710061311721802,0.02641313523054123,-0.00033791674650274217,-0.05089820921421051,3.337433338165283,6794580.0
191.39999389648438,37.608890533447266,-0.20207533240318298,-0.034830670803785324,927.5623168945312,0.15885691344738007,1236.43505859375,0.2840573191642761,1148.7916259765625,0.24163077771663666,1260.8123779296875,0.32467249035835266,1.5763816833496094,1.707451581954956,1.4869731664657593,1.3399912118911743,1.3520312309265137,1.3653441667556763,-0.002703719772398472,-0.010926895774900913,-0.01368290837854147,0.010208239778876305,0.018411079421639442,0.023850569501519203,8.242223739624023,1.3737040758132935,0.02739257924258709,-0.00032584238215349615,-0.049079529941082,3.3375587463378906,6794836.0
191.5,37.58834457397461,-0.20548228919506073,-0.03406965360045433,927.5781860351562,0.15886281430721283,1236.4635009765625,0.2860085964202881,1148.8157958984375,0.24248522520065308,1260.844970703125,0.328968346118927,1.5761133432388306,1.7063652276992798,1.4856297969818115,1.341038465499878,1.3539111614227295,1.3677806854248047,-0.0026628419291228056,-0.010799788869917393,-0.013182882219552994,0.01073775626718998,0.01918923668563366,0.024876151233911514,8.258999824523926,1.3765000104904175,0.02837720327079296,-0.0003135592269245535,-0.04722939804196358,3.337684392929077,6795091.5
191.60000610351562,37.56748580932617,-0.208579421043396,-0.030971337109804153,927.5940551757812,0.15890277922153473,1236.4923095703125,0.28804880380630493,1148.840087890625,0.24340447783470154,1260.878173828125,0.33340445160865784,1.575849175453186,1.705291748046875,1.4843367338180542,1.3421392440795898,1.3558696508407593,1.3703190088272095,-0.00262073683552444,-0.010669954121112823,-0.01267731562256813,0.011280156672000885,0.019982319325208664,0.025885697454214096,8.276352882385254,1.379392147064209,0.02932961843907833,-0.0003010901273228228,-0.04535125941038132,3.3378098011016846,6795347.0
191.6999969482422,37.54633331298828,-0.21150603890419006,-0.02926606684923172,927.6099853515625,0.15897734463214874,1236.5211181640625,0.29017800092697144,1148.864501953125,0.24438951909542084,1260.9117431640625,0.33797749876976013,1.5755891799926758,1.7042313814163208,1.483094573020935,1.3432949781417847,1.3579081296920776,1.3729573488235474,-0.002577429637312889,-0.010537459515035152,-0.01216648705303669,0.011834527365863323,0.020787671208381653,0.026878846809267998,8.294271469116211,1.3823785781860352,0.030271513387560844,-0.00028844820917584,-0.043447088450193405,3.337935447692871,6795602.5
191.8000030517578,37.52485656738281,-0.21477504074573517,-0.03269006311893463,927.6258544921875,0.15908704698085785,1236.55029296875,0.29239892959594727,1148.8890380859375,0.24544130265712738,1260.9456787109375,0.3426935076713562,1.5753337144851685,1.7031843662261963,1.4819036722183228,1.3445067405700684,1.36002779006958,1.3756948709487915,-0.0025328700430691242,-0.010402185842394829,-0.011649991385638714,0.01240167859941721,0.021607499569654465,0.027869628742337227,8.312780380249023,1.3854633569717407,0.03127855807542801,-0.00027561059687286615,-0.04151344299316406,3.3380610942840576,6795858.5
191.89999389648438,37.50302505493164,-0.21832747757434845,-0.03552434965968132,927.6417846679688,0.15923240780830383,1236.57958984375,0.29471534490585327,1148.91357421875,0.24656100571155548,1260.980224609375,0.34756168723106384,1.5750826597213745,1.7021510601043701,1.4807648658752441,1.345775842666626,1.3622304201126099,1.3785320520401,-0.0024869826156646013,-0.010263951495289803,-0.011127202771604061,0.012982954271137714,0.022445330396294594,0.02887299284338951,8.331912994384766,1.3886522054672241,0.03234029561281204,-0.0002625587221700698,-0.039547521620988846,3.338186740875244,6796114.5
192.0,37.480838775634766,-0.22186434268951416,-0.03536871448159218,927.65771484375,0.15941396355628967,1236.6092529296875,0.2971295714378357,1148.938232421875,0.2477499097585678,1261.0152587890625,0.35258597135543823,1.5748363733291626,1.7011317014694214,1.4796785116195679,1.3471039533615112,1.3645176887512207,1.3814703226089478,-0.0024397335946559906,-0.01012268103659153,-0.010597873479127884,0.013578730635344982,0.02330186404287815,0.0298923272639513,8.351686477661133,1.3919477462768555,0.033414505422115326,-0.00024929491337388754,-0.03754967823624611,3.3383126258850098,6796370.5
192.10000610351562,37.458290100097656,-0.22547444701194763,-0.03610097989439964,927.6736450195312,0.15963232517242432,1236.6390380859375,0.29964375495910645,1148.963134765625,0.24900934100151062,1261.05078125,0.35776975750923157,1.5745948553085327,1.7001266479492188,1.4786455631256104,1.3484922647476196,1.366891622543335,1.3845113515853882,-0.002391093410551548,-0.009978307411074638,-0.010061805136501789,0.01418926753103733,0.02417747676372528,0.030929498374462128,8.372114181518555,1.3953524827957153,0.034517694264650345,-0.00023581540153827518,-0.035519346594810486,3.3384387493133545,6796627.5
192.1999969482422,37.43539810180664,-0.22893698513507843,-0.03462544456124306,927.6896362304688,0.15988805890083313,1236.669189453125,0.30225926637649536,1148.988037109375,0.25034067034721375,1261.0867919921875,0.3631136417388916,1.5743582248687744,1.6991361379623413,1.4776664972305298,1.3499423265457153,1.369354009628296,1.3876569271087646,-0.0023410553112626076,-0.009830819442868233,-0.009518998675048351,0.014814321883022785,0.025071145966649055,0.031981609761714935,8.393200874328613,1.3988667726516724,0.03561585023999214,-0.00022213184274733067,-0.03345828130841255,3.338564872741699,6796884.5
192.3000030517578,37.41218566894531,-0.23210391402244568,-0.03166922181844711,927.7056274414062,0.16018177568912506,1236.6995849609375,0.3049762547016144,1149.01318359375,0.25174516439437866,1261.1234130859375,0.3686140179634094,1.5741266012191772,1.6981606483459473,1.4767420291900635,1.3514556884765625,1.3719065189361572,1.390908122062683,-0.002289646537974477,-0.009680288843810558,-0.008969762362539768,0.015452893450856209,0.025979842990636826,0.03304015472531319,8.414934158325195,1.4024889469146729,0.03668738901615143,-0.00020826622494496405,-0.03136979416012764,3.338691473007202,6797141.5
192.39999389648438,37.38866424560547,-0.23523829877376556,-0.031343914568424225,927.7216796875,0.16051408648490906,1236.730224609375,0.30779561400413513,1149.0384521484375,0.2532239854335785,1261.1605224609375,0.3742704689502716,1.5739003419876099,1.6972001791000366,1.4758727550506592,1.353033423423767,1.3745505809783936,1.3942654132843018,-0.0022368691861629486,-0.009526725858449936,-0.008414176292717457,0.016104573383927345,0.026902342215180397,0.034103602170944214,8.4373140335083,1.4062190055847168,0.03777235373854637,-0.00019422209879849106,-0.02925441786646843,3.338818073272705,6797399.5
192.5,37.36480712890625,-0.23854918777942657,-0.033108919858932495,927.7377319335938,0.16088563203811646,1236.7611083984375,0.31071993708610535,1149.0638427734375,0.2547784149646759,1261.1982421875,0.3800880014896393,1.5736793279647827,1.6962553262710571,1.4750593900680542,1.3546770811080933,1.3772876262664795,1.397729516029358,-0.0021826806478202343,-0.009370033629238605,-0.007851919159293175,0.016769960522651672,0.027840223163366318,0.03517906367778778,8.460360527038574,1.4100600481033325,0.03890099748969078,-0.00017998846305999905,-0.027110498398542404,3.338945150375366,6797658.0
192.60000610351562,37.340614318847656,-0.2419244647026062,-0.033752720803022385,927.7538452148438,0.1612970381975174,1236.7923583984375,0.313751757144928,1149.08935546875,0.2564097046852112,1261.236572265625,0.38607147336006165,1.573463797569275,1.695326328277588,1.4743026494979858,1.3563880920410156,1.3801193237304688,1.4013020992279053,-0.002127040410414338,-0.009210116229951382,-0.007282685022801161,0.017449602484703064,0.028794841840863228,0.03627147898077965,8.48409366607666,1.414015531539917,0.040055979043245316,-0.00016556220361962914,-0.024937564507126808,3.3390724658966064,6797917.0
192.6999969482422,37.31610107421875,-0.2451230138540268,-0.031985487788915634,927.77001953125,0.1617489606142044,1236.8238525390625,0.31689226627349854,1149.1151123046875,0.25811925530433655,1261.2755126953125,0.3922209143638611,1.5732539892196655,1.6944135427474976,1.4736031293869019,1.3581676483154297,1.3830472230911255,1.4049845933914185,-0.002069946378469467,-0.009046975523233414,-0.006706523708999157,0.01814316026866436,0.029765063896775246,0.0373772531747818,8.508513450622559,1.4180855751037598,0.04120156168937683,-0.00015095702838152647,-0.02273768186569214,3.339200019836426,6798177.0
192.8000030517578,37.29126739501953,-0.24835826456546783,-0.03235248848795891,927.7861938476562,0.1622420847415924,1236.855712890625,0.32014307379722595,1149.1409912109375,0.2599082887172699,1261.31494140625,0.39853808283805847,1.5730499029159546,1.6935170888900757,1.472961664199829,1.3600172996520996,1.3860729932785034,1.4087783098220825,-0.002011382719501853,-0.008880577981472015,-0.006123357452452183,0.018850617110729218,0.030750716105103493,0.038496486842632294,8.533629417419434,1.4222716093063354,0.04237240180373192,-0.00013617177319247276,-0.02051067352294922,3.3393280506134033,6798437.5
192.89999389648438,37.26610565185547,-0.2516070008277893,-0.032487377524375916,927.8024291992188,0.16277708113193512,1236.887939453125,0.32350629568099976,1149.1671142578125,0.26177823543548584,1261.355224609375,0.4050261080265045,1.5728517770767212,1.69263756275177,1.4723788499832153,1.3619383573532104,1.3891980648040771,1.412684679031372,-0.001951322192326188,-0.008710862137377262,-0.005533007439225912,0.019572211429476738,0.0317523218691349,0.03963126242160797,8.559454917907715,1.426575779914856,0.043563537299633026,-0.00012120690371375531,-0.01825661212205887,3.33945631980896,6798699.0
193.0,37.24066162109375,-0.25443387031555176,-0.028268609195947647,927.8187866210938,0.16335462033748627,1236.92041015625,0.32698172330856323,1149.193359375,0.26373034715652466,1261.39599609375,0.41168057918548584,1.5726597309112549,1.6917750835418701,1.4718552827835083,1.3639322519302368,1.3924239873886108,1.4167048931121826,-0.0018897989066317677,-0.008537918329238892,-0.004935850854963064,0.020306797698140144,0.032766591757535934,0.0407714881002903,8.585973739624023,1.4309955835342407,0.04470672458410263,-0.0001060931826941669,-0.015980130061507225,3.339585304260254,6798961.5
193.10000610351562,37.21503448486328,-0.25628039240837097,-0.018465150147676468,927.8351440429688,0.16397541761398315,1236.9532470703125,0.3305651545524597,1149.2198486328125,0.26576563715934753,1261.4375,0.4184836745262146,1.5724738836288452,1.6909300088882446,1.4713917970657349,1.3660000562667847,1.3957515954971313,1.4208381175994873,-0.0018269548891112208,-0.008362100459635258,-0.004333230201154947,0.02105085551738739,0.033783916383981705,0.041889406740665436,8.61312484741211,1.4355207681655884,0.04571356251835823,-9.09001100808382e-05,-0.013691695407032967,3.339714527130127,6799224.5
193.1999969482422,37.18935775756836,-0.2567642033100128,-0.004838206339627504,927.8515625,0.1646401435136795,1236.986572265625,0.3342485725879669,1149.24658203125,0.2678845226764679,1261.479736328125,0.425405889749527,1.5722943544387817,1.6901026964187622,1.4709887504577637,1.3681426048278809,1.399180293083191,1.4250802993774414,-0.0017630279762670398,-0.008183997124433517,-0.0037273389752954245,0.021798813715577126,0.03478959575295448,0.042946286499500275,8.640800476074219,1.4401333332061768,0.04651954025030136,-7.572344475192949e-05,-0.011405732482671738,3.3398444652557373,6799489.0
193.3000030517578,37.16376876831055,-0.25591450929641724,0.008496766909956932,927.8680419921875,0.16534945368766785,1237.0201416015625,0.3380223214626312,1149.2734375,0.27008670568466187,1261.5225830078125,0.4324136972427368,1.572121262550354,1.6892932653427124,1.4706463813781738,1.3703597784042358,1.4027084112167358,1.429423451423645,-0.0016982883680611849,-0.008004275150597095,-0.0031206365674734116,0.02254454419016838,0.03576815500855446,0.04390716180205345,8.668879508972168,1.4448133707046509,0.04712129756808281,-6.065654451958835e-05,-0.009136302396655083,3.3399746417999268,6799754.5
193.39999389648438,37.13838195800781,-0.253833532333374,0.02080979384481907,927.8846435546875,0.16610392928123474,1237.0540771484375,0.3418765068054199,1149.300537109375,0.2723711431026459,1261.566162109375,0.43947431445121765,1.5719547271728516,1.6885019540786743,1.4703645706176758,1.3726511001586914,1.40633225440979,1.433856725692749,-0.0016330030048266053,-0.007823589257895947,-0.0025155264884233475,0.023282168433070183,0.03670556843280792,0.044746335595846176,8.697244644165039,1.4495407342910767,0.04752418398857117,-4.5785280235577375e-05,-0.006896340288221836,3.3401057720184326,6800021.0
193.5,37.113319396972656,-0.2506469190120697,0.03186626732349396,927.9013061523438,0.1669040322303772,1237.0885009765625,0.34580111503601074,1149.327880859375,0.27473607659339905,1261.6104736328125,0.44655629992485046,1.5717947483062744,1.6877286434173584,1.4701430797576904,1.3750156164169312,1.4100472927093506,1.4383670091629028,-0.0015674273017793894,-0.007642569951713085,-0.0019142850069329143,0.024006225168704987,0.03758961334824562,0.04544654116034508,8.725778579711914,1.454296350479126,0.04773808270692825,-3.118643144262023e-05,-0.004697410389780998,3.3402371406555176,6800288.5
193.60000610351562,37.088722229003906,-0.24596810340881348,0.04678808152675629,927.9180297851562,0.16775017976760864,1237.123291015625,0.34978365898132324,1149.35546875,0.27717918157577515,1261.655517578125,0.4536212682723999,1.571641206741333,1.6869733333587646,1.4699814319610596,1.3774515390396118,1.4138474464416504,1.442939281463623,-0.0015018749982118607,-0.007461985107511282,-0.0013196880463510752,0.02471010573208332,0.03840547427535057,0.04598366469144821,8.754341125488281,1.4590568542480469,0.047690439969301224,-1.6963233065325767e-05,-0.002555062063038349,3.340369462966919,6800558.0
193.6999969482422,37.06474685668945,-0.2397530972957611,0.06215015798807144,927.934814453125,0.16864261031150818,1237.158447265625,0.3538094162940979,1149.3834228515625,0.2796972095966339,1261.701171875,0.46062523126602173,1.5714943408966064,1.6862361431121826,1.4698787927627563,1.3799564838409424,1.4177249670028687,1.4475557804107666,-0.0014367061667144299,-0.007282716687768698,-0.0007348981453105807,0.02538635954260826,0.03913670405745506,0.04633104056119919,8.782771110534668,1.4637951850891113,0.047365766018629074,-3.2215091323450906e-06,-0.0004852350684814155,3.3405022621154785,6800828.5
193.8000030517578,37.04155349731445,-0.23195135593414307,0.07801737636327744,927.9517211914062,0.16958139836788177,1237.194091796875,0.3578622341156006,1149.4114990234375,0.282286137342453,1261.7476806640625,0.4675213694572449,1.5713539123535156,1.6855167150497437,1.4698339700698853,1.3825273513793945,1.4216705560684204,1.4521963596343994,-0.0013723046286031604,-0.00710570253431797,-0.00016326140030287206,0.02602720446884632,0.03976668789982796,0.04646404832601547,8.810894966125488,1.468482494354248,0.04674407094717026,9.929874067893252e-06,0.001495672739110887,3.3406360149383545,6801100.5
193.89999389648438,37.019325256347656,-0.22225138545036316,0.09699969738721848,927.96875,0.17056649923324585,1237.2301025390625,0.36192309856414795,1149.4398193359375,0.2849408984184265,1261.794677734375,0.47425520420074463,1.571219801902771,1.6848148107528687,1.4698454141616821,1.3851600885391235,1.425673246383667,1.4568382501602173,-0.0013091180007904768,-0.0069320350885391235,0.00039134142571128905,0.026623662561178207,0.040276262909173965,0.046352140605449677,8.838510513305664,1.4730850458145142,0.04576234146952629,2.2360969524015673e-05,0.0033680882770568132,3.3407702445983887,6801374.0
194.0,36.99826431274414,-0.21064013242721558,0.11611247807741165,927.98583984375,0.17159758508205414,1237.2664794921875,0.36597079038619995,1149.468505859375,0.28765544295310974,1261.842529296875,0.48076745867729187,1.5710920095443726,1.6841301918029785,1.4699113368988037,1.3878498077392578,1.4297200441360474,1.4614551067352295,-0.0012476335978135467,-0.006762903183698654,0.0009247074485756457,0.027166109532117844,0.04064532741904259,0.045964889228343964,8.865397453308105,1.4775662422180176,0.04440690204501152,3.394146551727317e-05,0.0051123835146427155,3.3409054279327393,6801649.0
194.10000610351562,36.97850799560547,-0.19755610823631287,0.13084034621715546,928.0030517578125,0.17267413437366486,1237.30322265625,0.3699849843978882,1149.497314453125,0.2904226779937744,1261.890869140625,0.48700472712516785,1.5709701776504517,1.6834620237350464,1.470029354095459,1.390590786933899,1.4337959289550781,1.466018795967102,-0.001188294030725956,-0.0065993815660476685,0.001433087862096727,0.02764621376991272,0.040858183056116104,0.04528801515698433,8.891356468200684,1.481892704963684,0.04273718595504761,4.457188333617523e-05,0.006713574286550283,3.3410415649414062,6801926.0
194.1999969482422,36.96015930175781,-0.1834775060415268,0.14078599214553833,928.0203857421875,0.17379534244537354,1237.3404541015625,0.37394800782203674,1149.5264892578125,0.29323479533195496,1261.9398193359375,0.49292436242103577,1.5708541870117188,1.6828099489212036,1.4701968431472778,1.393376350402832,1.43788480758667,1.4705005884170532,-0.0011314558796584606,-0.006442334037274122,0.0019135449547320604,0.02805778943002224,0.04090560972690582,0.04432668909430504,8.916224479675293,1.4860373735427856,0.04082036018371582,5.418617001851089e-05,0.008161711506545544,3.3411784172058105,6802205.0
194.3000030517578,36.94330978393555,-0.16851194202899933,0.1496555656194687,928.037841796875,0.1749601662158966,1237.3780517578125,0.37784311175346375,1149.5560302734375,0.2960834205150604,1261.9893798828125,0.49848878383636475,1.5707437992095947,1.682173252105713,1.4704108238220215,1.396199345588684,1.4419699907302856,1.474872350692749,-0.0010774359107017517,-0.006292523816227913,0.0023635292891412973,0.028395717963576317,0.04078151285648346,0.04309194162487984,8.939858436584473,1.489976406097412,0.0386662594974041,6.272595783229917e-05,0.009448004886507988,3.3413162231445312,6802485.5
194.39999389648438,36.92799758911133,-0.15308880805969238,0.15423136949539185,928.055419921875,0.17616726458072662,1237.416015625,0.3816555142402649,1149.5858154296875,0.2989598512649536,1262.03955078125,0.5036685466766357,1.5706385374069214,1.681551218032837,1.4706681966781616,1.3990522623062134,1.4460340738296509,1.4791079759597778,-0.0010264873271808028,-0.0061505576595664024,0.0027810956817120314,0.028656456619501114,0.04048420116305351,0.04160410910844803,8.962142944335938,1.4936904907226562,0.03634344041347504,7.016272138571367e-05,0.010568155907094479,3.3414547443389893,6802767.5
194.5,36.91423797607422,-0.13759590685367584,0.1549289971590042,928.0730590820312,0.17741504311561584,1237.454345703125,0.38537338376045227,1149.6158447265625,0.3018552362918854,1262.0902099609375,0.5084447264671326,1.5705384016036987,1.6809428930282593,1.4709656238555908,1.4019273519515991,1.4500597715377808,1.48318350315094,-0.0009787768358364701,-0.006016828585416079,0.003165092319250107,0.02883848175406456,0.040017351508140564,0.03989442437887192,8.983000755310059,1.4971667528152466,0.03391452506184578,7.649477629456669e-05,0.01152191311120987,3.3415944576263428,6803052.0
194.60000610351562,36.90202331542969,-0.12215223908424377,0.15443672239780426,928.0908813476562,0.17870166897773743,1237.4930419921875,0.38898640871047974,1149.6461181640625,0.30476072430610657,1262.1412353515625,0.5128045082092285,1.5704426765441895,1.6803474426269531,1.4712998867034912,1.404816746711731,1.4540307521820068,1.487078309059143,-0.0009344242862425745,-0.005891613662242889,0.0035148055758327246,0.028941364958882332,0.03938720375299454,0.03799499571323395,9.002375602722168,1.5003958940505981,0.031400542706251144,8.17286636447534e-05,0.012310259975492954,3.3417351245880127,6803338.5
194.6999969482422,36.891319274902344,-0.10703302174806595,0.15119217336177826,928.1088256835938,0.18002505600452423,1237.5321044921875,0.3924862742424011,1149.6767578125,0.30766773223876953,1262.1927490234375,0.5167415738105774,1.5703513622283936,1.6797641515731812,1.4716672897338867,1.407712459564209,1.4579309225082397,1.4907753467559814,-0.0008934958605095744,-0.00577505910769105,0.003830011235550046,0.028965892270207405,0.03860275819897652,0.035940021276474,9.020236015319824,1.5033726692199707,0.028852103278040886,8.588984928792343e-05,0.012937031686306,3.341876983642578,6803627.0
194.8000030517578,36.882110595703125,-0.09209384769201279,0.14939172565937042,928.1268920898438,0.1813829392194748,1237.571533203125,0.39586493372917175,1149.7076416015625,0.31056782603263855,1262.2445068359375,0.5202503204345703,1.5702638626098633,1.679192066192627,1.4720643758773804,1.4106067419052124,1.461745262145996,1.494260311126709,-0.000856051396112889,-0.005667293909937143,0.004110542591661215,0.028912954032421112,0.03767263889312744,0.03375609219074249,9.036552429199219,1.5060920715332031,0.026249045506119728,8.8993736426346e-05,0.013404550962150097,3.34201979637146,6803917.5
194.89999389648438,36.87441635131836,-0.07693656533956528,0.1515728235244751,928.1450805664062,0.18277284502983093,1237.611328125,0.39911210536956787,1149.7388916015625,0.313452810049057,1262.2967529296875,0.5233175754547119,1.5701799392700195,1.6786303520202637,1.4724879264831543,1.4134918451309204,1.4654594659805298,1.4975208044052124,-0.0008222127216868103,-0.0055685993283987045,0.004355676472187042,0.028782032430171967,0.03660096600651741,0.031451497226953506,9.051268577575684,1.5085448026657104,0.023530282080173492,9.102822514250875e-05,0.013710992410779,3.342163562774658,6804210.5
195.0,36.86827850341797,-0.061388421803712845,0.15548141300678253,928.1634521484375,0.18419213593006134,1237.6513671875,0.4022156000137329,1149.7703857421875,0.31631433963775635,1262.3492431640625,0.5259240865707397,1.5700992345809937,1.6780779361724854,1.4729341268539429,1.4163599014282227,1.4690595865249634,1.5005446672439575,-0.0007921502110548317,-0.005479375831782818,0.004564260598272085,0.02857152931392193,0.035388559103012085,0.02902349829673767,9.064306259155273,1.5107176303863525,0.020671958103775978,9.1969282948412e-05,0.013852737843990326,3.342308521270752,6804505.5
195.10000610351562,36.863712310791016,-0.04568338766694069,0.15705034136772156,928.1819458007812,0.18563801050186157,1237.6917724609375,0.40516412258148193,1149.8021240234375,0.31914398074150085,1262.40185546875,0.5280537605285645,1.570021390914917,1.6775341033935547,1.47339928150177,1.4192029237747192,1.4725314378738403,1.5033197402954102,-0.0007660085102543235,-0.005399959161877632,0.004735385999083519,0.028280476108193398,0.0340377539396286,0.026475001126527786,9.075596809387207,1.5125994682312012,0.017716484144330025,9.180902998195961e-05,0.013828599825501442,3.342454671859741,6804803.0
195.1999969482422,36.86073303222656,-0.029793787747621536,0.15889599919319153,928.2005615234375,0.18710747361183167,1237.732421875,0.4079468548297882,1149.834228515625,0.3219333291053772,1262.454833984375,0.5296926498413086,1.5699459314346313,1.6769975423812866,1.4738795757293701,1.4220126867294312,1.4758614301681519,1.5058341026306152,-0.0007439155015163124,-0.005330643616616726,0.004868302959948778,0.027908291667699814,0.03255167976021767,0.023811116814613342,9.085081100463867,1.514180064201355,0.014660258777439594,9.053766552824527e-05,0.013637103140354156,3.342602014541626,6805103.0
195.3000030517578,36.8593635559082,-0.013672691769897938,0.16121095418930054,928.2193603515625,0.1885974109172821,1237.7733154296875,0.4105527400970459,1149.866455078125,0.3246738612651825,1262.5078125,0.530826210975647,1.5698723793029785,1.6764675378799438,1.474371314048767,1.4247812032699585,1.4790362119674683,1.5080764293670654,-0.0007260045385919511,-0.005271736532449722,0.004962220322340727,0.02745429426431656,0.03093288466334343,0.021034657955169678,9.092696189880371,1.5154492855072021,0.011498888954520226,8.814211469143629e-05,0.013276276178658009,3.342750310897827,6805405.0
195.39999389648438,36.859622955322266,0.0025822846218943596,0.16254976391792297,928.23828125,0.19010454416275024,1237.814453125,0.41297128796577454,1149.899169921875,0.32735708355903625,1262.5609130859375,0.5314417481422424,1.5698004961013794,1.6759427785873413,1.4748704433441162,1.4275002479553223,1.482042670249939,1.510035753250122,-0.0007123932591639459,-0.005223505664616823,0.00501649733632803,0.026918169111013412,0.029184654355049133,0.018150702118873596,9.098386764526367,1.5163977146148682,0.008252630941569805,8.461600373266265e-05,0.012745161540806293,3.342900037765503,6805709.5
195.5,36.86149597167969,0.018733875826001167,0.16151592135429382,928.2573852539062,0.19162549078464508,1237.85595703125,0.4151935875415802,1149.9320068359375,0.32997459173202515,1262.6141357421875,0.5315324068069458,1.5697298049926758,1.6754223108291626,1.4753730297088623,1.430161476135254,1.4848679304122925,1.5117018222808838,-0.000703152094502002,-0.005186102818697691,0.005030924454331398,0.026300661265850067,0.02731289528310299,0.01517192181199789,9.102118492126465,1.5170197486877441,0.004965192172676325,7.996925705811009e-05,0.01204525213688612,3.343050718307495,6806016.5
195.60000610351562,36.86494827270508,0.03452083840966225,0.1578696370124817,928.276611328125,0.19315668940544128,1237.8975830078125,0.41721320152282715,1149.965087890625,0.3325181305408478,1262.667236328125,0.5310990214347839,1.56965970993042,1.6749051809310913,1.4758750200271606,1.4327571392059326,1.4875004291534424,1.513066291809082,-0.0006982894265092909,-0.005159527994692326,0.0050058513879776,0.02560388296842575,0.025326812639832497,0.012119399383664131,9.10388469696045,1.5173141956329346,0.0016847702208906412,7.422973430948332e-05,0.011180744506418705,3.343202829360962,6806326.0
195.6999969482422,36.869903564453125,0.04956670477986336,0.15045863389968872,928.2960205078125,0.19469454884529114,1237.9393310546875,0.4190267324447632,1149.99853515625,0.3349798917770386,1262.72021484375,0.5301525592803955,1.5695899724960327,1.6743900775909424,1.4763725996017456,1.4352792501449585,1.4899290800094604,1.5141230821609497,-0.000697731738910079,-0.0051435790956020355,0.00494236359372735,0.02483171597123146,0.023239878937602043,0.009024340659379959,9.103716850280762,1.5172861814498901,-0.0015196007443591952,6.74511247780174e-05,0.010159727185964584,3.343355894088745,6806638.0
195.8000030517578,36.876258850097656,0.06354839354753494,0.13981688022613525,928.3155517578125,0.19623532891273499,1237.9813232421875,0.4206342399120331,1150.0321044921875,0.3373526632785797,1262.773193359375,0.5287142395973206,1.5695199966430664,1.6738760471343994,1.4768619537353516,1.4377206563949585,1.4921448230743408,1.5148701667785645,-0.000701321114320308,-0.005137849133461714,0.0048422920517623425,0.023989815264940262,0.02106962352991104,0.005925905890762806,9.101683616638184,1.5169471502304077,-0.0045873988419771194,5.970925121800974e-05,0.008993618190288544,3.343510389328003,6806952.5
195.89999389648438,36.8839225769043,0.07664509117603302,0.13096702098846436,928.3352661132812,0.19777527451515198,1238.0234375,0.42203643918037415,1150.06591796875,0.33963003754615784,1262.8260498046875,0.526806116104126,1.569449543952942,1.6733620166778564,1.4773396253585815,1.4400745630264282,1.4941401481628418,1.5153086185455322,-0.0007088921847753227,-0.005141912028193474,0.004707516636699438,0.02308383770287037,0.018832597881555557,0.0028547104448080063,9.097854614257812,1.516309142112732,-0.007542133796960115,5.1067410822724923e-05,0.007691953796893358,3.3436660766601562,6807269.5
196.0,36.8928337097168,0.08911352604627609,0.12468431144952774,928.3551025390625,0.19931064546108246,1238.0657958984375,0.4232330024242401,1150.0999755859375,0.3418061435222626,1262.8785400390625,0.5244451761245728,1.5693780183792114,1.6728472709655762,1.4778021574020386,1.4423348903656006,1.4959089756011963,1.5154420137405396,-0.0007203198620118201,-0.0051554422825574875,0.004539532586932182,0.022118372842669487,0.016541551798582077,-0.0001737768470775336,9.092286109924316,1.515381097793579,-0.010417953133583069,4.157104922342114e-05,0.006261578295379877,3.343822956085205,6807589.0
196.10000610351562,36.902915954589844,0.10080242156982422,0.11688898503780365,928.3751220703125,0.2008376568555832,1238.108154296875,0.4242243468761444,1150.13427734375,0.3438756465911865,1262.930908203125,0.5216498970985413,1.5693053007125854,1.672330617904663,1.4782463312149048,1.4444960355758667,1.4974465370178223,1.5152753591537476,-0.0007354657864198089,-0.00517808273434639,0.004339938517659903,0.021098174154758453,0.014209031127393246,-0.003145226277410984,9.085037231445312,1.514172911643982,-0.013181385584175587,3.127594027318992e-05,0.004710892681032419,3.3439810276031494,6807910.5
196.1999969482422,36.91404342651367,0.11128566414117813,0.10483242571353912,928.395263671875,0.20235256850719452,1238.150634765625,0.42501428723335266,1150.1688232421875,0.3458338677883148,1262.98291015625,0.5184485912322998,1.5692307949066162,1.6718113422393799,1.4786689281463623,1.4465526342391968,1.4987496137619019,1.5148155689239502,-0.0007541101076640189,-0.005209275986999273,0.004111049696803093,0.020029688253998756,0.011851568706333637,-0.006033481564372778,9.076205253601074,1.5127007961273193,-0.01575598679482937,2.0267143554519862e-05,0.0030527086928486824,3.3441402912139893,6808235.0
196.3000030517578,36.926109313964844,0.12063323706388474,0.09347569197416306,928.4155883789062,0.20385171473026276,1238.193115234375,0.42560815811157227,1150.2034912109375,0.3476768732070923,1263.0345458984375,0.5148730278015137,1.5691543817520142,1.6712884902954102,1.4790674448013306,1.4485002756118774,1.4998164176940918,1.5140724182128906,-0.0007760052103549242,-0.005248398520052433,0.0038554074708372355,0.018919792026281357,0.00948604941368103,-0.00881390180438757,9.065897941589355,1.5109829902648926,-0.018150102347135544,8.624770998721942e-06,0.0012990933610126376,3.3443007469177246,6808561.5
196.39999389648438,36.939002990722656,0.12895214557647705,0.08318904787302017,928.43603515625,0.2053314745426178,1238.2357177734375,0.42601123452186584,1150.23828125,0.3494015634059906,1263.0858154296875,0.5109531283378601,1.5690754652023315,1.6707613468170166,1.4794390201568604,1.450335144996643,1.500646948814392,1.5130572319030762,-0.0008009168668650091,-0.005294861737638712,0.003575401846319437,0.017774859443306923,0.007127159740775824,-0.01147048082202673,9.054220199584961,1.5090367794036865,-0.020374970510601997,-3.5785753880190896e-06,-0.0005390176665969193,3.3444623947143555,6808891.0
196.5,36.95266342163086,0.13660167157649994,0.07649534940719604,928.4566650390625,0.20678837597370148,1238.2783203125,0.426227331161499,1150.2733154296875,0.35100534558296204,1263.13671875,0.506712019443512,1.5689940452575684,1.670229196548462,1.4797816276550293,1.4520540237426758,1.5012423992156982,1.5117827653884888,-0.0008286639349535108,-0.005348206032067537,0.003272921545431018,0.016599899157881737,0.004785176832228899,-0.014001118019223213,9.041252136230469,1.5068752765655518,-0.022485293447971344,-1.6295205568894744e-05,-0.0024544415064156055,3.344625234603882,6809222.0
196.60000610351562,36.96704864501953,0.1438671350479126,0.0726546198129654,928.4774169921875,0.2082190066576004,1238.3209228515625,0.4262584149837494,1150.3084716796875,0.3524860441684723,1263.1871337890625,0.5021650791168213,1.5689096450805664,1.6696914434432983,1.4800927639007568,1.4536540508270264,1.501604676246643,1.5102611780166626,-0.0008591267978772521,-0.005408125463873148,0.002949279500171542,0.015398398041725159,0.0024657868780195713,-0.016415663063526154,9.027044296264648,1.504507303237915,-0.024523021653294563,-2.9497221476049162e-05,-0.004442975856363773,3.3447892665863037,6809556.0
196.6999969482422,36.982112884521484,0.1506347507238388,0.06767614185810089,928.498291015625,0.20962011814117432,1238.363525390625,0.42610660195350647,1150.3438720703125,0.3538418710231781,1263.2371826171875,0.49732768535614014,1.5688221454620361,1.669147253036499,1.4803706407546997,1.4551327228546143,1.5017365217208862,1.5085035562515259,-0.0008921856642700732,-0.005474314093589783,0.002605775836855173,0.014173746109008789,0.00017425170517526567,-0.018721256405115128,9.011650085449219,1.5019416809082031,-0.026465600356459618,-4.3148920667590573e-05,-0.006499242503196001,3.344954252243042,6809892.0
196.8000030517578,36.997798919677734,0.15684589743614197,0.0621115006506443,928.5193481445312,0.2109885811805725,1238.4061279296875,0.42577505111694336,1150.3792724609375,0.35507121682167053,1263.28662109375,0.49221745133399963,1.5687311887741089,1.6685962677001953,1.4806132316589355,1.4564878940582275,1.501640796661377,1.5065207481384277,-0.0009277017670683563,-0.005546418949961662,0.0022438678424805403,0.012929661199450493,-0.0020834263414144516,-0.020919717848300934,8.995129585266113,1.4991883039474487,-0.028302880004048347,-5.721059278585017e-05,-0.008617261424660683,3.345120429992676,6810230.5
196.89999389648438,37.0140495300293,0.16251929104328156,0.056733861565589905,928.5404663085938,0.21232137084007263,1238.44873046875,0.4252673089504242,1150.414794921875,0.35617291927337646,1263.3355712890625,0.48685222864151,1.5686365365982056,1.66803777217865,1.480818748474121,1.457718014717102,1.5013213157653809,1.5043234825134277,-0.0009655335452407598,-0.005624081939458847,0.0018650224665179849,0.011669818311929703,-0.004301552195101976,-0.023011889308691025,8.977545738220215,1.4962576627731323,-0.030036775395274162,-7.16438953531906e-05,-0.010791256092488766,3.345287799835205,6810571.0
197.0,37.030818939208984,0.1677122861146927,0.05192996934056282,928.561767578125,0.21361565589904785,1238.4912109375,0.42458683252334595,1150.4505615234375,0.35714608430862427,1263.384033203125,0.48124879598617554,1.568537950515747,1.6674712896347046,1.4809855222702026,1.458821415901184,1.5007821321487427,1.5019222497940063,-0.0010055472375825047,-0.005706964526325464,0.001470619929023087,0.010397610254585743,-0.006475366186350584,-0.02499985322356224,8.95895767211914,1.493159532546997,-0.031675178557634354,-8.641447493573651e-05,-0.013016053475439548,3.3454558849334717,6810913.5
197.10000610351562,37.048072814941406,0.17253048717975616,0.048181988298892975,928.5831909179688,0.2148686945438385,1238.5335693359375,0.42373672127723694,1150.486328125,0.3579900860786438,1263.4317626953125,0.4754217863082886,1.5684353113174438,1.6668962240219116,1.4811122417449951,1.4597970247268677,1.5000280141830444,1.4993271827697754,-0.0010476266033947468,-0.005794771946966648,0.0010618673404678702,0.009115940891206264,-0.008601561188697815,-0.026888443157076836,8.939414978027344,1.4899026155471802,-0.03323393687605858,-0.00010149536683456972,-0.015287590213119984,3.345625162124634,6811258.0
197.1999969482422,37.06576919555664,0.1769404262304306,0.04409942030906677,928.604736328125,0.21607790887355804,1238.575927734375,0.4227202832698822,1150.5220947265625,0.3587045967578888,1263.47900390625,0.46938541531562805,1.5683283805847168,1.6663120985031128,1.481197476387024,1.460644245147705,1.4990637302398682,1.496548056602478,-0.0010916567407548428,-0.005887213163077831,0.0006399463745765388,0.007827598601579666,-0.010677165351808071,-0.028681445866823196,8.918970108032227,1.486495018005371,-0.034706130623817444,-0.000116857307148166,-0.017601460218429565,3.3457953929901123,6811604.5
197.3000030517578,37.08390426635742,0.18136225640773773,0.044218238443136215,928.6264038085938,0.2172408550977707,1238.6181640625,0.4215388894081116,1150.5579833984375,0.35928937792778015,1263.525634765625,0.46314698457717896,1.5682169198989868,1.6657185554504395,1.4812397956848145,1.461362361907959,1.4978944063186646,1.4935938119888306,-0.001137579558417201,-0.005984136369079351,0.0002055168297374621,0.006534027401357889,-0.01270291581749916,-0.03039245493710041,8.897645950317383,1.4829410314559937,-0.03616013750433922,-0.00013250019401311874,-0.01995764672756195,3.3459665775299072,6811953.0
197.39999389648438,37.102516174316406,0.18610863387584686,0.04746381193399429,928.648193359375,0.2183552235364914,1238.6602783203125,0.42019137740135193,1150.593994140625,0.3597441613674164,1263.5716552734375,0.45670467615127563,1.5681006908416748,1.6651151180267334,1.4812380075454712,1.4619507789611816,1.4965248107910156,1.490471601486206,-0.0011854094918817282,-0.00608556903898716,-0.00024142554320860654,0.005234999116510153,-0.014683933928608894,-0.032045211642980576,8.875436782836914,1.4792394638061523,-0.0376436673104763,-0.00014844561519566923,-0.022359400987625122,3.3461387157440186,6812303.5
197.5,37.12162780761719,0.19111186265945435,0.05003233253955841,928.6701049804688,0.21941885352134705,1238.7021484375,0.4186761677265167,1150.6300048828125,0.36006855964660645,1263.6170654296875,0.45005521178245544,1.5679796934127808,1.6645013093948364,1.4811909198760986,1.4624091386795044,1.4949591159820557,1.4871859550476074,-0.0012351723853498697,-0.0061915661208331585,-0.0007009866531006992,0.003930039703845978,-0.016625598073005676,-0.03365948051214218,8.852328300476074,1.4753880500793457,-0.039144620299339294,-0.00016471049457322806,-0.024809276685118675,3.3463118076324463,6812655.5
197.60000610351562,37.14127731323242,0.19650733470916748,0.053954705595970154,928.6920776367188,0.22042964398860931,1238.7440185546875,0.41699105501174927,1150.666015625,0.3602619767189026,1263.6617431640625,0.44319355487823486,1.567853569984436,1.6638766527175903,1.4810973405838013,1.4627364873886108,1.4932008981704712,1.4837400913238525,-0.0012869093334302306,-0.006302219349890947,-0.0011734070722013712,0.002618352184072137,-0.018533779308199883,-0.035253025591373444,8.828302383422852,1.4713836908340454,-0.040686510503292084,-0.00018132120021618903,-0.027311239391565323,3.3464853763580322,6813009.5
197.6999969482422,37.1615104675293,0.20233772695064545,0.05830394849181175,928.7141723632812,0.2213856279850006,1238.7855224609375,0.41513317823410034,1150.7020263671875,0.36032363772392273,1263.7056884765625,0.43611258268356323,1.567722201347351,1.663240671157837,1.480955719947815,1.4629323482513428,1.49125337600708,1.480135202407837,-0.0013406774960458279,-0.006417660973966122,-0.0016590723535045981,0.0012987953377887607,-0.020414872094988823,-0.036842215806245804,8.803330421447754,1.467221736907959,-0.042275793850421906,-0.00019830706878565252,-0.02986971102654934,3.3466601371765137,6813365.0
197.8000030517578,37.18235778808594,0.20848612487316132,0.06148397549986839,928.7363891601562,0.2222849279642105,1238.8270263671875,0.41310012340545654,1150.738037109375,0.3602525293827057,1263.7489013671875,0.428806871175766,1.5675853490829468,1.662592887878418,1.4807649850845337,1.4629958868026733,1.4891186952590942,1.4763710498809814,-0.0013965213438495994,-0.006537989247590303,-0.0021582464687526226,-2.9446600819937885e-05,-0.022273946553468704,-0.03843684121966362,8.77739143371582,1.4628986120224,-0.043894149363040924,-0.00021568936062976718,-0.0324878916144371,3.3468353748321533,6813721.5
197.89999389648438,37.20384216308594,0.2148292511701584,0.06343123316764832,928.7586059570312,0.22312569618225098,1238.8681640625,0.41089028120040894,1150.7740478515625,0.3600476086139679,1263.7913818359375,0.42127400636672974,1.5674428939819336,1.6619328260421753,1.4805235862731934,1.4629261493682861,1.4867991209030151,1.4724470376968384,-0.001454460434615612,-0.006663245148956776,-0.002670970745384693,-0.0013666190207004547,-0.024114171043038368,-0.040039703249931335,8.750476837158203,1.4584128856658936,-0.045523110777139664,-0.00023348077957052737,-0.03516769781708717,3.3470113277435303,6814080.0
198.0,37.22599411010742,0.22152556478977203,0.06696309894323349,928.781005859375,0.22390618920326233,1238.9091796875,0.408501535654068,1150.81005859375,0.35970771312713623,1263.8331298828125,0.4135098457336426,1.5672944784164429,1.6612600088119507,1.4802302122116089,1.4627221822738647,1.4842963218688965,1.4683622121810913,-0.0015145288780331612,-0.006793501321226358,-0.003197411773726344,-0.0027132753748446703,-0.025939324870705605,-0.04165566712617874,8.722569465637207,1.4537615776062012,-0.04718831181526184,-0.00025170508888550103,-0.03791271150112152,3.3471879959106445,6814439.5
198.10000610351562,37.24887466430664,0.228814959526062,0.07289406657218933,928.8034057617188,0.22462470829486847,1238.9498291015625,0.40593013167381287,1150.845947265625,0.35923147201538086,1263.8741455078125,0.4055049419403076,1.5671398639678955,1.660573959350586,1.4798834323883057,1.4623830318450928,1.4816114902496338,1.4641145467758179,-0.001576803158968687,-0.006928936578333378,-0.0037381232250481844,-0.0040709166787564754,-0.02775551564991474,-0.0432964451611042,8.693632125854492,1.4489387273788452,-0.04892563447356224,-0.0002704028447624296,-0.04072902724146843,3.347365140914917,6814800.0
198.1999969482422,37.272560119628906,0.2368301898241043,0.08015219122171402,928.825927734375,0.22527959942817688,1238.9903564453125,0.40317103266716003,1150.8818359375,0.3586173355579376,1263.9141845703125,0.3972458243370056,1.566978931427002,1.6598740816116333,1.4794819355010986,1.4619073867797852,1.4787451028823853,1.4597008228302002,-0.0016413928242400289,-0.007069810293614864,-0.0042939442209899426,-0.005441727116703987,-0.029570337384939194,-0.04497687891125679,8.663616180419922,1.4439359903335571,-0.050753653049468994,-0.0002896237710956484,-0.0436241514980793,3.3475427627563477,6815162.0
198.3000030517578,37.297115325927734,0.2455725222826004,0.08742330968379974,928.8484497070312,0.22586920857429504,1239.030517578125,0.4002187252044678,1150.917724609375,0.3578634560108185,1263.9534912109375,0.38871821761131287,1.566811442375183,1.659159779548645,1.479024052619934,1.4612939357757568,1.4756970405578613,1.4551165103912354,-0.001708414638414979,-0.0072163972072303295,-0.0048657734878361225,-0.006827996112406254,-0.03139122575521469,-0.04670945554971695,8.632466316223145,1.4387444257736206,-0.052671272307634354,-0.0003094178100582212,-0.04660560190677643,3.3477210998535156,6815525.0
198.39999389648438,37.322628021240234,0.25510984659194946,0.09537320584058762,928.87109375,0.2263919562101364,1239.0703125,0.39706727862358093,1150.9534912109375,0.35696759819984436,1263.991943359375,0.3799068331718445,1.5666371583938599,1.6584304571151733,1.4785081148147583,1.460541009902954,1.472466230392456,1.4503557682037354,-0.001777993282303214,-0.007368993945419788,-0.005454571917653084,-0.008232127875089645,-0.03322551026940346,-0.04850514233112335,8.600126266479492,1.433354377746582,-0.05468837916851044,-0.0003298397350590676,-0.04968162626028061,3.3478996753692627,6815888.5
198.5,37.3491096496582,0.2648085951805115,0.09698757529258728,928.8937377929688,0.22684623301029205,1239.10986328125,0.3937135934829712,1150.9891357421875,0.3559274673461914,1264.029541015625,0.37080666422843933,1.5664558410644531,1.6576857566833496,1.4779324531555176,1.4596467018127441,1.4690511226654053,1.4454126358032227,-0.0018501711310818791,-0.0075276922434568405,-0.006060547661036253,-0.009654609486460686,-0.0350748747587204,-0.050356462597846985,8.566574096679688,1.4277622699737549,-0.056705836206674576,-0.00035090019810013473,-0.05285382643342018,3.348078727722168,6816253.0
198.60000610351562,37.37656784057617,0.27460163831710815,0.09793047606945038,928.9164428710938,0.22723041474819183,1239.1490478515625,0.3901563882827759,1151.024658203125,0.3547406792640686,1264.066162109375,0.36141902208328247,1.5662670135498047,1.6569247245788574,1.4772952795028687,1.4586093425750732,1.4654505252838135,1.4402822256088257,-0.0019249400356784463,-0.007692460436373949,-0.006683450657874346,-0.011094785295426846,-0.036937784403562546,-0.052248649299144745,8.531811714172363,1.421968698501587,-0.05871705338358879,-0.00037260522367432714,-0.05612311139702797,3.3482582569122314,6816618.5
198.6999969482422,37.40504455566406,0.28476476669311523,0.10163134336471558,928.939208984375,0.2275429517030716,1239.18798828125,0.38639336824417114,1151.06005859375,0.35340505838394165,1264.101806640625,0.3517411947250366,1.5660706758499146,1.6561470031738281,1.4765950441360474,1.4574270248413086,1.4616628885269165,1.4349608421325684,-0.002002323279157281,-0.007863344624638557,-0.007323320955038071,-0.012552731670439243,-0.03881479799747467,-0.0541766919195652,8.495828628540039,1.4159715175628662,-0.0607617050409317,-0.00039498016121797264,-0.059493303298950195,3.348437786102295,6816984.0
198.8000030517578,37.434574127197266,0.29529133439064026,0.10526562482118607,928.9619750976562,0.2277822196483612,1239.226318359375,0.3824215829372406,1151.0953369140625,0.3519183397293091,1264.136474609375,0.34176892042160034,1.565866470336914,1.6553517580032349,1.4758299589157104,1.456097960472107,1.4576867818832397,1.4294449090957642,-0.0020823576487600803,-0.00804042350500822,-0.007980313152074814,-0.014028810895979404,-0.04070720449090004,-0.05613908916711807,8.458606719970703,1.409767746925354,-0.06283412128686905,-0.0004180499818176031,-0.0629681646823883,3.3486177921295166,6817350.5
198.89999389648438,37.4652214050293,0.3064670264720917,0.11175679415464401,928.9847412109375,0.2279466688632965,1239.264404296875,0.3782369792461395,1151.13037109375,0.35027816891670227,1264.170166015625,0.3314937949180603,1.5656541585922241,1.654538631439209,1.4749982357025146,1.454620361328125,1.45352041721344,1.423730731010437,-0.0021651124116033316,-0.008223854936659336,-0.00865488313138485,-0.015524124726653099,-0.04261823743581772,-0.058141112327575684,8.420110702514648,1.4033517837524414,-0.06497524678707123,-0.0004418597382027656,-0.0665544718503952,3.3487977981567383,6817717.0
199.0,37.4970817565918,0.3186086416244507,0.121416375041008,929.0075073242188,0.22803469002246857,1239.302001953125,0.3738332986831665,1151.165283203125,0.34848204255104065,1264.2027587890625,0.3209005296230316,1.565433382987976,1.6537067890167236,1.4740982055664062,1.4529922008514404,1.4491618871688843,1.417813777923584,-0.0022507132962346077,-0.008413936011493206,-0.00934798177331686,-0.01704098843038082,-0.04455428197979927,-0.060197118669748306,8.380285263061523,1.396714210510254,-0.06722742319107056,-0.0004664767475333065,-0.0702623724937439,3.34897780418396,6818083.5
199.10000610351562,37.5302734375,0.33193036913871765,0.1332172304391861,929.0303344726562,0.22804470360279083,1239.339111328125,0.36920252442359924,1151.2000732421875,0.346527099609375,1264.2342529296875,0.3099686801433563,1.5652039051055908,1.6528555154800415,1.473127841949463,1.4512110948562622,1.4446079730987549,1.4116876125335693,-0.0023393279407173395,-0.008611065335571766,-0.010060933418571949,-0.018582599237561226,-0.046523794531822205,-0.06232578307390213,8.339051246643066,1.389841914176941,-0.06961720436811447,-0.0004919834900647402,-0.07410428673028946,3.3491580486297607,6818450.5
199.1999969482422,37.56494140625,0.34668320417404175,0.14752820134162903,929.0531616210938,0.22797510027885437,1239.3758544921875,0.36433497071266174,1151.234619140625,0.3444100022315979,1264.2647705078125,0.2986728250980377,1.5649653673171997,1.6519842147827148,1.4720851182937622,1.4492744207382202,1.4398550987243652,1.405344009399414,-0.0024311647284775972,-0.00881574023514986,-0.01079540979117155,-0.020152965560555458,-0.048537012189626694,-0.06454869359731674,8.296314239501953,1.3827191591262817,-0.07217670232057571,-0.0005184802575968206,-0.07809533178806305,3.3493382930755615,6818817.5
199.3000030517578,37.60121536254883,0.3627099394798279,0.16026751697063446,929.075927734375,0.22782422602176666,1239.4119873046875,0.35922104120254517,1151.2689208984375,0.3421269953250885,1264.2939453125,0.28698909282684326,1.5647175312042236,1.6510920524597168,1.4709677696228027,1.4471791982650757,1.4348982572555542,1.3987725973129272,-0.0025264201685786247,-0.009028428234159946,-0.011552962474524975,-0.021755728870630264,-0.050602663308382034,-0.06687986105680466,8.251983642578125,1.3753306865692139,-0.07487716525793076,-0.0005460566026158631,-0.0822489783167839,3.349518299102783,6819184.0
199.39999389648438,37.639190673828125,0.37974801659584045,0.17038051784038544,929.0986938476562,0.22759033739566803,1239.4476318359375,0.35385268926620483,1151.3031005859375,0.3396739959716797,1264.3221435546875,0.2748996913433075,1.5644599199295044,1.6501781940460205,1.469773530960083,1.444921851158142,1.4297319650650024,1.3919626474380493,-0.002625242341309786,-0.00924947764724493,-0.012334689497947693,-0.023393331095576286,-0.05272577702999115,-0.0693206638097763,8.2059907913208,1.36766517162323,-0.07767772674560547,-0.0005747839459218085,-0.08657598495483398,3.349698305130005,6819550.0
199.5,37.67894744873047,0.3975750207901001,0.17827023565769196,929.1214599609375,0.2272716760635376,1239.4827880859375,0.3482235074043274,1151.3369140625,0.33704671263694763,1264.3489990234375,0.26239296793937683,1.564192295074463,1.6492418050765991,1.468499779701233,1.4424989223480225,1.424350380897522,1.3849033117294312,-0.002727729734033346,-0.009479114785790443,-0.013141230680048466,-0.025067048147320747,-0.05490798130631447,-0.07186303287744522,8.158288955688477,1.3597147464752197,-0.08054357022047043,-0.0006047182250767946,-0.0910847932100296,3.3498778343200684,6819916.0
199.60000610351562,37.720542907714844,0.4159753918647766,0.18400362133979797,929.1441650390625,0.22686639428138733,1239.517333984375,0.34232863783836365,1151.3704833984375,0.33424079418182373,1264.37451171875,0.24946311116218567,1.563914179801941,1.6482820510864258,1.467144250869751,1.4399068355560303,1.4187477827072144,1.3775854110717773,-0.002833935199305415,-0.009717453271150589,-0.013972805812954903,-0.026777086779475212,-0.05714796856045723,-0.07449230551719666,8.108851432800293,1.3514752388000488,-0.08344018459320068,-0.0006359007093124092,-0.095781609416008,3.350057363510132,6820281.5
199.6999969482422,37.76401901245117,0.43474674224853516,0.18771345913410187,929.1668090820312,0.2263726145029068,1239.55126953125,0.3361648917198181,1151.4036865234375,0.3312520980834961,1264.3988037109375,0.2361096739768982,1.5636253356933594,1.647297978401184,1.4657042026519775,1.437142014503479,1.4129183292388916,1.3700010776519775,-0.0029438671190291643,-0.009964494965970516,-0.014829234220087528,-0.028522659093141556,-0.05944182723760605,-0.07718924432992935,8.057673454284668,1.3429456949234009,-0.08633504807949066,-0.0006683586398139596,-0.10067053139209747,3.350236415863037,6820646.0
199.8000030517578,37.809383392333984,0.453662633895874,0.1891588717699051,929.189453125,0.22578838467597961,1239.58447265625,0.3297308087348938,1151.4366455078125,0.3280766010284424,1264.4217529296875,0.2223379760980606,1.56332528591156,1.6462887525558472,1.4641773700714111,1.4342008829116821,1.4068571329116821,1.3621447086334229,-0.0030574870761483908,-0.010220132768154144,-0.01570991985499859,-0.03030196577310562,-0.06178314611315727,-0.07993075251579285,8.004770278930664,1.3341283798217773,-0.08919253945350647,-0.000702103425282985,-0.10575329512357712,3.350414991378784,6821009.5
199.89999389648438,37.85662841796875,0.4724416136741638,0.1877899318933487,929.2119750976562,0.225111722946167,1239.6171875,0.3230270743370056,1151.4693603515625,0.3247106373310089,1264.4432373046875,0.20815986394882202,1.5630136728286743,1.6452536582946777,1.4625612497329712,1.4310803413391113,1.400559902191162,1.354013204574585,-0.003174704499542713,-0.010484125465154648,-0.016613794490695,-0.03211207315325737,-0.06416278332471848,-0.08268952369689941,7.950179100036621,1.3250298500061035,-0.09197038412094116,-0.0007371270912699401,-0.11102868616580963,3.350593090057373,6821372.0
200.0,37.90571212768555,0.49083295464515686,0.18391333520412445,929.2344360351562,0.22434064745903015,1239.649169921875,0.31605637073516846,1151.5015869140625,0.32115113735198975,1264.46337890625,0.19359345734119415,1.562690258026123,1.6441916227340698,1.4608536958694458,1.4277772903442383,1.3940232992172241,1.3456063270568848,-0.0032953766640275717,-0.010756109841167927,-0.017539341002702713,-0.033948976546525955,-0.06656918674707413,-0.08543546497821808,7.893962860107422,1.3156604766845703,-0.09463214129209518,-0.0007734039681963623,-0.11649283766746521,3.3507707118988037,6821733.5
