Time(s),Drum_Angle(deg),Drum_Velocity(deg/s),Drum_Acceleration(deg/s^2)
0.0,45.0,0.0,0.0
0.1,45.04237533838694,0.4237533838693963,4.237533838693963
0.2,45.08438731685951,0.42011978472572764,-0.036335991436686754
0.30000000000000004,45.12601711150995,0.4162979465044002,-0.03821838221327421
0.4,45.16725287870373,0.4123576719377554,-0.03940274566644809
0.5,45.208059865747444,0.40806987043716003,-0.04287801500595379
0.6000000000000001,45.248388462862046,0.4032859711460187,-0.047838992911413095
0.7000000000000001,45.28816872768104,0.3978026481899378,-0.05483322956080895
0.8,45.327341687333785,0.39172959652745487,-0.06073051662482955
0.9,45.36584033833056,0.38498650996771755,-0.06743086559737323
1.0,45.40359338177378,0.3775304344322451,-0.07456075535472452
1.1,45.44054513304775,0.36951751273967626,-0.08012921692568835
1.2000000000000002,45.476683675682075,0.3613854263432611,-0.08132086396415154
1.3,45.51204049961285,0.3535682393077626,-0.07817187035498507
1.4000000000000001,45.54666506567155,0.3462456605869587,-0.07322578720803878
1.5,45.580609953101046,0.33944887429498793,-0.0679678629197079
1.6,45.61391058231367,0.3330062921262564,-0.06442582168731553
1.7000000000000002,45.64660159882856,0.3269101651488879,-0.060961269773684934
1.8,45.67870979445447,0.3210819562590932,-0.058282088897946914
1.9000000000000001,45.71026266784867,0.31552873394197406,-0.05553222317119128
2.0,45.74128867233622,0.3102600448755059,-0.05268689066468164
2.1,45.77182967018443,0.30540997848213153,-0.04850066393374371
2.2,45.801895084861066,0.3006541467663479,-0.047558317157836386
2.3000000000000003,45.83145752972457,0.29562444863500986,-0.05029698131338019
2.4000000000000004,45.860458553797415,0.2900102407284774,-0.056142079065324375
2.5,45.88885670061982,0.2839814682240426,-0.06028772504434864
2.6,45.91664650633808,0.27789805718263927,-0.06083411041403303
2.7,45.94387245284489,0.27225946506810295,-0.05638592114536318
2.8000000000000003,45.97060337753606,0.2673092469116509,-0.0495021815645202
2.9000000000000004,45.99690207260399,0.26298695067929123,-0.04322296232359686
3.0,46.022837165563466,0.25935092959478917,-0.036360210845020745
3.1,46.048475038334026,0.2563787277055949,-0.029722018891942786
3.2,46.073873152790476,0.2539811445645055,-0.023975831410893968
3.3000000000000003,46.09907287307098,0.251997202805043,-0.019839417594624802
3.4000000000000004,46.124095318348076,0.2502244527709505,-0.017727500340924945
3.5,46.14892537162125,0.24830053273177644,-0.019239200391740832
3.6,46.17351544916863,0.2459007754737994,-0.02399757257977029
3.7,46.19777572734839,0.24260278179760042,-0.03297993676198982
3.8000000000000003,46.221595393382785,0.2381966603439165,-0.04406121453683905
3.9000000000000004,46.244900437466995,0.23305044084210616,-0.05146219501810346
4.0,46.267633707961366,0.22733270494370653,-0.05717735898399654
4.1000000000000005,46.289758932298,0.22125224336633548,-0.060804615773710165
4.2,46.31125087646569,0.214919441676927,-0.06332801689408496
4.3,46.332088993507575,0.20838117041883283,-0.06538271258094193
4.4,46.35224840523551,0.20159411727931234,-0.06787053139520458
4.5,46.37169610954151,0.19447704306003358,-0.07117074219278788
4.6000000000000005,46.39044134546853,0.18745235927020942,-0.07024683789824117
4.7,46.40853365459282,0.1809230912429178,-0.06529268027291642
4.800000000000001,46.4260268704483,0.17493215855473826,-0.059909326881795136
4.9,46.4429491648481,0.16922294399805143,-0.05709214556686846
5.0,46.45933453806932,0.1638537322121897,-0.053692117858617404
5.1000000000000005,46.475236786436476,0.1590224836715484,-0.04831248540641294
5.2,46.490709168776135,0.15472382339659474,-0.04298660274953668
5.300000000000001,46.50580375695014,0.15094588174001364,-0.03777941656581082
5.4,46.52057155333261,0.14767796382471995,-0.03267917915293695
5.5,46.53504466612426,0.14473112791648698,-0.029468359082329802
5.6000000000000005,46.54924829766945,0.14203631545193143,-0.026948124645555373
5.7,46.5632233893283,0.13975091658849742,-0.022853988634340208
5.800000000000001,46.5770469603,0.13823570971702207,-0.015152068714753471
5.9,46.590803342598846,0.13756382298844066,-0.006718867285814025
6.0,46.604568532666484,0.13765190067637484,0.0008807768793417412
6.1000000000000005,46.618418959459696,0.13850426793211948,0.00852367255744636
6.2,46.63239403930956,0.13975079849863953,0.012465305665200533
6.300000000000001,46.6465134694555,0.1411943014593923,0.014435029607527607
6.4,46.660779379902976,0.1426591044747743,0.01464803015382021
6.5,46.67518096914348,0.14401589240506546,0.013567879302911527
6.6000000000000005,46.68968251486727,0.14501545723788845,0.009995648328229802
6.7,46.70425908373205,0.14576568864775705,0.007502314098686041
6.800000000000001,46.7189171358308,0.14658052098752627,0.008148323397692237
6.9,46.73368944538083,0.14772309550032556,0.011425745127992866
7.0,46.74863194105643,0.14942495675597964,0.01701861255654086
7.1000000000000005,46.7637975232352,0.15165582178766987,0.022308650316902205
7.2,46.779228836200446,0.15431312965247967,0.02657307864809814
7.300000000000001,46.79495075609588,0.15721919895433617,0.029060693018564798
7.4,46.81096044922533,0.1600969312944761,0.02877732340139948
7.5,46.8272589347151,0.16298485489770145,0.028879236032253557
7.6000000000000005,46.84384437308932,0.1658543837422135,0.028695288445120384
7.7,46.86069386783309,0.1684949474377368,0.026405636955232997
7.800000000000001,46.87777740674886,0.170835389157701,0.023404417199641855
7.9,46.89506561285275,0.1728820610388488,0.020466718811478008
8.0,46.91251238407323,0.17446771220484497,0.01585651165996188
8.1,46.930052988182126,0.17540604108894858,0.009383288841036152
8.200000000000001,46.94761931851217,0.1756633033004082,0.002572622114596043
8.3,46.96516034802781,0.17541029515641132,-0.002530081439968699
8.4,46.98264687891106,0.17486530883253754,-0.005449863238737881
8.5,47.00006449198835,0.17417613077285016,-0.006891780596873811
8.6,47.01739199591187,0.17327503923525062,-0.009010915375995441
8.700000000000001,47.03456639400659,0.17174398094716747,-0.015310582880831208
8.8,47.05150522143904,0.16938827432447628,-0.023557066226911977
8.9,47.06816013847921,0.16654917040170916,-0.028391039227671323
9.0,47.084494761594804,0.16334623115597027,-0.032029392457389005
9.1,47.10045942648739,0.159646648925858,-0.036995822301122826
9.200000000000001,47.11601973226531,0.15560305777917227,-0.040435911466856746
9.3,47.1311319382463,0.15112205980990776,-0.04480997969264532
9.4,47.145764641745785,0.14632703499486918,-0.047950248150385906
9.5,47.15993348538316,0.1416884363737841,-0.046385986210851105
9.600000000000001,47.1736622759908,0.1372879060763646,-0.04400530297419429
9.700000000000001,47.186962300436704,0.13300024445904104,-0.04287661617323567
9.8,47.19986268950491,0.12900389068207166,-0.039963537769693996
9.9,47.21241061412605,0.1254792462113845,-0.03524644470687162
10.0,47.22468237436195,0.12271760235897532,-0.027616438524092027
10.100000000000001,47.23677015932118,0.1208778495923451,-0.018397527666301917
10.200000000000001,47.2487362362523,0.11966076931116774,-0.012170802811773589
10.3,47.26062759644573,0.11891360193430997,-0.007471673768577768
10.4,47.27248451541925,0.11856918973521188,-0.0034441219909808873
10.5,47.284359350195366,0.11874834776115548,0.0017915802594359383
10.600000000000001,47.2962946655438,0.11935315348431005,0.006048057231545692
10.700000000000001,47.308347026419405,0.12052360875607392,0.011704552717638664
10.8,47.320584305162264,0.12237278742858891,0.018491786725150016
10.9,47.333099145276535,0.12514840114270998,0.027756137141210738
11.0,47.34599069040376,0.1289154512722495,0.03767050129539525
11.100000000000001,47.35934119303804,0.13350502634281536,0.04589575070565806
11.200000000000001,47.37323259783445,0.1389140479641076,0.05409021621292273
11.3,47.38775546503562,0.1452286720116552,0.06314624047547618
11.4,47.40302892280638,0.15273457770760557,0.07505905695950386
11.5,47.41915824761458,0.16129324808204673,0.08558670374441193
11.600000000000001,47.436252218250715,0.1709397063613214,0.09646458279274518
11.700000000000001,47.4543964335108,0.18144215260086646,0.10502446239545114
11.8,47.47365297316317,0.1925653965236769,0.11123243922810483
11.9,47.49406586417892,0.20412891015752238,0.11563513633845515
12.0,47.51567380431298,0.21607940134060832,0.11950491183085986
12.100000000000001,47.5384847899453,0.22810985632318323,0.12030454982574736
12.200000000000001,47.56248928091306,0.24004490967762224,0.1193505335443905
12.3,47.5877041316784,0.2521485076533745,0.12103597975752294
12.4,47.61414853531766,0.26444403639260466,0.1229552873923022
12.5,47.64179745647232,0.2764892115465766,0.12045175153971953
12.600000000000001,47.67064017071478,0.28842714242464795,0.1193793087807121
12.700000000000001,47.70066999375661,0.30029823041829323,0.11871087993645321
12.8,47.731858443045596,0.31188449288983233,0.11586262471539141
12.9,47.764191277346946,0.3233283430135015,0.11443850123669204
13.0,47.79764590324437,0.3345462589742721,0.11217915960770637
13.100000000000001,47.832191932105616,0.3454602886124243,0.10914029638152034
13.200000000000001,47.86781246801587,0.3562053591025473,0.1074507049012306
13.3,47.90451098189449,0.3669851387861924,0.10779779683645113
13.4,47.94227469508856,0.37763713194067483,0.1065199315448249
13.5,47.981103121180126,0.38828426091569807,0.10647128975023272
13.600000000000001,48.020973209809505,0.39870088629377565,0.10416625378077433
13.700000000000001,48.06184884565922,0.4087563584971591,0.10055472203383467
13.8,48.103710604756344,0.418617590971239,0.09861232474079974
13.9,48.146543732238655,0.4283312748231098,0.09713683851870804
14.0,48.19028981343252,0.43746081193866515,0.09129537115555396
14.100000000000001,48.234897050037716,0.4460723660519442,0.08611554113278952
14.200000000000001,48.280314839410174,0.45417789372457823,0.08105527672634034
14.3,48.32646413325641,0.46149293846234396,0.07315044737765757
14.4,48.37324795290487,0.46783819648460845,0.0634525802226451
14.5,48.42056697441098,0.473190215061125,0.053520185765165894
14.600000000000001,48.468306972684374,0.47739998273392137,0.0420976767279629
14.700000000000001,48.5163735645914,0.4806659190702351,0.03265936336313736
14.8,48.56467532366679,0.4830175907539331,0.02351671683697995
14.9,48.61312945797286,0.4845413430606999,0.015237523067668289
15.0,48.6616832296204,0.4855377164754077,0.00996373414707822
15.100000000000001,48.710277954393405,0.48594724773003173,0.004095312546240013
15.200000000000001,48.75883899920069,0.4856104480728635,-0.003367996571682087
15.3,48.807283000948544,0.4844400174785352,-0.01170430594328313
15.4,48.855523070411806,0.4824006946326182,-0.020393228459170205
15.5,48.90351119975901,0.47988129347203484,-0.025194011605833656
15.600000000000001,48.951236419015416,0.47725219256405926,-0.026291009079755415
15.700000000000001,48.998717567113324,0.47481148097908654,-0.0244071158497273
15.8,49.04599220776008,0.47274640646755184,-0.02065074511534711
15.9,49.093100597046956,0.47108389286876384,-0.016625135987880017
16.0,49.140076615529146,0.4697601848219096,-0.013237080468542264
16.1,49.186961828978866,0.46885213449719076,-0.009080503247188437
16.2,49.23378110608608,0.4681927710721212,-0.006593634250695731
16.3,49.28053530969417,0.46754203608095013,-0.006507349911710665
16.400000000000002,49.32720866979664,0.4667336010246648,-0.008084350562852945
16.5,49.37380418434721,0.46595514550568423,-0.007784555189806085
16.6,49.42032091127003,0.4651672692282394,-0.007878762774447988
16.7,49.46674082356822,0.4641991229819197,-0.00968146246319766
16.8,49.513002714357626,0.46261890789401916,-0.015802150879004936
16.900000000000002,49.55902648786632,0.4602377350869281,-0.023811728070910136
17.0,49.60475617935577,0.45729691489449475,-0.029408201924334205
17.1,49.65013657504325,0.45380395687480113,-0.03492958019693576
17.2,49.69511198847007,0.4497541342681995,-0.040498226066017246
17.3,49.73961234206267,0.4450035359260277,-0.047505983421717184
17.400000000000002,49.78356629431292,0.43953952250247935,-0.05464013423548275
17.5,49.826893589307716,0.43327294994797183,-0.06266572554507654
17.6,49.86948637486434,0.4259278555662089,-0.07345094381762847
17.7,49.91122423866918,0.41737863804841346,-0.08549217517795597
17.8,49.952004591887295,0.40780353218117105,-0.09575105867242281
17.900000000000002,49.991761487664064,0.3975689577676832,-0.10234574413487706
18.0,50.03043822768936,0.386767400252958,-0.10801557514725399
18.1,50.06798205375429,0.37543826064932695,-0.11329139603630917
18.2,50.10436179453747,0.36379740783176184,-0.11640852817565354
18.3,50.13951637063485,0.35154576097382984,-0.12251646857931835
18.400000000000002,50.17339295836072,0.33876587725870394,-0.12779883715125714
18.5,50.205981175813115,0.3258821745239329,-0.12883702734771293
18.6,50.237306060855,0.3132488504188258,-0.12633324105106966
18.7,50.267389962336324,0.3008390148132698,-0.1240983560555624
18.8,50.29624670909294,0.28856746756616347,-0.12271547247106154
18.900000000000002,50.32388848781111,0.2764177871816958,-0.12149680384467504
19.0,50.35032287069487,0.26434382883757335,-0.12073958344122705
19.1,50.3755622381175,0.2523936742263508,-0.11950154611222394
19.200000000000003,50.39960788488633,0.24045646768825804,-0.11937206538092573
19.3,50.422483516662965,0.22875631776635919,-0.11700149921899106
19.400000000000002,50.44424579274158,0.21762276078618162,-0.11133556980177409
19.5,50.46494153610167,0.20695743360086724,-0.10665327185314605
19.6,50.48462144037436,0.19679904272692003,-0.10158390873947065
19.700000000000003,50.503312225905916,0.18690785531553633,-0.0989118741138356
19.8,50.52105612852215,0.177439026162322,-0.09468829153214543
19.900000000000002,50.53789156789182,0.1683543936967145,-0.0908463246560735
20.0,50.55387086979045,0.159793018986324,-0.0856137471039069
20.1,50.56905113086401,0.1518026107355986,-0.07990408250725303
20.200000000000003,50.583494270144904,0.14443139280892375,-0.0737121792667473
20.3,50.59726148527113,0.13767215126229654,-0.06759241546627359
20.400000000000002,50.610390677105116,0.1312919183398246,-0.06380232922471855
20.5,50.622935670661086,0.12544993555970319,-0.05841982780121532
20.6,50.634970840914185,0.12035170253099466,-0.05098233028708457
20.700000000000003,50.64657286993396,0.11602029019776529,-0.04331412333229306
20.8,50.65775174117303,0.11178871239067928,-0.042315778070860996
20.900000000000002,50.66848790956303,0.1073616838999654,-0.044270284907138226
21.0,50.678755322110206,0.10267412547179552,-0.04687558428169969
21.1,50.688531558317955,0.09776236207748784,-0.04911763394307613
21.200000000000003,50.69780310169917,0.09271543381217252,-0.05046928265315246
21.3,50.70659404616802,0.08790944468849392,-0.04805989123678708
21.400000000000002,50.714962504592435,0.08368458424413797,-0.042248604443558914
21.5,50.72298865960257,0.08026155010135654,-0.03423034142781504
21.6,50.730767005947904,0.0777834634533281,-0.024780866480284054
21.700000000000003,50.7383969915795,0.07629985631595451,-0.014836071373735615
21.8,50.7460106309204,0.0761363934090314,-0.0016346290692311265
21.900000000000002,50.75375037579934,0.07739744878939693,0.012610553803655099
22.0,50.76175459359354,0.08004217794194972,0.026447291525528445
22.1,50.7701023320095,0.08347738415963472,0.034352062176849565
22.200000000000003,50.778837848084294,0.08735516074793158,0.038777765882968
22.3,50.78799524624222,0.09157398157924686,0.04218820831315369
22.400000000000002,50.7975935956831,0.09598349440878315,0.04409512829536229
22.5,50.80763077657729,0.10037180894194578,0.04388314533162723
22.6,50.818137115018196,0.10506338440904833,0.04691575467102488
22.700000000000003,50.82912488978214,0.10987774763947143,0.048143632304230306
22.8,50.84060349289456,0.11478603112415686,0.04908283484685535
22.900000000000002,50.85258446961668,0.11980976722121113,0.05023736097054197
23.0,50.86508760968567,0.12503140068993712,0.05221633468726103
23.1,50.87811990357683,0.1303229389115738,0.05291538221636591
23.200000000000003,50.89163886946048,0.13518965883647902,0.04866719924905158
23.3,50.90558140131814,0.13942531857658777,0.04235659740108845
23.400000000000002,50.91990729845913,0.1432589714099188,0.03833652833330981
23.5,50.93458401856592,0.14676720106791977,0.03508229658001036
23.6,50.94960245857406,0.1501844000814124,0.03417199013492585
23.700000000000003,50.96497252292855,0.1537006435448496,0.035162434634371575
23.8,50.98070619805539,0.1573367512683921,0.03636107723542581
23.900000000000002,50.996803110684816,0.160969126294288,0.036323750258958384
24.0,51.013241829704036,0.16438719019220466,0.034180638979167295
24.1,51.030011041112694,0.16769211408657486,0.03304923894370157
24.200000000000003,51.047055614937264,0.17044573824570122,0.02753624159126322
24.3,51.064310888368105,0.1725527343084147,0.02106996062713518
24.400000000000002,51.08177065479407,0.17459766425964782,0.020449299512330918
24.5,51.09945030332585,0.17679648531782655,0.02198821058178776
24.6,51.11735216029634,0.1790185697048915,0.02222084387064917
24.700000000000003,51.13548083287844,0.18128672582100788,0.022681561161163554
24.8,51.15380421200315,0.1832337912470944,0.019470654260865666
24.900000000000002,51.1722695531366,0.18465341133449178,0.014196200873973573
25.0,51.1908153669623,0.18545813825696594,0.008047269224741754
25.1,51.20939406903435,0.185787020720551,0.003288824635850571
25.200000000000003,51.2279773100378,0.18583241003447618,0.0004538931392516978
25.3,51.24652882448862,0.18551514450820544,-0.0031726552627073922
25.400000000000002,51.26499510199269,0.18466277504067555,-0.008523694675298833
25.5,51.28329875124818,0.18303649255493717,-0.016262824857384076
25.6,51.301364383949654,0.180656327014714,-0.023801655402231277
25.700000000000003,51.31912803372769,0.17763649778032434,-0.03019829234389633
25.8,51.336553365523855,0.17425331796168936,-0.033831798186350515
25.900000000000002,51.35360987489981,0.1705650937595469,-0.036882242021424066
26.0,51.37029773426417,0.1668785936436059,-0.03686500115941067
26.1,51.38661051502249,0.163127807583192,-0.037507860604138486
26.200000000000003,51.40255271001838,0.15942194995886666,-0.037058576243252955
26.3,51.4181440382446,0.15591328226222223,-0.035086676966445046
26.400000000000002,51.433413671032405,0.15269632787805915,-0.032169543841630385
26.5,51.44838456143596,0.14970890403553802,-0.02987423842521189
26.6,51.463054142586344,0.14669581150385871,-0.03013092531679264
26.700000000000003,51.47740884674717,0.1435470416082276,-0.03148769895631076
26.8,51.49144892585,0.14040079102834413,-0.03146250579883531
26.900000000000002,51.505131844982785,0.13682919132783217,-0.03571599700511912
27.0,51.51839680533912,0.13264960356338235,-0.0417958776444991
27.1,51.531169323498695,0.12772518159571963,-0.04924421967662642
27.200000000000003,51.543367614171544,0.12198290672848881,-0.057422748672307386
27.3,51.55492697044099,0.11559356269444512,-0.06389344034043826
27.400000000000002,51.56577846891553,0.10851498474543876,-0.07078577949006262
27.5,51.575846749974374,0.10068281058842603,-0.078321741570129
27.6,51.585052875607154,0.0920612563277943,-0.08621554260631606
27.700000000000003,51.59333519402446,0.08282318417307859,-0.0923807215471558
27.8,51.600632395820114,0.07297201795651787,-0.09851166216560932
27.900000000000002,51.60687708293159,0.06244687111475766,-0.10525146841760052
28.0,51.61200075567116,0.05123672739571925,-0.1121014371903865
28.1,51.61594000194216,0.03939246270995455,-0.11844264685764534
28.200000000000003,51.61860917802684,0.026691760846801648,-0.12700701863152722
28.3,51.619905279814354,0.012961017875170731,-0.1373074297163121
28.400000000000002,51.61970992143919,-0.0019535837516570786,-0.14914601626827598
28.5,51.61793732939088,-0.01772592048311632,-0.15772336731459577
28.6,51.61454292788861,-0.03394401502269724,-0.1621809453958069
28.700000000000003,51.60952127801395,-0.05021649874656404,-0.16272483723866565
28.8,51.602892256051675,-0.06629021962275913,-0.16073720876195438
28.900000000000002,51.594695879780396,-0.08196376271278777,-0.15673543090028413
29.0,51.585018244048115,-0.09677635732281183,-0.14812594610024374
29.1,51.57395792684764,-0.11060317200474244,-0.1382681468193042
29.200000000000003,51.56162142528731,-0.12336501560326776,-0.1276184359852514
29.3,51.54815142967806,-0.13469995609256388,-0.1133494048929636
29.400000000000002,51.53369329494408,-0.1445813473397785,-0.09881391247214487
29.5,51.51837440565686,-0.15318889287222576,-0.0860754553244743
29.6,51.50229194373718,-0.16082461919679986,-0.07635726324573991
29.700000000000003,51.48556438448746,-0.16727559249716012,-0.06450973300360172
29.8,51.468295787794524,-0.17268596692936825,-0.05410374432208241
29.900000000000002,51.450589045108025,-0.17706742686499158,-0.043814599356232706
30.0,51.43255439470607,-0.1803465040195856,-0.032790771545940935
30.1,51.414303912112665,-0.18250482593401526,-0.02158321914429631
30.200000000000003,51.39593280464457,-0.1837110746809119,-0.012062487468966316
30.3,51.37749954671627,-0.18433257928301255,-0.006215046021006553
30.400000000000002,51.359036343067935,-0.18463203648337603,-0.0029945720036347453
30.5,51.340592312728276,-0.18444030339658862,0.0019173308678741416
30.6,51.32220498025592,-0.18387332472357537,0.005669786730132439
30.700000000000003,51.30387375475998,-0.18331225495941533,0.005610697641600302
30.8,51.285582794805784,-0.1829095995419333,0.004026554174820315
30.900000000000002,51.2673035292811,-0.1827926552468258,0.0011694429510750004
31.0,51.24901822879366,-0.1828530048744209,-0.0006034962759510339
31.1,51.23070576639322,-0.18312462400437562,-0.002716191299547105
31.200000000000003,51.212348889162136,-0.18356877231084662,-0.004441483064709865
31.3,51.19390253143257,-0.18446357729566326,-0.00894804984816663
31.400000000000002,51.175294340822184,-0.1860819061038628,-0.016183288081995144
31.5,51.15645563969008,-0.18838701132104466,-0.02305105217181907
31.6,51.13732206484928,-0.19133574840800532,-0.029487370869606257
31.700000000000003,51.11782719862665,-0.19494866222629248,-0.03612913818287104
31.8,51.097924980477856,-0.19902218148793763,-0.040735192616452344
31.900000000000002,51.07757884154598,-0.20346138931877245,-0.04439207830834755
32.0,51.05673121382842,-0.20847627717558215,-0.05014887856809809
32.1,51.03534686592775,-0.21384347900670928,-0.05367201831127051
32.2,51.01337616527937,-0.2197070064838127,-0.05863527477103336
32.300000000000004,50.99077598781838,-0.22600177460986648,-0.06294768126053696
32.4,50.96753053952226,-0.23245448296124394,-0.06452708351377823
32.5,50.943659235862484,-0.23871303659774074,-0.06258553636496711
32.6,50.91919245992651,-0.24466775935969673,-0.05954722761955909
32.7,50.8941448226011,-0.2504763732541413,-0.058086138944444816
32.800000000000004,50.86853434305335,-0.2561047954775083,-0.056284222233669336
32.9,50.842380455229524,-0.26153887823825595,-0.05434082760747947
33.0,50.81573457014442,-0.2664588508510197,-0.04919972612763709
33.1,50.788653006775164,-0.2708156336925744,-0.04356782841554601
33.2,50.76117523960484,-0.2747776717032441,-0.03962038010669632
33.300000000000004,50.73332028395847,-0.27854955646368357,-0.03771884760439439
33.4,50.70511270426401,-0.28207579694461243,-0.035262404809290666
33.5,50.676594166657964,-0.2851853760604643,-0.03109579115851813
33.6,50.64778060126094,-0.28813565397022545,-0.029502779097611145
33.7,50.61865958077669,-0.29121020484246724,-0.030745508722417443
33.800000000000004,50.58923289591177,-0.2942668486492253,-0.030566438067580314
33.9,50.55949637543108,-0.29736520480691114,-0.030983561576860094
34.0,50.52944062416101,-0.3005575127006878,-0.03192307893776624
34.1,50.49905342762282,-0.3038719653819256,-0.033144526812377645
34.2,50.46829084372872,-0.30762583894101697,-0.03753873559091294
34.300000000000004,50.437096879725885,-0.3119396400283092,-0.04313801087292174
34.4,50.40542960691566,-0.31667272810226543,-0.04733088073956496
34.5,50.37325727373614,-0.32172333179523604,-0.05050603692970541
34.6,50.34052000440778,-0.3273726932835739,-0.056493614883377535
34.7,50.307196920105405,-0.3332308430237371,-0.0585814974016316
34.800000000000004,50.27328854502174,-0.33908375083661696,-0.05852907812879754
34.9,50.23877780961731,-0.34510735404433573,-0.06023603207719117
35.0,50.203622333658764,-0.35155475958546345,-0.06447405541127624
35.1,50.167757462789496,-0.3586487086926786,-0.07093949107215068
35.2,50.131151728786776,-0.3660573400271919,-0.074086313345132
35.300000000000004,50.093825738787835,-0.37325989998940123,-0.07202559962209207
35.4,50.05582621821998,-0.3799952056786043,-0.06735305689203436
35.5,50.017194196003324,-0.38632022216652634,-0.06325016487921963
35.6,49.977957925809726,-0.39236270193597433,-0.06042479769447909
35.7,49.93815256729685,-0.39805358512878686,-0.056908831928124425
35.800000000000004,49.8978055873434,-0.40346979953447143,-0.05416214405684495
35.9,49.856938143023456,-0.4086744431994537,-0.0520464366498254
36.0,49.81556478109147,-0.41373361931987895,-0.05059176120425207
36.1,49.77369560333003,-0.4186917776143358,-0.04958158294456767
36.2,49.73134230495453,-0.4235329837550179,-0.04841206140682051
36.300000000000004,49.68853461173001,-0.42807693224516996,-0.045439484901519854
36.4,49.64534783657139,-0.43186775158626356,-0.037908193410938144
36.5,49.601864019156125,-0.4348381741526391,-0.029704225663754878
36.6,49.55816908525813,-0.43694933897995103,-0.0211116482731191
36.7,49.51436813534215,-0.4380094991597554,-0.010601601798043552
36.800000000000004,49.47057491171016,-0.4379322363199316,0.0007726283982378736
36.9,49.42689345750228,-0.43681454207880316,0.011176942411285164
37.0,49.38342544192091,-0.4346801558136742,0.021343862651289323
37.1,49.34027132355361,-0.4315411836730415,0.031389721406326454
37.2,49.29750995043328,-0.4276137312032741,0.03927452469767334
37.300000000000004,49.25521240282922,-0.42297547604057084,0.046382551627032094
37.4,49.21343711090628,-0.4177529192294809,0.05222556811090259
37.5,49.17227295328914,-0.41164157617138514,0.06111343058095655
37.6,49.13181172659787,-0.40461226691270147,0.07029309258683569
37.7,49.09215422336213,-0.3965750323573701,0.08037234555331227
37.800000000000004,49.05338582668598,-0.38768396676146627,0.08891065595903731
37.9,49.01558059491833,-0.3780523176765131,0.09631649084953724
38.0,48.97881198263344,-0.3676861228489462,0.10366194827566752
38.1,48.94312926756416,-0.356827150692775,0.10858972156171055
38.2,48.90856387381289,-0.3456539375127172,0.11173213180057603
38.300000000000004,48.875124444094524,-0.3343942971836308,0.1125964032908628
38.400000000000006,48.84279254749061,-0.3233189660391343,0.11075331144496335
38.5,48.811519574130244,-0.3127297336036783,0.10589232435456611
38.6,48.78124271602017,-0.3027685811007742,0.09961152502903939
38.7,48.751905194547675,-0.29337521472491385,0.09393366375860224
38.800000000000004,48.723449643140164,-0.28455551407510477,0.08819700649808956
38.900000000000006,48.69581445147992,-0.2763519166024469,0.08203597472657748
39.0,48.66893729341208,-0.2687715806784194,0.07580335924027945
39.1,48.64274663902728,-0.26190654384798134,0.06865036830437946
39.2,48.61715555862474,-0.2559108040254151,0.05995739822566152
39.300000000000004,48.59208026496887,-0.2507529365586656,0.05157867466749437
39.400000000000006,48.56744042699162,-0.2463983797725398,0.04354556786125723
39.5,48.54316057850536,-0.2427984848626035,0.03599894909936518
39.6,48.51913414650613,-0.24026431999224598,0.025341648703574776
39.7,48.495240712999454,-0.2389343350667838,0.013299849254621665
39.800000000000004,48.47136415069907,-0.2387656230038681,0.0016871206291568556
39.900000000000006,48.447403964814704,-0.2396018588436243,-0.008362358397561878
40.0,48.42325669268045,-0.24147272134258865,-0.018708624989644495
40.1,48.39884642283481,-0.2441026984563842,-0.026299771137954966
40.2,48.374113335763624,-0.24733087071183138,-0.03228172255447147
40.300000000000004,48.34903511711458,-0.2507821864904223,-0.03451315778590847
40.400000000000006,48.32363147699519,-0.2540364011939253,-0.032542147035029646
40.5,48.297931509685746,-0.25699967309444144,-0.029632719005163198
40.6,48.27200456288987,-0.25926946795877004,-0.02269794864328568
40.7,48.24590918974025,-0.2609537314961548,-0.01684263537384743
40.800000000000004,48.21968950594649,-0.262196837937619,-0.012431064414641747
40.900000000000006,48.19338382536098,-0.2630568058550827,-0.008599679174636655
41.0,48.16700912495815,-0.26374700402834683,-0.006901981732641952
41.1,48.140593837447554,-0.2641528751059459,-0.004058710775990347
41.2,48.11417492247128,-0.2641891497627531,-0.0003627465680722201
41.300000000000004,48.087773022664095,-0.2640189980718295,0.0017015169092360095
41.400000000000006,48.06137725286976,-0.26395769794333623,0.0006130012849325708
41.5,48.03493748968114,-0.2643976318862124,-0.004399339428761945
41.6,48.00839209645454,-0.2654539322659806,-0.010563003797681563
41.7,47.981704783793724,-0.2668731266081854,-0.014191943422048124
41.800000000000004,47.95483370530708,-0.26871078486642447,-0.01837658258239035
41.900000000000006,47.927752863009154,-0.27080842297926794,-0.020976381128434397
42.0,47.90043989137289,-0.2731297163626478,-0.023212933833800173
42.1,47.872870132121164,-0.2756975925172572,-0.025678761546093134
42.2,47.84506453105692,-0.2780560106424406,-0.023584181251834143
42.300000000000004,47.81706492448364,-0.2799960657328131,-0.01940055090372456
42.400000000000006,47.78891073836017,-0.28154186123465363,-0.01545795501840508
42.5,47.760620740572925,-0.2828999778724911,-0.01358116637837547
42.6,47.73221061090239,-0.2841012967053262,-0.012013188328350684
42.7,47.70369925198728,-0.28511358915110513,-0.010122924457789251
42.800000000000004,47.6750882070484,-0.2861104493888393,-0.009968602377341398
42.900000000000006,47.646358249483924,-0.28729957564471975,-0.011891262558804514
43.0,47.61749829747372,-0.2885995201020273,-0.012999444573075964
43.1,47.58849051108207,-0.29007786391651835,-0.014783438144910578
43.2,47.55928944158175,-0.2920106950032378,-0.019328310867194057
43.300000000000004,47.52986353776012,-0.2942590382162494,-0.022483432130115624
43.400000000000006,47.500197661627645,-0.29665876132475977,-0.023997231085103536
43.5,47.470262771791184,-0.29934889836463013,-0.02690137039870519
43.6,47.440045328504745,-0.3021744328643862,-0.02825534499756048
43.7,47.40955222025601,-0.3049310824873387,-0.02756649622952428
43.800000000000004,47.37879834372507,-0.3075387653093698,-0.026076828220310728
43.900000000000006,47.34782765026256,-0.3097069346251358,-0.02168169315765991
44.0,47.31668481662812,-0.31142833634442363,-0.01721401719287905
44.1,47.28538227717881,-0.31302539449306277,-0.015970581486391185
44.2,47.25388998755119,-0.3149228962762107,-0.018975017831478765
44.300000000000004,47.22217856069008,-0.3171142686110739,-0.021913723348631862
44.400000000000006,47.19023901063092,-0.3193955005916348,-0.022812319805608727
44.5,47.158034626297436,-0.32204384333484326,-0.026483427432086155
44.6,47.12552982503845,-0.3250480125898701,-0.030041692550267913
44.7,47.09269215526134,-0.32837669777108647,-0.03328685181216326
44.800000000000004,47.059491471119436,-0.33200684141902553,-0.036301436479390145
44.900000000000006,47.025904761773766,-0.33586709345669397,-0.038602520376683776
45.0,46.9919089761552,-0.339957856185668,-0.0409076272897425
45.1,46.957495176113284,-0.34413800041917364,-0.04180144233505596
45.2,46.92267553967399,-0.3481963643929426,-0.04058363973768906
45.300000000000004,46.88748990036578,-0.3518563930820967,-0.036600286891540525
45.400000000000006,46.851944678703184,-0.3554522166259438,-0.03595823543847025
45.5,46.816041368174176,-0.35903310529010124,-0.03580888664157659
45.6,46.77977616390794,-0.36265204266235623,-0.03618937372254942
45.7,46.74314913353026,-0.3662703037767959,-0.0361826111443964
45.800000000000004,46.706175294220245,-0.3697383931001444,-0.034680893233484174
45.900000000000006,46.66888263792873,-0.37292656291512044,-0.031881698149760045
46.0,46.63130134146438,-0.3758129646435507,-0.028864017284304076
46.1,46.59346182600376,-0.37839515460617607,-0.02582189962625344
46.2,46.55537714480565,-0.3808468119811383,-0.024516573749621892
46.300000000000004,46.517031875763855,-0.383452690417906,-0.026058784367676464
46.400000000000006,46.478409378832794,-0.3862249693106124,-0.02772278892706386
46.5,46.43950166937663,-0.3890770945616361,-0.02852125251023847
46.6,46.40029224793867,-0.39209421437959135,-0.030171198179552286
46.7,46.360753317711236,-0.3953893022743615,-0.03295087894770075
46.800000000000004,46.32088647204819,-0.3986684566304831,-0.03279154356121592
46.900000000000006,46.280709679499424,-0.401767925487627,-0.030994688571438615
47.0,46.24024889810155,-0.40460781397877976,-0.028398884911529036
47.1,46.19952946388646,-0.4071943421508393,-0.025865281720594734
47.2,46.15859385278988,-0.4093561109658536,-0.021617688150143113
47.300000000000004,46.11748709457602,-0.41106758213856537,-0.017114711727117295
47.400000000000006,46.07626027203143,-0.41226822544586506,-0.0120064330729967
47.5,46.03495819243422,-0.4130207959721823,-0.0075257052631726275
47.6,45.993641868439305,-0.4131632399491222,-0.0014244397693990794
47.7,45.95236694318938,-0.412749252499219,0.004139874499031689
47.800000000000004,45.911142625645915,-0.41224317543466193,0.005060770645570684
47.900000000000006,45.86997264042164,-0.4116998522427137,0.005433231919482118
48.0,45.82886617941039,-0.41106461011255596,0.0063524213015778985
48.1,45.787869198703554,-0.40996980706835856,0.010948030441973854
48.2,45.74702406672843,-0.4084513197512449,0.0151848731711366
48.300000000000004,45.70641245198443,-0.4061161474400108,0.023351723112340572
48.400000000000006,45.66614072777515,-0.402717242092757,0.0339890534725374
48.5,45.626354541748064,-0.3978618602708876,0.04855381821869674
48.6,45.58724180509374,-0.3911273665432391,0.0673449372764841
48.7,45.54900044545161,-0.3824135964212817,0.08713770121957275
48.800000000000004,45.511831445878336,-0.371689995732746,0.1072360068853552
48.900000000000006,45.4759155912787,-0.3591585459963602,0.12531449736385636
49.0,45.44138586587486,-0.3452972540384477,0.13861291957913313
49.1,45.40835476107598,-0.3303110479887958,0.14986206049651682
49.2,45.37688327409961,-0.31471486976364366,0.15596178225151913
49.300000000000004,45.34699314244359,-0.29890131656024294,0.15813553203400496
49.400000000000006,45.31868932806836,-0.2830381437522749,0.15863172807967837
49.5,45.29199828240738,-0.2669104566098364,0.16127687142439368
49.6,45.2669287782677,-0.2506950413967921,0.16215415213044085
49.7,45.24347733706054,-0.23451441207157253,0.16180629325219345
49.800000000000004,45.22161220317577,-0.21865133884766097,0.15863073223911336
49.900000000000006,45.201274763070906,-0.2033744010486742,0.1527693779898654
50.0,45.182409213003815,-0.18865550067091524,0.14718900377759805
50.1,45.16497286380456,-0.17436349199257714,0.142920086783379
50.2,45.148924147204546,-0.1604871660001072,0.13876325992469737
50.300000000000004,45.13422431817981,-0.14699829024735114,0.13488875752755872
50.400000000000006,45.12085869503668,-0.1336562314313009,0.13342058816050056
50.5,45.108833595508614,-0.12025099528067758,0.13405236150624084
50.6,45.0981695063592,-0.10664089149415039,0.13610103786526995
50.7,45.08890198640182,-0.09267519957376048,0.13965691920389706
50.800000000000004,45.081029419453415,-0.07872566948407099,0.13949530089689297
50.900000000000006,45.074524569274296,-0.06504850179119522,0.1367716769287558
51.0,45.069351280657706,-0.05173288616589683,0.13315615625299143
51.1,45.065464795117016,-0.03886485540689877,0.12868030758997878
51.2,45.06282577377721,-0.026390213398030563,0.12474642008868028
51.300000000000004,45.06139037538711,-0.01435398390100297,0.1203622949702742
51.400000000000006,45.06109018720978,-0.003001881773343442,0.11352102127659366
51.5,45.06186168610146,0.007714988916803106,0.10716870690147157
51.6,45.06364396856187,0.017822824604109857,0.10107835687306607
51.7,45.06637236179707,0.027283932352019813,0.09461107747909822
51.800000000000004,45.069996380125595,0.03624018328522942,0.08956250933209478
51.900000000000006,45.074459867745375,0.04463487619780374,0.08394692912574205
52.0,45.07970155858765,0.05241690842275957,0.07782032224956269
52.1,45.085689365469705,0.05987806882053718,0.07461160397777505
52.2,45.09241942790081,0.06730062431102983,0.07422555490492545
52.300000000000004,45.09991691072525,0.07497482824440631,0.07674203933376368
52.400000000000006,45.10822261416014,0.08305703434892446,0.08082206104518037
52.5,45.117383267107215,0.0916065294707432,0.08549495121819226
52.6,45.127454068997274,0.10070801890058902,0.09101489429845687
52.7,45.13844927066801,0.1099520167073804,0.09243997806791256
52.800000000000004,45.15035108187482,0.1190181120680461,0.09066095360665573
52.900000000000006,45.16313844883251,0.12787366957695487,0.08855557508908636
53.0,45.17676248696445,0.13624038131937574,0.0836671174242135
53.1,45.19116092437637,0.14398437411919723,0.07743992799821382
53.2,45.20625661868001,0.15095694303638893,0.06972568917191597
53.300000000000004,45.2219327357919,0.15676117111894206,0.05804228082553043
53.400000000000006,45.23804374511805,0.16111009326145392,0.04348922142511807
53.5,45.25448083374833,0.16437088630284305,0.032607930413893114
53.6,45.271159167128666,0.16678333380333518,0.024124475004920976
53.7,45.287987797068844,0.1682862994017829,0.015029655984477095
53.800000000000004,45.30488838438628,0.16900587317436802,0.007195737725850979
53.900000000000006,45.321830071041504,0.16941686655222313,0.004109933778551009
54.0,45.33880526206942,0.16975191027918413,0.0033504372696101753
54.1,45.355797355353026,0.16992093283604717,0.0016902255686304416
54.2,45.372780776392965,0.1698342103993842,-0.0008672243666296585
54.300000000000004,45.38972389563253,0.16943119239563245,-0.004030180037517482
54.400000000000006,45.40658085122058,0.1685695558805354,-0.00861636515097035
54.5,45.423294783707625,0.16713932487044286,-0.014302310100926233
54.6,45.43982764188479,0.1653285817716442,-0.018107430987986416
54.7,45.45616049344798,0.1633285156319152,-0.020000661397289725
54.800000000000004,45.47229019548714,0.16129702039158414,-0.02031495240331026
54.900000000000006,45.48824393734324,0.15953741856101317,-0.017596018305709477
55.0,45.50406044407207,0.15816506728826074,-0.013723512727525037
55.1,45.51980005129599,0.15739607223920646,-0.00768995049054272
55.2,45.535533870300796,0.15733819004807745,-0.0005788219112900978
55.300000000000004,45.55131459801967,0.15780727718876394,0.004690871406864905
55.400000000000006,45.56719842646205,0.15883828442376344,0.01031007234999478
55.5,45.58323402159609,0.1603559513404298,0.01517666916666441
55.6,45.59944696887955,0.16212947283456228,0.017735214941324597
55.7,45.61583626642921,0.16389297549664883,0.017635026620865274
55.800000000000004,45.632401086370606,0.16564819941393458,0.017552239172857226
55.900000000000006,45.64912916068502,0.1672807431441446,0.016325437302099944
56.0,45.6660072411759,0.16878080490877317,0.01500061764628665
56.1,45.683012178166535,0.17004936990637745,0.012685649976042587
56.2,45.70011632353165,0.17104145365116818,0.009920837447907198
56.300000000000004,45.71726774080338,0.171514172717264,0.0047271906609579915
56.400000000000006,45.73441985481521,0.17152114011828457,6.967401020574372e-05
56.5,45.75154101199739,0.1712115718218241,-0.0030956829646049495
56.6,45.768623084546995,0.17082072549605457,-0.003908463257695172
56.7,45.78567724556984,0.1705416102284805,-0.002791152675740665
56.800000000000004,45.80274038455685,0.17063138987005047,0.0008977964156997459
56.900000000000006,45.819878236960726,0.17137852403876974,0.007471341687192606
57.0,45.83717394703435,0.17295710073626497,0.015785766974953163
57.1,45.85473145107923,0.17557504044880295,0.026179397125379495
57.2,45.87266157730976,0.1793012623053133,0.03726221856510284
57.300000000000004,45.891070663025914,0.1840908571615048,0.04789594856191447
57.400000000000006,45.910044877164026,0.18974214138111464,0.05651284219609756
57.5,45.92966976213995,0.19624884975926854,0.06506708378154268
57.6,45.95002213594174,0.20352373801784718,0.07274888258578535
57.7,45.97116006448536,0.2113792854362343,0.0785554741838701
57.800000000000004,45.9931337137674,0.21973649282038507,0.08357207384150653
57.900000000000006,46.01598485274956,0.2285113898216163,0.08774897001231116
58.0,46.039747530628986,0.2376267787942645,0.09115388972648704
58.1,46.06443889268909,0.24691362060103123,0.09286841806766595
58.2,46.09004311292704,0.2560422023795147,0.0912858177848334
58.300000000000004,46.11654468885912,0.2650157593207998,0.08973556941284971
58.400000000000006,46.14391901654887,0.27374327689748734,0.08727517576687426
58.5,46.172151395454264,0.2823237890539492,0.08580512156462371
58.6,46.20121871818419,0.29067322729921885,0.08349438245269507
58.7,46.2310672558149,0.2984853763071229,0.07812149007903946
58.800000000000004,46.261610564899826,0.30543309084925874,0.06947714542135731
58.900000000000006,46.2927734473988,0.3116288249897492,0.06195734140490373
59.0,46.324531196950254,0.3175774955145452,0.05948670524796367
59.1,46.35689299530087,0.32361798350613463,0.06040487991589319
59.2,46.389889051551194,0.3299605625032551,0.06342578997120395
59.300000000000004,46.423565739122644,0.3367668757144978,0.06806313211242601
59.400000000000006,46.4579753166102,0.34409577487557863,0.07328899161080711
59.5,46.49315288564601,0.35177569035811596,0.07679915482537762
59.6,46.52910081957066,0.35947933924645725,0.07703648888341187
59.7,46.56579940533709,0.3669858576642985,0.07506518417841117
59.800000000000004,46.603217623677224,0.3741821834013539,0.07196325737055317
59.900000000000006,46.64135593423338,0.3813831055615625,0.0720092216020852
60.0,46.680255997094925,0.3890006286154567,0.07617523053894615
60.1,46.71996410130689,0.39708104211967454,0.08080413504217727
60.2,46.76049745990984,0.40533358602949354,0.08252543909818881
60.300000000000004,46.801855042882686,0.4135758297284239,0.08242243698930224
60.400000000000006,46.843998617100425,0.421435742177388,0.07859912448964002
60.5,46.88684938679548,0.4285076969505996,0.07071954773212
60.6,46.93029897901075,0.4344959221526717,0.059882252020720096
60.7,46.97425846653114,0.43959487520388846,0.05098953051216698
60.800000000000004,47.0186849317458,0.44426465214662236,0.04669776942733839
60.900000000000006,47.063549660575276,0.4486472882947304,0.04382636148107959
61.0,47.10879597220506,0.4524631162978467,0.03815828003116523
61.1,47.154366767843285,0.4557079563822632,0.032448400844164546
61.2,47.200230806941704,0.4586403909841798,0.029324346019165698
61.300000000000004,47.24635574387646,0.4612493693475207,0.026089783633408598
61.400000000000006,47.2927140943178,0.4635835044134429,0.023341350659221938
61.5,47.33932555644371,0.46611462125912145,0.02531116845678671
61.6,47.38620963843655,0.46884081992835336,0.027261986692318663
61.7,47.433387304790585,0.47177666354037523,0.029358436120218295
61.800000000000004,47.480903341961415,0.47516037170829184,0.033837081679165625
61.900000000000006,47.528755615855815,0.47852273894398706,0.033623672356951705
62.0,47.576896466659136,0.48140850803323937,0.028857690892524743
62.1,47.62526030951423,0.48363842855095407,0.022299205177146692
62.2,47.673797549310706,0.48537239796473153,0.01733969413777434
62.300000000000004,47.72248541576694,0.48687866456233325,0.015062665976017029
62.400000000000006,47.77128878632712,0.48803370560178666,0.011550410394533918
62.5,47.820173195901155,0.4888440957403895,0.008103901386028917
62.6,47.869091015048326,0.48917819147170166,0.0033409573131215147
62.7,47.9179769253813,0.48885910332976595,-0.003190881419357038
62.800000000000004,47.96679714437891,0.4882021899760433,-0.006569133537226341
62.900000000000006,48.01552378702093,0.48726642642022727,-0.009357635558160248
63.0,48.06409076737234,0.485669803514127,-0.015966229061003888
63.1,48.11238664682254,0.48295879450200396,-0.027110090121229728
63.2,48.16029608137268,0.47909434550134505,-0.038644490006588546
63.300000000000004,48.207699475295215,0.4740339392253578,-0.05060406275987178
63.400000000000006,48.25448576872183,0.46786293426613,-0.06171004959227701
63.5,48.300544378819986,0.4605861009815988,-0.07276833284531628
63.6,48.34576937375322,0.45224994933234863,-0.0833615164925005
63.7,48.39005385403829,0.44284480285070854,-0.09405146481639959
63.800000000000004,48.4332712300193,0.4321737598100777,-0.10671043040630672
63.900000000000006,48.47528542855095,0.4201419853164563,-0.12031774493621246
64.0,48.51595741646356,0.40671987912612373,-0.13422106190333336
64.10000000000001,48.55516439022176,0.3920697375820147,-0.14650141544107792
64.2,48.592813679809794,0.37649289588033963,-0.15576841701675945
64.3,48.62882998849004,0.36016308680247905,-0.16329809077861507
64.4,48.66313384085366,0.34303852363618065,-0.1712456316629694
64.5,48.695655339150875,0.3252149829721603,-0.17823540664021378
64.60000000000001,48.72634851227323,0.30693173122355916,-0.18283251748599566
64.7,48.7552211558123,0.288726435390688,-0.18205295832872206
64.8,48.78231318879772,0.27092032985423603,-0.17806105536452968
64.9,48.807682581838804,0.25369393041079713,-0.17226399443437432
65.0,48.83137769746399,0.23695115625189014,-0.1674277415890794
65.10000000000001,48.85344636171379,0.22068664249799036,-0.16264513753898396
65.2,48.873952155773694,0.2050579405990166,-0.1562870189897464
65.3,48.89296754755253,0.19015391778837568,-0.1490402281064178
65.4,48.910600459573686,0.1763291202115474,-0.138247975768271
65.5,48.926993677118986,0.1639321754530081,-0.12396944758540013
65.60000000000001,48.94227405573822,0.15280378619229515,-0.1112838926071199
65.7,48.95655142976358,0.14277374025362477,-0.10030045938670949
65.8,48.969944574852285,0.1339314508870691,-0.0884228936655618
65.9,48.982571311848915,0.12626736996628896,-0.07664080920779483
66.0,48.99457298098738,0.12001669138464138,-0.06250678581647928
66.10000000000001,49.006095838184734,0.11522857197355035,-0.04788119411090622
66.2,49.01725887292472,0.11163034739987333,-0.03598224573677224
66.3,49.028157395026525,0.1089852210180515,-0.02645126381821986
66.4,49.03888008485861,0.10722689832085104,-0.01758322697200307
66.5,49.04949980501206,0.10619720153450522,-0.010296967863458769
66.60000000000001,49.060083411398764,0.1058360638670218,-0.0036113766748339634
66.7,49.07068260821805,0.10599196819285941,0.0015590432583762802
66.8,49.08136089351039,0.10678285292343655,0.00790884730577177
66.9,49.09217714373797,0.10816250227576561,0.013796493523289478
67.0,49.103185163634805,0.11008019896835379,0.019176966925882867
67.10000000000001,49.11444943727142,0.11264273636611682,0.02562537397762816
67.2,49.12605413725139,0.11604699979969928,0.03404263433582646
67.3,49.13809561272807,0.12041475476686232,0.04367754967163294
67.4,49.15070788285033,0.12612270122253114,0.05707946455668327
67.5,49.16401066168381,0.13302778833485052,0.06905087112319773
67.60000000000001,49.17809965723643,0.14088995552617908,0.07862167191327897
67.7,49.19305461184501,0.14954954608577392,0.0865959055959533
67.8,49.20893792697744,0.15883315132435363,0.09283605238580239
67.9,49.22580661816738,0.1686869118993995,0.09853760575045022
68.0,49.243707880006674,0.17901261839292767,0.10325706493528768
68.10000000000001,49.26265167980307,0.1894379979639476,0.10425379571019049
68.2,49.282641194598455,0.19989514795385047,0.10457149989903447
68.3,49.30370044407473,0.21059249476274775,0.10697346808897887
68.4,49.32588584035629,0.22185396281562458,0.11261468052875878
68.5,49.34924001207463,0.2335417171833986,0.11687754367774693
68.60000000000001,49.37381653227231,0.24576520197674548,0.12223484793345825
68.7,49.39966815439303,0.2585162212072026,0.12751019230457825
68.8,49.42685588598095,0.2718773158792386,0.1336109467203676
68.9,49.455451346166825,0.28595460185873783,0.14077285979498055
69.0,49.4855356055088,0.30084259341977604,0.14887991561039052
69.10000000000001,49.51719265697894,0.31657051470138386,0.15727921281606486
69.2,49.55049358946393,0.33300932484993,0.1643881014854708
69.3,49.58544800291397,0.3495441345003968,0.16534809650467716
69.4,49.6220532632304,0.36605260316424626,0.16508468663848067
69.5,49.66028377873325,0.3823051550285545,0.16252551864309164
69.60000000000001,49.70007896316532,0.39795184432062475,0.15646689292068913
69.7,49.741379652540665,0.41300689375349936,0.15055049432875467
69.8,49.78413997243582,0.4276031989515404,0.1459630519804189
69.9,49.82830710161148,0.4416712917565825,0.14068092805040866
70.0,49.873845480449305,0.4553837883782822,0.1371249662170049
70.10000000000001,49.92071943797345,0.4687395752414458,0.13355786863162494
70.2,49.96888676225474,0.48167324281290186,0.12933667571456767
70.3,50.01830040567417,0.49413643419430253,0.12463191381401381
70.4,50.068889828730825,0.5058942305665249,0.11757796372221405
70.5,50.12054724671065,0.5165741797982841,0.10679949231759796
70.60000000000001,50.17314768986223,0.5260044315157848,0.09430251717499867
70.7,50.22655577423188,0.5340808436965309,0.08076412180746521
70.8,50.280643082924605,0.5408730869272512,0.06792243230720749
70.9,50.335312968344915,0.5466988542030538,0.058257672758020324
71.0,50.390467604349034,0.5515463600412176,0.04847505838164121
71.10000000000001,50.44600298945203,0.5553538510299442,0.03807490988726245
71.2,50.50179549982826,0.5579251037623185,0.025712527323744978
71.3,50.55770223395141,0.5590673412315146,0.011422374691961262
71.4,50.6135919558418,0.5588972189038323,-0.0017012232768230599
71.5,50.6693821470902,0.5579019124840163,-0.0099530641981599
71.60000000000001,50.72503235339669,0.5565020630649068,-0.01399849419109414
71.7,50.78051196670251,0.5547961330582356,-0.017059300066712826
71.8,50.83578876486014,0.5527679815763124,-0.020281514819233723
71.9,50.89081383525857,0.5502507039842427,-0.025172775920694408
72.0,50.9455386110726,0.5472477581403323,-0.030029458439105358
72.10000000000001,50.99993700582179,0.5439839474918775,-0.03263810648454545
72.2,51.05402621675282,0.54089210931028,-0.03091838181597704
72.3,51.107831452026154,0.5380523527334041,-0.028397565768760128
72.4,51.16135577155087,0.5352431952471447,-0.028091574862591888
72.5,51.2146036039328,0.5324783238193068,-0.027648714278380355
72.60000000000001,51.267584386643165,0.5298078271035936,-0.0267049671571295
72.7,51.32032308391833,0.5273869727517011,-0.024208543518926807
72.8,51.37282210406472,0.5249902014638806,-0.023967712878205902
72.9,51.425040026906,0.5221792284127512,-0.028109730511291887
73.0,51.47692378328926,0.5188375638326488,-0.033416645801026226
73.10000000000001,51.528411106080114,0.5148732279085083,-0.03964335924140134
73.2,51.579405610833774,0.5099450475366331,-0.049281803718755374
73.3,51.62981427353278,0.5040866269900877,-0.058584205465457284
73.4,51.67952799353538,0.49713720002596085,-0.06949426964126222
73.5,51.72843376221439,0.4890576867900898,-0.08079513235871487
73.60000000000001,51.77645830348794,0.480245412735515,-0.08812274054574047
73.7,51.82358456078277,0.4712625729483035,-0.08982839787212049
73.8,51.869830225402,0.462456646192306,-0.08805926755998007
73.9,51.915247203379764,0.4541697797776191,-0.08286866414686193
74.0,51.95990707881774,0.4465987543798176,-0.07571025397801898
74.10000000000001,52.00388863541565,0.4398155659790228,-0.06783188400794203
74.2,52.04726961422674,0.4338097881109595,-0.06005777868063675
74.3,52.09008548914626,0.42815874919521535,-0.056510389157444656
74.4,52.132384261680784,0.4229877253451869,-0.05171023850027993
74.5,52.17418222983436,0.41797968153576437,-0.05008043809422831
74.60000000000001,52.21550090392447,0.4131867409011039,-0.0479294063466005
74.7,52.256346916220714,0.40846012296244727,-0.047266179386569095
74.8,52.29674801563282,0.4040109941211031,-0.04449128841344438
74.9,52.33673939408891,0.3999137845608317,-0.040972095602710264
75.0,52.37632483295344,0.3958543886453694,-0.04059395915462514
75.10000000000001,52.415477876771064,0.3915304381761708,-0.04323950469198277
75.2,52.45416133155165,0.38683454780591187,-0.04695890370259182
75.3,52.492357523572004,0.3819619202035302,-0.0487262760238194
75.4,52.53008336584683,0.37725842274820903,-0.047034974553207695
75.5,52.56736745412354,0.3728408827671571,-0.044175399810521834
75.60000000000001,52.60426130906066,0.3689385493711624,-0.03902333395994384
75.7,52.64083734181885,0.3657603275819307,-0.031782217892318415
75.8,52.67717250778921,0.3633516597035886,-0.024086678783422338
75.9,52.71332895601018,0.36156448220968446,-0.01787177493904016
76.0,52.74931945173528,0.3599049572510387,-0.01659524958645836
76.10000000000001,52.78515077524248,0.35831323507193036,-0.015917221791082212
76.2,52.820828538374556,0.3567776313208018,-0.01535603751128632
76.3,52.856345197876415,0.35516659501860803,-0.016110363021938717
76.4,52.89171416543897,0.35368967562551573,-0.01476919393092176
76.5,52.926952607977256,0.35238442538288567,-0.01305250242630137
76.60000000000001,52.96206912050438,0.3511651252712212,-0.012193001116643858
76.7,52.997079587698664,0.35010467194285017,-0.01060453328371074
76.80000000000001,53.032041456127686,0.34961868429019066,-0.004859876526594616
76.9,53.067018512422436,0.34977056294751774,0.0015187865732708447
77.0,53.102040979452305,0.3502246702987066,0.00454107351188863
77.10000000000001,53.137090110975976,0.35049131523667965,0.0026664493797304793
77.2,53.17211532896921,0.3502521799323887,-0.002391353042909408
77.30000000000001,53.20707443054101,0.3495910157179751,-0.00661164214413589
77.4,53.24193608317064,0.34861652629631684,-0.009744894216582865
77.5,53.27663738333942,0.3470130016877901,-0.01603524608526843
77.60000000000001,53.31112324385893,0.3448586051950703,-0.021543964927196287
77.7,53.34532056214531,0.34197318286383005,-0.028854223312403924
77.80000000000001,53.37915295729954,0.3383239515422498,-0.036492313215799266
77.9,53.412542668620034,0.33389711320497406,-0.04426838337276003
78.0,53.44543145870115,0.3288879008111865,-0.05009212393787828
78.10000000000001,53.47774822171986,0.3231676301870303,-0.05720270624155711
78.2,53.509461215181766,0.31712993461910727,-0.06037695567923395
78.30000000000001,53.540564117313416,0.3110290213164736,-0.06100913302633161
78.4,53.57100607253395,0.30441955220533456,-0.06609469111139397
78.5,53.60071855085725,0.2971247832330617,-0.07294768972273295
78.60000000000001,53.62966522616813,0.2894667531087444,-0.07658030124316607
78.7,53.657845312135194,0.2818008596706694,-0.07665893438075436
78.80000000000001,53.68528669370032,0.2744138156512343,-0.073870440194345
78.9,53.712013211802,0.26726518101683994,-0.07148634634394764
79.0,53.73802957351327,0.2601636171127245,-0.0710156390411583
79.10000000000001,53.76337050917108,0.2534093565780677,-0.06754260534656255
79.2,53.78809962227829,0.2472911310720745,-0.061182255059935166
79.30000000000001,53.81225492813007,0.241553058517831,-0.05738072554243034
79.4,53.83584636212312,0.23591433993048758,-0.056387185873437315
79.5,53.85885218100752,0.23005818884401094,-0.058561510864769684
79.60000000000001,53.88121670251411,0.22364521506586724,-0.06412973778143158
79.7,53.90285294007269,0.21636237558582913,-0.0728283948003852
79.80000000000001,53.92368038565661,0.20827445583917026,-0.08087919746658183
79.9,53.94363762544792,0.1995723979131128,-0.0870205792605796
80.0,53.96266386459622,0.1902623914830423,-0.09310006430071018
80.10000000000001,53.98069256343738,0.18028698841155116,-0.0997540307149029
80.2,53.99767227022021,0.16979706782827975,-0.10489920583272014
80.30000000000001,54.0135877025342,0.1591543231399448,-0.10642744688334047
80.4,54.02844043770115,0.14852735166948028,-0.10626971470465117
80.5,54.042253148905814,0.13812711204665437,-0.10400239622826499
80.60000000000001,54.055061728820014,0.12808579914198834,-0.10041312904665177
80.7,54.06692731861409,0.118655897940776,-0.09429901201212879
80.80000000000001,54.07791426852225,0.10986949908157358,-0.08786398859201669
80.9,54.08808586737466,0.10171598852409726,-0.08153510557476781
81.0,54.09754037765971,0.09454510285053712,-0.07170885673560548
81.10000000000001,54.10638245164957,0.08842073989860168,-0.06124362951934919
81.2,54.11469087566419,0.08308424014615429,-0.05336499752447694
81.30000000000001,54.122552638181844,0.07861762517655575,-0.04466614969598153
81.4,54.13004315443822,0.07490516256375628,-0.037124626127996885
81.5,54.137193419106005,0.07150264667786084,-0.03402515885895629
81.60000000000001,54.14404018083803,0.06846761732027444,-0.030350293575861408
81.7,54.150589974020036,0.06549793182003699,-0.029696855002376173
81.80000000000001,54.156859196329215,0.06269222309178167,-0.028057087282550817
81.9,54.16285412677392,0.059949304447076766,-0.027429186447050603
82.0,54.168538091896764,0.05683965122841851,-0.031096532186584317
82.10000000000001,54.173901148168696,0.053630562719315523,-0.032090885091027144
82.2,54.17896763756141,0.05066489392717987,-0.02965668792135822
82.30000000000001,54.18373307303141,0.04765435469998229,-0.03010539227197323
82.4,54.18818236501903,0.04449291987619372,-0.031614348237887495
82.5,54.19233927103494,0.041569060159079164,-0.029238597171147223
82.60000000000001,54.19622356328031,0.03884292245373568,-0.02726137705343249
82.7,54.19982314241491,0.03599579134594171,-0.028471311077941326
82.80000000000001,54.20310204923759,0.032789068226858877,-0.03206723119082562
82.9,54.20600783729763,0.02905788060040658,-0.03731187626452509
83.0,54.20846117460599,0.02453337308360088,-0.04524507516805957
83.10000000000001,54.21035262000824,0.018914454022434576,-0.05618919061165826
83.2,54.21159013606139,0.012375160531519918,-0.0653929349091503
83.30000000000001,54.21209215380483,0.005020177434431188,-0.07354983097088102
83.4,54.21176551459966,-0.003266392051699726,-0.08286569486131384
83.5,54.21051284585947,-0.012526687401931014,-0.09260295350231815
83.60000000000001,54.20822613983043,-0.022867060290392698,-0.10340372888460801
83.7,54.2048032019833,-0.03422937847126856,-0.11362318180876504
83.80000000000001,54.20017532738284,-0.04627874600465592,-0.12049367533386333
83.9,54.19430126620328,-0.0587406117955458,-0.12461865790890592
84.0,54.18716253702701,-0.0713872917627652,-0.12646679967220123
84.10000000000001,54.17875130314631,-0.08411233880692486,-0.12725047044158566
84.2,54.1690605382736,-0.09690764872715914,-0.1279530992023501
84.30000000000001,54.15806119353456,-0.10999344739039912,-0.1308579866323887
84.4,54.145731526311565,-0.1232966722299337,-0.13303224839535324
84.5,54.13205381755352,-0.13677708758046303,-0.13480415350530103
84.60000000000001,54.11702624194407,-0.15027575609450278,-0.13498668514038595
84.7,54.10064330865913,-0.16382933284938384,-0.1355357675488183
84.80000000000001,54.082916785777954,-0.17726522881174753,-0.13435895962362546
84.9,54.063862123153044,-0.19054662624911262,-0.13281397437365844
85.0,54.04350172284822,-0.20360400304825269,-0.1305737679914081
85.10000000000001,54.02188776836198,-0.2161395448623964,-0.1253554181414264
85.2,53.99905056972996,-0.22837198632019684,-0.12232441457801142
85.30000000000001,53.97503978396762,-0.24010785762340786,-0.1173587130321002
85.4,53.94992316100394,-0.25116622963680874,-0.11058372013401503
85.5,53.92377733528905,-0.2614582571488604,-0.10292027512052246
85.60000000000001,53.896714226612374,-0.27063108676676073,-0.09172829617899553
85.7,53.86885819910871,-0.2785602750366836,-0.07929188269923344
85.80000000000001,53.84034884212437,-0.28509356984334444,-0.0653329480666026
85.9,53.81131266884479,-0.29036173279580396,-0.052681629524598206
86.0,53.78186144141113,-0.2945122743366281,-0.04150541540824351
86.10000000000001,53.75210341438339,-0.29758027027736794,-0.030679959407396033
86.2,53.7221927014388,-0.29910712944593165,-0.015268591685637968
86.30000000000001,53.6923325927385,-0.29860108700295324,0.0050604244297837294
86.4,53.662738592534495,-0.29594000204008614,0.02661084962867251
86.5,53.633611277425814,-0.2912731510868293,0.046668509532571276
86.60000000000001,53.60512266496521,-0.28488612460603646,0.06387026480792268
86.7,53.5774244915099,-0.27698173455307695,0.07904390052959959
86.80000000000001,53.5506629548056,-0.2676153670429698,0.09366367510106367
86.9,53.52498053467311,-0.25682420132491796,0.10791165718052445
87.0,53.50051019530794,-0.2447033936517468,0.12120807673171857
87.10000000000001,53.477406573075584,-0.2310362223235332,0.13667171328212407
87.2,53.455843634506195,-0.2156293856938996,0.1540683662963448
87.30000000000001,53.43599753770738,-0.19846096798813745,0.171684177057607
87.4,53.41801568790873,-0.17981849798652716,0.1864247000161135
87.5,53.4020228063658,-0.15992881542929127,0.19889682557237018
87.60000000000001,53.38810942316406,-0.13913383201738108,0.20794983411908416
87.7,53.376337570386966,-0.11771852777095362,0.21415304246428676
87.80000000000001,53.36677010508872,-0.09567465298245886,0.22043874788492882
87.9,53.35947748344926,-0.07292621639458179,0.2274843658787837
88.0,53.35452505351199,-0.04952429937269469,0.23401917021888427
88.10000000000001,53.3519811151787,-0.02543938333289258,0.24084916039800053
88.2,53.35191041834568,-0.000706968330206377,0.24732415002687608
88.30000000000001,53.3543606205668,0.024502022211192596,0.25208990541396825
88.4,53.35931469277864,0.049540722118382494,0.2503869990719132
88.5,53.36672992242926,0.07415229650618893,0.24611574387807836
88.60000000000001,53.37653760635825,0.09807683928989393,0.23924542783702957
88.7,53.38863967888918,0.12102072530930008,0.22943886019407458
88.80000000000001,53.4029389083283,0.14299229439123654,0.2197156908193458
88.9,53.419367459349914,0.16428551021612714,0.21293215824891815
89.0,53.437864815233425,0.18497355883512143,0.20688048618995464
89.10000000000001,53.458362773311684,0.2049795807825741,0.20006021947450978
89.2,53.48076924267238,0.2240646936069751,0.19085112824402065
89.30000000000001,53.50497351653367,0.24204273861284586,0.17978045005869242
89.4,53.530868623632884,0.258951070992183,0.16908332379338104
89.5,53.55836387790449,0.2749525427160805,0.16001471723898397
89.60000000000001,53.587335616176475,0.28971738271981823,0.14764840003736474
89.7,53.61766212643906,0.30326510262584655,0.1354771990602909
89.80000000000001,53.64924311800448,0.31580991565417244,0.12544813028324817
89.9,53.68202082930847,0.3277771130399474,0.11967197385775633
90.0,53.71591754967492,0.33896720366451455,0.11190090624567797
90.10000000000001,53.75082630712731,0.34908757452389105,0.10120370859375641
90.2,53.786652068148584,0.3582576102127381,0.09170035688847578
90.30000000000001,53.82332275320428,0.3667068505569347,0.08449240344195864
90.4,53.86074947620252,0.3742672299824292,0.07560379425494909
90.5,53.8988465995359,0.3809712333338172,0.06704003351388425
90.60000000000001,53.937569931560546,0.3872333202464187,0.0626208691260096
90.7,53.97694349971279,0.3937356815224515,0.06502361276033133
90.80000000000001,54.01700250111328,0.4005900140048993,0.06854332482447238
90.9,54.0577621367297,0.40759635616420026,0.07006342159301358
91.0,54.09920902170161,0.41446884971913756,0.06872493554937688
91.10000000000001,54.1413128779147,0.42103856213085283,0.06569712411714718
91.2,54.18407120378429,0.4275832586959426,0.06544696565090141
91.30000000000001,54.22751124143396,0.4344003764966316,0.06817117800688417
91.4,54.27167613630043,0.4416489486647175,0.072485721680863
91.5,54.31659635539913,0.4492021909870203,0.0755324232230324
91.60000000000001,54.36227313387688,0.45676778477751523,0.07565593790494284
91.7,54.4086956403475,0.4642250647062249,0.07457279928710071
91.80000000000001,54.45584062841239,0.4714498806488219,0.0722481594259638
91.9,54.50366789882646,0.4782727041407059,0.06822823491884399
92.0,54.55212594822835,0.48458049401896996,0.06307789878264439
92.10000000000001,54.60116984761553,0.49043899387174944,0.058584998527789756
92.2,54.650785673338945,0.49615825723417095,0.05719263362421837
92.30000000000001,54.700971947432315,0.5018627409336601,0.05704483699488685
92.4,54.751717324635464,0.5074537720315253,0.05591031097865502
92.5,54.80299308236823,0.5127575773277052,0.0530380529618021
92.60000000000001,54.8547463712577,0.5175328888946055,0.04775311566899846
92.7,54.906946208455516,0.5219983719782147,0.044654830836095324
92.80000000000001,54.959572795672756,0.5262658721723574,0.04267500194142318
92.9,55.012617336718876,0.530445410461228,0.041795382888707586
93.0,55.066061538734026,0.5344420201515325,0.039966096903048025
93.10000000000001,55.11986887867945,0.5380733994541739,0.03631379302641037
93.2,55.17392618655078,0.540573078713353,0.024996792591792973
93.30000000000001,55.22809736016799,0.5417117361720862,0.011386574587331083
93.4,55.28226768508834,0.5417032492035242,-8.486968562038604e-05
93.5,55.33636323891311,0.540955538247689,-0.007477109558351883
93.60000000000001,55.390313332416696,0.5395009350358289,-0.014546032118600708
93.7,55.44402542494802,0.5371209253133052,-0.02380009722523748
93.80000000000001,55.49741138268081,0.5338595773278143,-0.032613479854906584
93.9,55.55038600884477,0.5297462616396177,-0.04113315688196851
94.0,55.60285702555446,0.5247101670969144,-0.05036094542703549
94.10000000000001,55.654728161228405,0.5187113567394432,-0.059988103574706735
94.2,55.705881395669756,0.5115323444135391,-0.0717901232590453
94.30000000000001,55.75621011011144,0.5032871444167878,-0.08245199996750625
94.4,55.80564603429243,0.49435924180993107,-0.08927902606857227
94.5,55.854141888062045,0.4849585376961861,-0.0940070411374553
94.60000000000001,55.90163348718899,0.4749159912693863,-0.10042546426798947
94.7,55.94806702407375,0.46433536884765453,-0.10580622421732346
94.80000000000001,55.99340232588746,0.45335301813704065,-0.10982350710612938
94.9,56.03764612543969,0.44243799552236523,-0.10915022614676038
95.0,56.08083039997927,0.43184274539579415,-0.1059525012657169
95.10000000000001,56.123000504312046,0.42170104332772196,-0.10141702068071325
95.2,56.1641636857865,0.4116318147445476,-0.10069228583174955
95.30000000000001,56.20429425481508,0.4013056902858039,-0.10326124458742822
95.4,56.24339259623346,0.39098341418382976,-0.10322276101974702
95.5,56.281490569750034,0.38097973516573125,-0.10003679018099079
95.60000000000001,56.31859047433639,0.3709990458635243,-0.09980689302206118
95.7,56.35469716851354,0.3610669417715179,-0.09932104092006964
95.80000000000001,56.389857284143645,0.35160115630102795,-0.09465785470489121
95.9,56.42410353717127,0.3424625302762702,-0.09138626024758253
96.0,56.45743337957458,0.3332984240331361,-0.0916410624313465
96.10000000000001,56.4898498054762,0.3241642590161299,-0.09134165017005423
96.2,56.52134784896033,0.31498043484136334,-0.09183824174767063
96.30000000000001,56.55191239432219,0.30564545361852663,-0.09334981222835917
96.4,56.58154129868656,0.2962890436437417,-0.09356409974785461
96.5,56.610253192676566,0.28711893990008475,-0.09170103743657476
96.60000000000001,56.63809653977003,0.27843347093463433,-0.08685468965449675
96.7,56.66513601811286,0.27039478342830253,-0.08038687506332255
96.80000000000001,56.691438642998804,0.26302624885941017,-0.07368534568891731
96.9,56.717085988548035,0.25647345549232664,-0.06552793367083903
97.0,56.74215756032867,0.2507157178063722,-0.057577376859547724
97.10000000000001,56.76672069646419,0.2456313613551732,-0.05084356451198573
97.2,56.7908058752937,0.2408517882951026,-0.047795730600708686
97.30000000000001,56.81445149632057,0.23645621026870717,-0.0439557802639505
97.4,56.83766142041934,0.23209924098766418,-0.043569692810432305
97.5,56.86043357163051,0.2277215121117267,-0.04377728875937736
97.60000000000001,56.88279514762314,0.22361575992631313,-0.04105752185413213
97.7,56.90480137438779,0.22006226764646727,-0.03553492279846062
97.80000000000001,56.92652802661182,0.217266522240304,-0.027957454061630475
97.9,56.94806096715554,0.21532940543722903,-0.019371168030750664
98.0,56.96948116991939,0.2142020276385048,-0.011273777987243024
98.10000000000001,56.99086010804959,0.21378938130196043,-0.004126463365443292
98.2,57.01228242105987,0.21422313010284963,0.004337488008892245
98.30000000000001,57.033839476635535,0.2155705557566095,0.013474256537597502
98.4,57.05560403109254,0.21764554457008772,0.02074988813478347
98.5,57.07765924927756,0.2205521818501791,0.029066372800915494
98.60000000000001,57.1000976787968,0.22438429519238887,0.03832113342209432
98.7,57.12299739684833,0.2289971805153487,0.04612885322960099
98.80000000000001,57.14638830500975,0.23390908161415205,0.049119010988029316
98.9,57.170298651306844,0.2391034629709446,0.051943813567928335
99.0,57.19477861576196,0.244799644551193,0.056961815802487235
99.10000000000001,57.21988758117004,0.2510896540807791,0.06290009529585575
99.2,57.245657001288095,0.25769420118054187,0.06604547099763146
99.30000000000001,57.27209216698968,0.2643516570158285,0.06657455835286084
99.4,57.29917213788645,0.27079970896773037,0.06448051951902212
99.5,57.32685443824123,0.27682300354777717,0.06023294580047143
99.60000000000001,57.355108023848224,0.2825358560699457,0.05712852522168034
99.7,57.3839242564253,0.28816232577080075,0.056264697008553834
99.80000000000001,57.4132792917964,0.29355035371094457,0.05388027940143354
99.9,57.44312779971056,0.29848507914161637,0.04934725430672085
100.0,57.47340736461983,0.3027956490927325,0.043105699511163616
100.10000000000001,57.504059790804334,0.30652426184500087,0.03728612752268061
100.2,57.53501031625237,0.30950525448035987,0.029809926353591726
100.30000000000001,57.566200257794044,0.3118994154167343,0.023941609363742525
100.4,57.59759808232493,0.31397824530886365,0.020788298921294374
100.5,57.6291971926794,0.3159911035447218,0.02012858235858287
100.60000000000001,57.660973963706965,0.31776771027563333,0.017766067309113603
100.7,57.692959713390294,0.31985749683331166,0.02089786557678449
100.80000000000001,57.72521124000942,0.322515266191247,0.02657769357935098
100.9,57.75781821937174,0.3260697936232234,0.035545274319766305
101.0,57.79087346043314,0.33055241061399443,0.0448261699077127
101.10000000000001,57.82444160363673,0.335681432035855,0.05129021421860121
101.2,57.85855922265574,0.3411761901901594,0.05494758154304703
101.30000000000001,57.893273222894095,0.34714000238349624,0.05963812193336351
101.4,57.92866049652239,0.353872736282972,0.06732733899476145
101.5,57.964778245697474,0.36117749175085756,0.07304755467885975
101.60000000000001,58.00167768214544,0.3689943644796441,0.07816872728785895
101.7,58.03943244583043,0.3775476368498902,0.08553272370246542
101.80000000000001,58.078088163670145,0.3865571783971359,0.09009541547244934
101.9,58.11764129318146,0.3955312951131387,0.08974116716003355
102.0,58.15804996096526,0.4040866778380322,0.08555382724893965
102.10000000000001,58.199303674586574,0.41253713621312504,0.0845045837509212
102.2,58.241373324279415,0.4206964969284383,0.08159360715313721
102.30000000000001,58.28422510495106,0.42851780671643425,0.07821309787995277
102.4,58.32782600137418,0.4360089642311741,0.07491157514740258
102.5,58.37211189155267,0.4428589017849556,0.06849937553781939
102.60000000000001,58.41697693294219,0.4486504138951703,0.05791512110214175
102.7,58.46230190657854,0.4532497363635004,0.04599322468330375
102.80000000000001,58.50796268258891,0.45660776010368326,0.033580237401825606
102.9,58.55383718144878,0.4587449885986933,0.021372284950101454
103.0,58.599833763370874,0.45996581922099494,0.012208306223017301
103.10000000000001,58.64589588527001,0.4606212189912957,0.006553997703007127
103.2,58.69197400249592,0.46078117225912996,0.0015995326783425432
103.30000000000001,58.737979240241685,0.4600523774576322,-0.00728794801497672
103.4,58.783789330975196,0.45810090733513437,-0.01951470122497967
103.5,58.829314418276496,0.4552508730130259,-0.028500343221086143
103.60000000000001,58.87446811859317,0.4515370031667102,-0.03713869846315404
103.7,58.91917214672384,0.44704028130669526,-0.04496721860015185
103.80000000000001,58.96336195605291,0.4418980932906514,-0.05142188016043442
103.9,59.00697690676909,0.43614950716185413,-0.057485861287975774
104.0,59.04993321536077,0.42956308591679315,-0.06586421245061355
104.10000000000001,59.09214230238966,0.42209087028890435,-0.07472215627888164
104.2,59.13353919659572,0.4139689420606154,-0.08121928228289406
104.30000000000001,59.17409064837676,0.40551451781038234,-0.08454424250232352
104.4,59.21375677441616,0.3966612603940204,-0.08853257416362452
104.5,59.25251505812117,0.3875828370500976,-0.09078423343923298
104.60000000000001,59.29036786565702,0.3785280753584563,-0.0905476169164055
104.7,59.327306908404616,0.3693904274759984,-0.0913764788245843
104.80000000000001,59.36329591346387,0.3598900505925377,-0.0950037688345986
104.9,59.39831840239913,0.35022488935256607,-0.09665161239972181
105.0,59.43233197021709,0.3401356781796687,-0.10089211172897923
105.10000000000001,59.46530307854546,0.3297110832836555,-0.10424594896012329
105.2,59.49720872034872,0.31905641803264867,-0.10654665251007439
105.30000000000001,59.52802021522183,0.30811494873103346,-0.10941469301614282
105.4,59.55773796064034,0.297177454185106,-0.10937494545928084
105.5,59.586384473469565,0.28646512829227994,-0.10712325892826667
105.60000000000001,59.61402343208432,0.27638958614756376,-0.10075542144715317
105.7,59.64071548429486,0.2669205221053668,-0.09469064042197478
105.80000000000001,59.66653860007479,0.2582311577992648,-0.08689364306101269
105.9,59.69160264649206,0.25064046417271874,-0.07590693626546506
106.0,59.716044424693635,0.24441778201578726,-0.06222682156931829
106.10000000000001,59.73996095767194,0.23916532978302832,-0.05252452232758494
106.2,59.76341392680644,0.23452969134504453,-0.04635638437984049
106.30000000000001,59.78646981503917,0.23055888232723898,-0.03970809017805216
106.4,59.809209396812214,0.22739581773046652,-0.03163064596772638
106.5,59.83169545650184,0.22486059689627638,-0.025352208341902823
106.60000000000001,59.853964582066475,0.22269125564631997,-0.02169341249956223
106.7,59.87605198780506,0.22087405738589727,-0.018171982604228067
106.80000000000001,59.89798450837107,0.21932520566002273,-0.015488517258744129
106.9,59.91977785515987,0.2179334678880575,-0.01391737771965297
107.0,59.9414542809169,0.21676425757030227,-0.01169210317755309
107.10000000000001,59.96302803155024,0.21573750633335045,-0.010267512369517241
107.2,59.98448728449219,0.21459252941953164,-0.011449769138188832
107.30000000000001,60.00580945880023,0.21322174308037803,-0.013707863391534899
107.4,60.02697265260558,0.21163193805351235,-0.015898050268657662
107.5,60.04796779353112,0.20995140925543637,-0.016805287980760763
107.60000000000001,60.06881165059483,0.2084385706370817,-0.015128386183545325
107.7,60.08953192060957,0.20720270014743147,-0.012358704896503073
107.80000000000001,60.11015690249095,0.206249818813742,-0.009528813336894003
107.9,60.13071771001738,0.20560807526430583,-0.006417435494361999
108.0,60.151233526849296,0.20515816831918443,-0.004499069451214233
108.10000000000001,60.17168966942081,0.2045614257150955,-0.005967426040888781
108.2,60.192075416253815,0.2038574683300825,-0.0070395738501303875
108.30000000000001,60.2123823851454,0.20306968891587163,-0.007877794142108091
108.4,60.2325846753441,0.2020229019869761,-0.010467869288955973
108.5,60.25262881237073,0.20044137026631578,-0.015815317206603962
108.60000000000001,60.27247390749895,0.1984509512821661,-0.019904189841495026
108.7,60.29209726941808,0.19623361919131505,-0.02217332090851191
108.80000000000001,60.31149091274928,0.1939364333119732,-0.022971858793416604
108.9,60.33065522392873,0.1916431117945303,-0.022933215174430116
109.0,60.34958289157842,0.18927667649692748,-0.02366435297602966
109.10000000000001,60.36826697485204,0.18684083273617885,-0.02435843760748416
109.2,60.38666525138859,0.18398276536552396,-0.0285806737065505
109.30000000000001,60.40472741354357,0.18062162154974595,-0.03361143815777725
109.4,60.42242353297015,0.17696119426582452,-0.03660427283921644
109.5,60.439733776970485,0.17310244000335748,-0.038587542624672594
109.60000000000001,60.45665129252966,0.1691751555917731,-0.039272844115840456
109.7,60.47321083291696,0.16559540387299396,-0.03579751718779343
109.80000000000001,60.48944272040657,0.16231887489608746,-0.03276528976906221
109.9,60.505403851042196,0.15961130635624896,-0.027075685398386548
110.0,60.52116918160869,0.15765330566495991,-0.019580006912891527
110.10000000000001,60.536806761999365,0.15637580390672756,-0.012775017582322433
110.2,60.55239441658667,0.15587654587307928,-0.004992580336483094
110.30000000000001,60.56800726358359,0.15612846996914787,0.0025192409606856277
110.4,60.583717099528705,0.15709835945117773,0.009698894820299172
110.5,60.59956345288872,0.1584635336001218,0.013651741489441536
110.60000000000001,60.61555240682385,0.1598895393513408,0.014260057512188623
110.7,60.631686268429775,0.16133861605923477,0.014490767078940694
110.80000000000001,60.64797837510863,0.1629210667885278,0.01582450729292893
110.9,60.66440885274097,0.16430477632341445,0.013837095348867243
111.0,60.68091810121755,0.1650924847658169,0.007877084424024908
111.10000000000001,60.697490078541946,0.16571977324395,0.006272884781330665
111.2,60.71410906526299,0.1661898672104295,0.0047009396647951125
111.30000000000001,60.73075401947325,0.166449542102626,0.002596748921964765
111.4,60.74739388644856,0.1663986697531167,-0.0005087234950929288
111.5,60.763990006678654,0.1659612023009155,-0.0043746745220124275
111.60000000000001,60.780497264437145,0.16507257758489416,-0.008886247160212543
111.7,60.79684148865252,0.16344224215374445,-0.016303354311498024
111.80000000000001,60.81293444347486,0.16092954822339373,-0.02512693930350509
111.9,60.82868835155339,0.1575390807853073,-0.03390467438086629
112.0,60.84401966208546,0.15331310532070025,-0.0422597546460728
112.10000000000001,60.858860656512704,0.1484099442724458,-0.04903161048254027
112.2,60.8731530342191,0.14292377706397832,-0.05486167208467791
112.30000000000001,60.88684895316281,0.13695918943709526,-0.05964587626882558
112.4,60.899933766700414,0.13084813537603457,-0.061110540610610366
112.5,60.91240683946714,0.12473072766724867,-0.06117407708786244
112.60000000000001,60.92427854969803,0.11871710230891051,-0.060136253583376466
112.7,60.935556554883945,0.11278005185915349,-0.0593705044975736
112.80000000000001,60.946239693615595,0.10683138731649477,-0.05948664542658209
112.9,60.95631154894995,0.10071855334353193,-0.06112833972963195
113.0,60.965744168363514,0.09432619413566637,-0.06392359207865922
113.10000000000001,60.97453639543537,0.08792227071857145,-0.06403923417094375
113.2,60.982690963624464,0.08154568189092012,-0.06376588827651687
113.30000000000001,60.990157656033986,0.07466692409521943,-0.06878757795700112
113.4,60.996874870476155,0.06717214442169377,-0.07494779673526085
113.5,61.00284789452928,0.05973024053126947,-0.0744190389042472
113.60000000000001,61.008103077618934,0.052551830896514454,-0.07178409634754404
113.7,61.01268393247551,0.045808548565775924,-0.06743282330738913
113.80000000000001,61.01663245665233,0.039485241768201194,-0.0632330679757419
113.9,61.01998211139458,0.033496547422517634,-0.059886943456839016
114.0,61.02278312192634,0.028010105317550143,-0.05486442104967802
114.10000000000001,61.02509171315732,0.023085912309850607,-0.04924193007699116
114.2,61.02696991560463,0.01878202447308404,-0.043038878367668135
114.30000000000001,61.02846659962226,0.01496684017631239,-0.03815184296771323
114.4,61.0296160402188,0.01149440596535166,-0.03472434210960927
114.5,61.03044858052109,0.008325403022908991,-0.0316900294244285
114.60000000000001,61.03098900715132,0.0054042663023063766,-0.029211367206023655
114.7,61.03125420988483,0.0026520273350884426,-0.027522389672180902
114.80000000000001,61.03124556286758,-8.647017246231998e-05,-0.027384975075505292
114.9,61.030972883800956,-0.0027267906662588486,-0.026403204937966787
115.0,61.030477762399514,-0.0049512140144261675,-0.022244233481674452
115.10000000000001,61.029816688474554,-0.006610739249594535,-0.01659525235168226
115.2,61.02902277752718,-0.007939109473725121,-0.013283702241306617
115.30000000000001,61.02811422748972,-0.009085500374580781,-0.011463909008555621
115.4,61.02709723126627,-0.010169962234556929,-0.010844618599762093
115.5,61.02595477104876,-0.011424602175083658,-0.012546399405268008
115.60000000000001,61.02469903837522,-0.012557326735417358,-0.011327245603336028
115.7,61.02337220374412,-0.013268346311009127,-0.0071101957559180935
115.80000000000001,61.02198815942391,-0.013840443202041072,-0.005720968910318968
115.9,61.02058122490703,-0.014069345168793124,-0.002289019667520648
116.0,61.01917786908216,-0.014033558248770193,0.00035786920022932593
116.10000000000001,61.01778933070188,-0.013885383802757428,0.001481744460127532
116.2,61.016400616070925,-0.013887146309557686,-1.7625068002587483e-05
116.30000000000001,61.015013632896775,-0.013869831741500842,0.0001731456805684232
116.4,61.01364908042907,-0.01364552467706026,0.002243070644405958
116.5,61.01232103554144,-0.013280448876287964,0.003650758007723159
116.60000000000001,61.01105415366386,-0.012668818775764009,0.006116301005239035
116.7,61.009892276499585,-0.011618771642788012,0.010500471329760563
116.80000000000001,61.008861671920656,-0.010306045789291405,0.013127258534964955
116.9,61.007996193688726,-0.008654782319297775,0.01651263469993723
117.0,61.00734417179572,-0.006520218930035441,0.021345633892624553
117.10000000000001,61.00699271962143,-0.003514521742928578,0.030056971871066072
117.2,61.007069192032574,0.0007647241114483884,0.0427924585437721
117.30000000000001,61.007711971505245,0.006427794726703857,0.056630706152549865
117.4,61.009043566568835,0.013315950635900055,0.06888155909196589
117.5,61.01114712224554,0.021035556767047357,0.07719606131147741
117.60000000000001,61.0140775302815,0.0293040803595776,0.08268523592529538
117.7,61.01784518267226,0.03767652390763702,0.08372443548059894
117.80000000000001,61.02245532397718,0.046101413049153786,0.0842488914151605
117.9,61.02790746088324,0.05452136906065474,0.08419956011501431
118.0,61.03419591716726,0.06288456284018554,0.08363193779531275
118.10000000000001,61.041346494671586,0.0715057750432574,0.08621212203071132
118.2,61.04939877516726,0.08052280495676203,0.09017029913505141
118.30000000000001,61.058401015956306,0.09002240789043668,0.09499602933673837
118.4,61.06836992119656,0.09968905240257298,0.09666644512136843
118.5,61.079291056107294,0.10921134910731832,0.09522296704745886
118.60000000000001,61.091148029615454,0.11856973508158275,0.09358385974263632
118.7,61.10390501242318,0.1275698280773058,0.09000092995723559
118.80000000000001,61.11752989890155,0.13624886478366963,0.0867903670636309
118.9,61.13199622815316,0.1446632925161222,0.08414427732453052
119.0,61.147312449856784,0.15316221703621996,0.08498924520098244
119.10000000000001,61.163503936300614,0.16191486443828793,0.08752647402067218
119.2,61.180541845071005,0.17037908770391655,0.08464223265629105
119.30000000000001,61.19839661007498,0.17854765003973128,0.08168562335814031
119.4,61.217047369489485,0.18650759414506618,0.07959944105335356
119.5,61.23645108027661,0.19403710787124986,0.07529513726184112
119.60000000000001,61.256552505466836,0.20101425190224792,0.0697714403099746
119.7,61.27729421453545,0.20741709068617567,0.06402838783928114
119.80000000000001,61.298611335339295,0.21317120803841363,0.057541173522374735
119.9,61.3204753766385,0.21864041299204295,0.054692049536296306
120.0,61.34288686579788,0.22411489159382678,0.05474478601784133
120.10000000000001,61.3658538275765,0.22966961778619494,0.05554726192367685
120.2,61.38940487297867,0.2355104540217346,0.05840836235539991
120.30000000000001,61.41357427531961,0.24169402340935947,0.06183569387624349
120.4,61.43837408749467,0.2479981217506263,0.06304098341267186
120.5,61.46381295611667,0.2543886862199829,0.0639056446935696
120.60000000000001,61.489918774378346,0.26105818261674235,0.06669496396758887
120.7,61.51675378600717,0.26835011628827593,0.07291933671533994
120.80000000000001,61.544392022969745,0.27638236962571255,0.08032253337435938
120.9,61.572886210302954,0.28494187333210363,0.08559503706391568
121.0,61.60222081621816,0.29334605915204537,0.08404185819942211
121.10000000000001,61.632370609378626,0.3014979316046605,0.08151872452614421
121.2,61.66334189832879,0.30971288950164305,0.08214957896983033
121.30000000000001,61.695167382309776,0.31825483980985453,0.08541950308210748
121.4,61.727876336357106,0.327089540473314,0.08834700663459985
121.5,61.76147139779585,0.335950614387476,0.08861073914162469
121.60000000000001,61.79594389641086,0.34472498615006847,0.08774371762591744
121.7,61.831306072241134,0.35362175830274245,0.08896772152674487
121.80000000000001,61.86761588844479,0.36309816203651935,0.09476403733776087
121.9,61.90492721015082,0.3731132170603003,0.10015055023781541
122.0,61.94331770468449,0.38390494533674563,0.10791728276445925
122.10000000000001,61.98287229508276,0.39554590398264544,0.1164095864589882
122.2,62.0236458514304,0.40773556347647333,0.1218965949382858
122.30000000000001,62.06564609403614,0.420002426057344,0.12266862580869628
122.4,62.10885512116886,0.432090271327208,0.12087845269864693
122.5,62.153244729066756,0.44389607897900557,0.11805807651798234
122.60000000000001,62.19876238593706,0.45517656870298523,0.11280489723978697
122.7,62.245311682391645,0.4654929645458859,0.10316395842901259
122.80000000000001,62.29274406793708,0.4743238554543034,0.08830890908416734
122.9,62.340890653695816,0.48146585758739385,0.0714200213309087
123.0,62.38960008494887,0.48709431253054375,0.056284549431502164
123.10000000000001,62.43873541083335,0.49135325884481135,0.04258946314267235
123.2,62.48816324121374,0.49427830380390925,0.02925044959098066
123.30000000000001,62.53774669880003,0.4958345758628301,0.015562720589207052
123.4,62.587346905814634,0.4960020701460903,0.0016749428326024837
123.5,62.636811135180714,0.4946422936608312,-0.013597764852592228
123.60000000000001,62.68595380142979,0.4914266624907107,-0.03215631170120196
123.7,62.73461934131234,0.48665539882551834,-0.047712636651926425
123.80000000000001,62.7826831255641,0.48063784251755404,-0.060175563079637874
123.9,62.830044750935876,0.47361625371780597,-0.07021588799748468
124.0,62.87663349496264,0.46588744026766254,-0.07728813450143864
124.10000000000001,62.92242574353507,0.4579224857242857,-0.07964954543376189
124.2,62.96744156378862,0.45015820253548783,-0.0776428318879829
124.30000000000001,63.011685822275346,0.442442584867242,-0.07715617668245198
124.4,63.055136057496554,0.43450235221210304,-0.07940232655139386
124.5,63.09773677785982,0.42600720363270317,-0.08495148579400352
124.60000000000001,63.13944611009442,0.41709332234592716,-0.08913881286775244
124.7,63.18021139065385,0.4076528055943616,-0.09440516751566079
124.80000000000001,63.21997545845718,0.3976406780332214,-0.10012127561139374
124.9,63.25865419507193,0.3867873661475094,-0.10853311885712598
125.0,63.29616741561278,0.37513220540854064,-0.11655160738969435
125.10000000000001,63.33246027458949,0.36292858976704884,-0.12203615641490764
125.2,63.36747883817966,0.35018563590172963,-0.1274295386531993
125.30000000000001,63.401142597457984,0.3366375927832334,-0.13548043118495068
125.4,63.433357268148754,0.3221467069077205,-0.14490885875513718
125.5,63.46403871945663,0.30681451307879437,-0.15332193828927015
125.60000000000001,63.49310990214894,0.29071182692303316,-0.1610268615575984
125.7,63.5205226009556,0.2741269880666564,-0.16584838856377682
125.80000000000001,63.54624435420878,0.2572175325317752,-0.16909455534879772
125.9,63.57028202206216,0.24037667853379163,-0.1684085399798453
126.0,63.59267680519849,0.22394783136328864,-0.1642884717050393
126.10000000000001,63.613496361878724,0.20819556680235607,-0.15752264560931223
126.2,63.63281699021972,0.19320628341000334,-0.14989283392353578
126.30000000000001,63.650667001851,0.17850011631273233,-0.14706167097269762
126.4,63.667042803369526,0.1637580151852895,-0.14742101127443652
126.5,63.68191831510137,0.14875511731845273,-0.15002897866837636
126.60000000000001,63.695280675126675,0.13362360025303416,-0.1513151706541728
126.7,63.70716055937497,0.11879884248295235,-0.14824757770082655
126.80000000000001,63.71761081761322,0.10450258238249963,-0.14296260100451502
126.9,63.72664774789623,0.09036930283010294,-0.14133279552397485
127.0,63.73424561038192,0.07597862485689154,-0.14390677973212224
127.10000000000001,63.74037628178732,0.06130671405400722,-0.14671910802883067
127.2,63.745021142915874,0.04644861128554376,-0.148581027684643
127.30000000000001,63.7481587994569,0.031376565410281096,-0.1507204587526138
127.4,63.749765368376316,0.01606568919413667,-0.15310876216145297
127.5,63.74982013672149,0.000547683451728207,-0.15518005742409344
127.60000000000001,63.748268488494894,-0.015516482265950158,-0.16064165717676993
127.7,63.74503777939956,-0.03230709095334034,-0.1679060868739114
127.80000000000001,63.74006603125946,-0.0497174814009995,-0.17410390447657673
127.9,63.73330552319481,-0.06760508064651945,-0.17887599245520966
128.0,63.7247307272682,-0.08574795926606303,-0.18142878619544617
128.1,63.714313929060296,-0.1041679820790679,-0.18420022813005912
128.20000000000002,63.70204075894973,-0.12273170110565042,-0.185637190265783
128.3,63.687937292362164,-0.14103466587564475,-0.18302964769995378
128.4,63.672050919195556,-0.15886373166609694,-0.17829065790453194
128.5,63.65445026829233,-0.17600650903227266,-0.171427773661767
128.6,63.635206817391655,-0.19243450900675568,-0.16427999974483953
128.70000000000002,63.61436855886867,-0.2083825852298086,-0.1594807622304929
128.8,63.59193631605221,-0.22432242816458223,-0.15939842934774534
128.9,63.56790465830701,-0.24031657745206247,-0.15994149287481157
129.0,63.54226300653876,-0.2564165176824819,-0.16099940230420356
129.1,63.5149878340457,-0.2727517249306443,-0.16335207248163328
129.20000000000002,63.48601042039164,-0.28977413654047784,-0.17022411609829663
129.3,63.45526654152203,-0.30743878869616353,-0.17664652155686694
129.4,63.42270602841499,-0.32560513107037964,-0.18166342374217137
129.5,63.38826937157518,-0.3443665683981774,-0.18761437327798847
129.6,63.351910437504806,-0.3635893407037323,-0.19222772305555952
129.70000000000002,63.31360395230621,-0.38306485198587653,-0.19475511282139826
129.8,63.27332166104385,-0.40282291262360004,-0.1975806063772463
129.9,63.23109070772738,-0.4223095331647171,-0.19486620541118158
130.0,63.18696433978893,-0.4412636793845588,-0.18954146219842782
130.1,63.1409769049582,-0.45987434830730706,-0.1861066892274932
130.20000000000002,63.093146821920726,-0.4783008303746406,-0.1842648206732936
130.3,63.04350514848339,-0.4964167343733832,-0.18115903998743607
130.4,62.992117501776555,-0.5138764670683863,-0.1745973269500411
130.5,62.93909173190761,-0.5302576986894837,-0.16381231621098322
130.6,62.88455529084929,-0.5453644105832066,-0.15106711893723782
130.70000000000002,62.82865761973293,-0.5589767111634963,-0.13612300580286632
130.8,62.77156129088405,-0.5709632884888163,-0.11986577325320617
130.9,62.713429684307876,-0.5813160657617875,-0.10352777272971825
131.0,62.65440707029702,-0.5902261401086031,-0.08910074346816073
131.1,62.59464302150528,-0.5976404879174508,-0.07414347808848176
131.20000000000002,62.534289150048984,-0.6035387145627928,-0.05898226645340667
131.3,62.47347215160408,-0.6081699844490974,-0.04631269886304842
131.4,62.412318223589985,-0.6115392801409661,-0.03369295691868915
131.5,62.35096508822189,-0.6135313536809754,-0.019920735400094113
131.6,62.289535993494304,-0.6142909472758967,-0.0075959359492132495
131.70000000000002,62.228144773018066,-0.6139122047622462,0.0037874251365046787
131.8,62.16689353395719,-0.6125123906087631,0.01399814153483194
131.9,62.10586302525883,-0.6103050869836926,0.022073036250706148
132.0,62.045130960337644,-0.6073206492118634,0.029844377718293878
132.1,61.98477384091544,-0.6035711942221044,0.037494549897591954
132.20000000000002,61.924889057560804,-0.5988478335461938,0.04723360675909541
132.3,61.865565945879034,-0.5932311168177389,0.05616716728455193
132.4,61.8068793905697,-0.5868655530933942,0.06365563724345076
132.5,61.748892559073994,-0.5798683149570724,0.06997238136322202
132.6,61.69166672645494,-0.5722583261905682,0.07609988766504638
132.70000000000002,61.6352710168742,-0.563957095807282,0.0830123038328423
132.8,61.57973599741301,-0.5553501946119215,0.08606901195361051
132.9,61.5250974223581,-0.5463857505491232,0.08964444062798792
133.0,61.47144483133887,-0.5365259101923264,0.09859840356797328
133.1,61.418875647499604,-0.5256918383927044,0.10834071799622652
133.20000000000002,61.367466874060156,-0.5140877343943625,0.11604103998339248
133.3,61.31728148354094,-0.5018539051922063,0.12233829202156905
133.4,61.268377251400196,-0.48904232140745246,0.1281158378475456
133.5,61.22079376683211,-0.4758348456808918,0.13207475726561418
133.6,61.174526446458486,-0.46267320373625653,0.1316164194463601
133.70000000000002,61.129517113264875,-0.4500933319360143,0.12579871800239364
133.8,61.085707303189814,-0.4380981007506329,0.11995231185382109
133.9,61.04304500828908,-0.42662294900739123,0.11475151743242304
134.0,61.00147704047619,-0.4156796781289055,0.10943270878486355
134.1,60.96092190478356,-0.40555135692630445,0.10128321202601619
134.20000000000002,60.92127804064455,-0.39643864139000096,0.09112715536301423
134.3,60.882482570860304,-0.3879546978424962,0.0848394354750524
134.4,60.844517650154344,-0.37964920705962185,0.08305490782874819
134.5,60.80736989183015,-0.3714775832419759,0.08171623817646433
134.6,60.771046573161634,-0.3632331866851708,0.08244396556805558
134.70000000000002,60.735569250439966,-0.3547732272166019,0.08459959468566944
134.8,60.70094055861049,-0.34628691829477115,0.08486308921831259
134.9,60.66716968834951,-0.33770870260982166,0.08578215684949973
135.0,60.634275916628525,-0.3289377172098727,0.0877098539994947
135.1,60.60228484846756,-0.31991068160964575,0.09027035600227454
135.20000000000002,60.571224354722006,-0.31060493745549467,0.09305744154148969
135.3,60.54109945981782,-0.30124894904185173,0.09355988413643467
135.4,60.51190515179436,-0.2919430802346478,0.09305868807204438
135.5,60.48361732655535,-0.28287825239013575,0.09064827844512584
135.6,60.4561994827087,-0.2741784384665081,0.08699813923628169
135.70000000000002,60.42961179239091,-0.2658769031778369,0.08301535288669282
135.8,60.40380511088203,-0.25806681508876794,0.07810088089069411
135.9,60.378767955407966,-0.2503715547406813,0.0769526034808709
136.0,60.35449860951685,-0.24269345891114782,0.07678095829533901
136.1,60.33098584492714,-0.23512764589712193,0.07565813014026326
136.20000000000002,60.3082039983544,-0.2278184657273578,0.07309180169762455
136.3,60.28610315101177,-0.2210084734262933,0.06809992301064909
136.4,60.264631325681904,-0.21471825329869687,0.06290220127596777
136.5,60.24375050348898,-0.20880822192922943,0.05910031369467775
136.6,60.22342125555964,-0.203292479293407,0.05515742635822754
136.70000000000002,60.203602792588015,-0.1981846297162353,0.051078495771705354
136.8,60.18425658926971,-0.1934620331830782,0.04722596533157366
136.9,60.16532928893872,-0.18927300330987518,0.04189029873203259
137.0,60.14678751106747,-0.18541777871250165,0.03855224597373749
137.1,60.12861211202291,-0.18175399044566698,0.03663788266834875
137.20000000000002,60.11078175536608,-0.1783035665682625,0.034504238774037056
137.3,60.093281640204076,-0.1750011516200189,0.03302414948243786
137.4,60.07609327127305,-0.17188368931024467,0.03117462309774399
137.5,60.059154185553396,-0.1693908571965704,0.024928321136744064
137.6,60.042418186583404,-0.16735998969992735,0.020308674966431673
137.70000000000002,60.0258483233699,-0.16569863213500965,0.016613575649173203
137.8,60.00941402456213,-0.16434298807767303,0.013556440573367017
137.9,59.99309690921146,-0.16317115350674744,0.011718345709256617
138.0,59.97690331755561,-0.16193591655850026,0.012352369482472461
138.1,59.96083621631906,-0.1606710123655211,0.012649041929792434
138.20000000000002,59.944904750858385,-0.15931465460670965,0.013563577588111244
138.3,59.92911887353385,-0.1578587732453319,0.01455881361377836
138.4,59.913501573596584,-0.15617299937269458,0.016857738726374208
138.5,59.89804234049386,-0.15459233102725448,0.015806683454401903
138.6,59.88271951909309,-0.1532282140077344,0.013641170195201556
138.70000000000002,59.86754561534007,-0.15173903753012855,0.014891764776055139
138.8,59.85251780172818,-0.15027813611887952,0.014609014112491046
138.9,59.83761199560529,-0.14905806122890788,0.01220074889971709
139.0,59.82280063515683,-0.14811360448462937,0.009444567442785637
139.1,59.80805523976565,-0.14745395391181532,0.006596505728140953
139.20000000000002,59.79336136107302,-0.1469387869262938,0.00515166985521392
139.3,59.77871487390867,-0.1464648716434963,0.00473915282797526
139.4,59.764118098778304,-0.14596775130365222,0.004971203398441154
139.5,59.74957096090533,-0.1454713787297462,0.004963725739060569
139.6,59.73507483212359,-0.14496128781744602,0.0051009091230019964
139.70000000000002,59.72064147538643,-0.1443335673715423,0.006277204459035861
139.8,59.70628159767409,-0.14359877712338082,0.007347902481615183
139.9,59.69199837774602,-0.142832199280755,0.007665778426258643
140.0,59.67779872254836,-0.14199655197658342,0.008356473041716193
140.1,59.66368466009456,-0.1411406245380045,0.00855927438578978
140.20000000000002,59.649653915497495,-0.14030744597061692,0.008331785673873819
140.3,59.635730989933656,-0.13922925563840574,0.010781903322112431
140.4,59.62193285875679,-0.13798131176863468,0.01247943869771133
140.5,59.60823887083855,-0.1369398791824572,0.010414325861775356
140.6,59.5946180142061,-0.13620856632450604,0.007313128579512078
140.70000000000002,59.58104642154605,-0.13571592660046616,0.004926397240397608
140.8,59.567503524048945,-0.13542897497104237,0.0028695162942381468
140.9,59.553991122287485,-0.13512401761460838,0.0030495735643400537
141.0,59.54055480953935,-0.1343631274813438,0.007608901332646234
141.1,59.52724035538866,-0.1331445415068875,0.012185859744563569
141.20000000000002,59.51406625172912,-0.13174103659541306,0.014035049114741321
141.3,59.501036276405614,-0.13029975323505769,0.01441283360355454
141.4,59.488146358277966,-0.12889918127648792,0.01400571958569848
141.5,59.475398986484464,-0.12747371793502552,0.014254633414624828
141.6,59.46279393592771,-0.12605050556758363,0.014232123674419703
141.70000000000002,59.45028990065405,-0.1250403527365478,0.01010152831035608
141.8,59.43785913575813,-0.12430764895918141,0.0073270377736642245
141.9,59.42546423868554,-0.12394897072589822,0.00358678233283206
142.0,59.41306035032163,-0.12403888363913745,-0.0008991291323923689
142.1,59.40058632800346,-0.12474022318166787,-0.007013395425304585
142.20000000000002,59.38796664927448,-0.12619678728978528,-0.014565641081170802
142.3,59.37513569540647,-0.12830953868012093,-0.021127513903357688
142.4,59.362028109312206,-0.13107586094265178,-0.02766322262531003
142.5,59.3485788238834,-0.13449285428806287,-0.0341699334541129
142.6,59.33473315214472,-0.13845671738679577,-0.039638630987331204
142.70000000000002,59.32046684980177,-0.14266302342950207,-0.042063060427053475
142.8,59.3057888140934,-0.14678035708372175,-0.04117333654219913
142.9,59.29071395310544,-0.15074860987959374,-0.039682527958722104
143.0,59.27526284568397,-0.15451107421470478,-0.03762464335111257
143.1,59.25946863174854,-0.1579421393542991,-0.03431065139594514
143.20000000000002,59.24337302409883,-0.16095607649706414,-0.03013937142764359
143.3,59.227039843024556,-0.16333181074274214,-0.02375734245678131
143.4,59.21054158239847,-0.1649826062608733,-0.016507955181312532
143.5,59.19392557640866,-0.16616005989811333,-0.011774536372401005
143.6,59.17723299685295,-0.1669257955571008,-0.007657356589875089
143.70000000000002,59.160517262288195,-0.1671573456475148,-0.00231550090413954
143.8,59.143824370537075,-0.16692891751120936,0.0022842813630545486
143.9,59.127213750575464,-0.16610619961611894,0.008227178950904659
144.0,59.110730963911834,-0.1648278666363106,0.012783329798084114
144.1,59.0943968053311,-0.1633415858073399,0.014862808289707886
144.20000000000002,59.078222958184995,-0.1617384714610269,0.016031143463126302
144.3,59.062215824472865,-0.16007133712130384,0.016671343397231645
144.4,59.046359471558205,-0.15856352914661379,0.015078079746901365
144.5,59.03065943464569,-0.15700036912513765,0.01563160021476223
144.6,59.01509458689848,-0.15564847747215002,0.01351891652987707
144.70000000000002,58.9996117143067,-0.15482872591771757,0.008197515544322655
144.8,58.98414807825617,-0.1546363605053446,0.0019236541237297993
144.9,58.96864682229253,-0.15501255963642704,-0.0037619913108246556
145.0,58.95303813997396,-0.15608682318565492,-0.010742635492279384
145.1,58.937251982466265,-0.15786157507698748,-0.017747518913326554
145.20000000000002,58.92124450660759,-0.16007475858668044,-0.02213183509692459
145.3,58.90498431751203,-0.16260189095562297,-0.025271323689426743
145.4,58.888422473216295,-0.16561844295737646,-0.030165520017536633
145.5,58.871498464978224,-0.16924008238072016,-0.03621639423343909
145.6,58.854173020608386,-0.1732544436983928,-0.040143613176728606
145.70000000000002,58.83641642885008,-0.17756591758302645,-0.04311473884632674
145.8,58.818206484509844,-0.18209944340236076,-0.04533525819334563
145.9,58.79952288245849,-0.1868360205135495,-0.04736577111189014
146.0,58.780372175733476,-0.19150706725015376,-0.046710467366045276
146.1,58.760775182991395,-0.195969927420816,-0.04462860170662501
146.20000000000002,58.74073398043369,-0.20041202557702026,-0.04442098156203239
146.3,58.72025039542086,-0.20483585012827377,-0.04423824551253759
146.4,58.69930910152931,-0.20941293891554605,-0.04577088787272542
146.5,58.67786264952307,-0.21446452006239067,-0.050515811468449065
146.6,58.65586972533591,-0.2199292418716095,-0.054647218092191474
146.70000000000002,58.63328279126162,-0.2258693407428522,-0.059400988712413436
146.8,58.61002148223922,-0.2326130902240341,-0.06743749481182276
146.9,58.58600438916713,-0.2401709307209069,-0.07557840496873233
147.0,58.561166605246,-0.24837783921130088,-0.08206908490394454
147.1,58.53542678955917,-0.2573981568683483,-0.09020317657047956
147.20000000000002,58.50874592147594,-0.26680868083219494,-0.09410523963844478
147.3,58.48111152834696,-0.27634393128985985,-0.09535250457665444
147.4,58.45253958467174,-0.2857194367521905,-0.09375505462331213
147.5,58.42308813195086,-0.29451452720879245,-0.08795090456602428
147.6,58.39283970999399,-0.3024842195687144,-0.07969692359922406
147.70000000000002,58.36185846178439,-0.30981248209599305,-0.07328262527276973
147.8,58.33021031853677,-0.3164814324761702,-0.06668950380177553
147.9,58.29795429584588,-0.32256022690896613,-0.06078794432796254
148.0,58.265146193831455,-0.32808102014422946,-0.05520793235263646
148.1,58.23184496801674,-0.3330122581471973,-0.04931238002968133
148.20000000000002,58.198113260548546,-0.33731707468184313,-0.043048165346448376
148.3,58.164007344756506,-0.34105915792041747,-0.03742083238574547
148.4,58.12956459670691,-0.34442748049594313,-0.03368322575525853
148.5,58.094809114581736,-0.34755482125179626,-0.03127340755853314
148.6,58.0597602789393,-0.3504883564243699,-0.02933535172573776
148.70000000000002,58.024448906344816,-0.3531137259447711,-0.026253695204006135
148.8,57.98894216729469,-0.355067390501296,-0.019536645565250144
148.9,57.95333885870809,-0.35603308586596577,-0.009656953646698378
149.0,57.91770363384752,-0.35635224860572273,-0.0031916273975698
149.1,57.8820682632375,-0.3563537061002567,-1.4574945339519137e-05
149.20000000000002,57.84647721495976,-0.3559104827772942,0.004432233229623819
149.3,57.810971537177714,-0.3550567778204996,0.008537049567946473
149.4,57.77558280977034,-0.35388727407374765,0.011695037467520207
149.5,57.74032116951537,-0.3526164025497481,0.012708715239996449
149.6,57.70518196909424,-0.35139200421129724,0.012243983384509079
149.70000000000002,57.670130932545774,-0.3505103654845867,0.008816387267103425
149.8,57.6351374153609,-0.34993517184874745,0.005751936358392767
149.9,57.6001855503344,-0.34951865026501705,0.004165215837304241
150.0,57.56527614266692,-0.349094076674865,0.004245735901521016
150.1,57.53038253150133,-0.3489361116558796,0.0015796501898535996
150.20000000000002,57.49547717367126,-0.34905357830061823,-0.0011746664473857964
150.3,57.46054040954272,-0.3493676412854029,-0.0031406298478466443
150.4,57.42553487151686,-0.350055380258658,-0.006877389732551756
150.5,57.39042239147806,-0.35112480038799854,-0.010694201293405866
150.6,57.35519471050008,-0.3522768097798435,-0.011520093918450202
150.70000000000002,57.31988298001054,-0.35311730489531146,-0.00840495115467774
150.8,57.28454362750253,-0.353393525080128,-0.0027622018481656034
150.9,57.24924467821874,-0.35298949283794073,0.004040322421872918
151.0,57.21407080798474,-0.35173870233999205,0.01250790497948755
151.1,57.17909878207301,-0.34972025911729643,0.020184432226957354
151.20000000000002,57.14437762859605,-0.3472115347695769,0.025087243477189672
151.3,57.10994038212152,-0.344372464745268,0.028390700243090487
151.4,57.07588176149791,-0.3405862062361303,0.03786258509137934
151.5,57.042300482265624,-0.3358127923228884,0.047734139132421465
151.6,57.00928241504573,-0.33018067219893965,0.05632120123949078
151.70000000000002,56.976919023128616,-0.3236339191710843,0.06546753027853856
151.8,56.94529532064738,-0.31623702481235605,0.07396894358728677
151.9,56.914492818447556,-0.30802502199827914,0.0821200281407738
152.0,56.88461707902593,-0.2987573942162839,0.09267627781995774
152.1,56.855760600361194,-0.28856478664737256,0.10192607568911906
152.20000000000002,56.82797713001967,-0.27783470341518857,0.10730083232181556
152.3,56.8013193920719,-0.26657737947766785,0.11257323937521353
152.4,56.77584527056245,-0.254741215094555,0.1183616438311353
152.5,56.75157048506166,-0.24274785500787702,0.1199336008667866
152.6,56.728533096980314,-0.2303738808135012,0.12373974194376534
152.70000000000002,56.70679185097925,-0.21741246001058587,0.1296142080291237
152.8,56.68641350787298,-0.20378343106274335,0.13629028947843289
152.9,56.66745091911749,-0.18962588755486476,0.141575435078794
153.0,56.64990934877568,-0.1754157034181347,0.14210184136730866
153.1,56.63381473551813,-0.16094613257551266,0.14469570842622864
153.20000000000002,56.61918649324632,-0.14628242271808262,0.14663709857426707
153.3,56.60605415986756,-0.13132333378757047,0.14959088930512998
153.4,56.59441069579405,-0.11643464073508576,0.14888693052485552
153.5,56.58423820020808,-0.10172495585977127,0.14709684875315324
153.60000000000002,56.57553923999378,-0.08698960214294414,0.14735353716823782
153.70000000000002,56.568308957730025,-0.07230282263755738,0.14686779505387593
153.8,56.56255324906201,-0.057557086680123326,0.14745735957434897
153.9,56.55827048219993,-0.042827668620833086,0.14729418059291077
154.0,56.55542335059505,-0.028471316048809765,0.14356352572024136
154.10000000000002,56.5539230452446,-0.015003053504468653,0.1346826254433805
154.20000000000002,56.55365506043043,-0.002679848141724658,0.12323205362744695
154.3,56.55452325293547,0.008681925050382726,0.1136177319210803
154.4,56.55645627937286,0.01933026437392126,0.10648339323539138
154.5,56.5593866417387,0.029303623658380462,0.09973359284459771
154.60000000000002,56.56330039571296,0.03913753974258859,0.09833916084205889
154.70000000000002,56.568183126875816,0.04882731162858811,0.09689771886000074
154.8,56.574030588580214,0.05847461704398759,0.09647305415400029
154.9,56.58083163589899,0.06801047318774454,0.09535856143757496
155.0,56.58854724677032,0.07715610871330097,0.09145635525556951
155.10000000000002,56.59714889577325,0.08601649002931742,0.08860381316014435
155.20000000000002,56.60661803129646,0.0946913552321203,0.08674865202803368
155.3,56.6169598641151,0.10341832818639907,0.08726972954279262
155.4,56.62820526578048,0.1124540166537777,0.0903568846737915
155.5,56.64038775365799,0.12182487877510777,0.09370862121330598
155.60000000000002,56.65353442494533,0.13146671287334608,0.09641834098236116
155.70000000000002,56.66765476410173,0.141203391563999,0.09736678690653476
155.8,56.68275566449928,0.15100900397556818,0.09805612411569745
155.9,56.69882739809653,0.16071733597251583,0.09708331996948202
156.0,56.71584466074812,0.17017262651585954,0.09455290543344246
156.10000000000002,56.73373841641906,0.17893755670935912,0.08764930193497589
156.20000000000002,56.75245463422555,0.18716217806493415,0.08224621355575497
156.3,56.77194815168446,0.19493517458913032,0.07772996524196604
156.4,56.79217984853115,0.2023169684668717,0.07381793877741796
156.5,56.81307459761774,0.20894749086595021,0.06630522399078898
156.60000000000002,56.834550633384126,0.2147603576637858,0.058128667978342534
156.70000000000002,56.85657105020695,0.22020416822827657,0.0544381056449109
156.8,56.8791298158485,0.22558765641549744,0.053834881872211755
156.9,56.90217724208497,0.23047426236467916,0.04886605949181999
157.0,56.92561715679753,0.23439914712562793,0.03924884760948989
157.10000000000002,56.94934844242392,0.23731285626384424,0.02913709138215651
157.20000000000002,56.97329886488188,0.2395042245796611,0.021913683158169963
157.3,56.997424653770864,0.24125788888981908,0.017536643101580703
157.4,57.02168464138515,0.2425998761428754,0.013419872530563912
157.5,57.04604421664338,0.24359575258232233,0.009958764394469865
157.60000000000002,57.07047094728178,0.24426730638390512,0.006715538015826389
157.70000000000002,57.09492277816835,0.24451830886577822,0.002510024818731114
157.8,57.11938216269577,0.24459384527419528,0.000755364084170694
157.9,57.14385885463925,0.2447669194347807,0.0017307416058543897
158.0,57.168338731081064,0.24479876441817763,0.00031844983396924354
158.10000000000002,57.19278332994071,0.2444459885963978,-0.00352775821779758
158.20000000000002,57.21718026852712,0.2439693858641473,-0.004766027322505299
158.3,57.24152386915008,0.24343600622957204,-0.005333796345752843
158.4,57.26579381852221,0.24269949372134605,-0.007365125082260257
158.5,57.290002693861446,0.24208875339235147,-0.006107403289946148
158.60000000000002,57.314154065949,0.24151372087546202,-0.005750325168893203
158.70000000000002,57.33823266980579,0.24078603856794648,-0.0072768230751558945
158.8,57.36226036880474,0.24027698998950997,-0.0050904857843653405
158.9,57.386260627852295,0.2400025904755546,-0.002743995139553746
159.0,57.41029469749607,0.2403406964377689,0.003381059622143049
159.10000000000002,57.43442345653667,0.24128759040594813,0.009468939681790202
159.20000000000002,57.45868908362187,0.24265627085200905,0.013686804460609991
159.3,57.4831214297355,0.24432346113628933,0.016671902842803735
159.4,57.50771583297829,0.2459440324279567,0.016205712916674643
159.5,57.53246762097901,0.24751788000722272,0.01573847579266103
159.60000000000002,57.55735787378839,0.24890252809372296,0.013846480864999249
159.70000000000002,57.5823524878745,0.24994614086112676,0.010436127674038658
159.8,57.60740174970098,0.2504926182648291,0.0054647740370237004
159.9,57.63247348634829,0.2507173664730687,0.0022474820823960187
160.0,57.65754393651435,0.25070450166063557,-0.0001286481243312283
160.10000000000002,57.68258777227996,0.25043835765602285,-0.002661440046126623
160.20000000000002,57.70758382105332,0.2499604877336168,-0.004778699224060872
160.3,57.73252714605716,0.24943325003840752,-0.00527237695209295
160.4,57.757427551509174,0.24900405452017077,-0.004291955182367768
160.5,57.78228419195628,0.24856640447106307,-0.004376500491077267
160.60000000000002,57.80706121902894,0.24777027072653418,-0.007961337445287063
160.70000000000002,57.83172149644594,0.24660277417000012,-0.011674965565341254
160.8,57.85624127181073,0.2451977536479572,-0.014050205220429955
160.9,57.88057405361718,0.24332781806451426,-0.01869935583443056
161.0,57.904675698592385,0.2410164497520521,-0.02311368312462279
161.10000000000002,57.92851741755569,0.23841718963298583,-0.02599260119065686
161.20000000000002,57.952125076949386,0.23607659393698474,-0.02340595696001224
161.3,57.97555734483223,0.2343226788284758,-0.017539151085090462
161.4,57.99885718600651,0.23299841174279737,-0.01324267085678502
161.5,58.02203112602542,0.23173940018908365,-0.012590115537137897
161.60000000000002,58.045053818762284,0.23022692736860956,-0.015124728204737484
161.70000000000002,58.067882600894826,0.22828782132543657,-0.019391060431730993
161.8,58.09047388040477,0.2259127950994739,-0.023750262259628025
161.9,58.1127847219082,0.22310841503427373,-0.02804380065200333
162.0,58.134762478827724,0.21977756919527108,-0.033308458390028335
162.10000000000002,58.156324556481046,0.21562077653316508,-0.04156792662105056
162.20000000000002,58.177368697234485,0.21044140753440163,-0.05179368998763745
162.3,58.19780906690429,0.2044036966980772,-0.060377108363247715
162.4,58.217585850302,0.19776783397710732,-0.06635862720970265
162.5,58.23667402958717,0.190881792851709,-0.06886041125398704
162.60000000000002,58.25504065942509,0.18366629837916634,-0.0721549447254102
162.70000000000002,58.272651221775135,0.17610562350044326,-0.07560674878723514
162.8,58.28949045696517,0.16839235190034677,-0.07713271600096933
162.9,58.305556786525045,0.16066329559877549,-0.0772905630157172
163.0,58.320845602776586,0.15288816251541862,-0.07775133083357308
163.10000000000002,58.335325332385324,0.14479729608734265,-0.08090866428074125
163.20000000000002,58.34892616173249,0.1360082934716977,-0.08789002615645441
163.3,58.36157773412056,0.1265157238806652,-0.09492569591033047
163.4,58.37322403955745,0.11646305436891376,-0.10052669511752019
163.5,58.38382946366748,0.10605424110033004,-0.10408813268584305
163.60000000000002,58.39337071820256,0.09541254535077533,-0.10641695749552296
163.70000000000002,58.40181913730981,0.08448419107246732,-0.10928354278308625
163.8,58.409187667885256,0.07368530575448481,-0.10798885317983123
163.9,58.4155314843984,0.06343816513144779,-0.1024714062303761
164.0,58.42089577134132,0.053642869429214306,-0.09795295702234039
164.10000000000002,58.425317624317756,0.044218529764340424,-0.09424339664871739
164.20000000000002,58.42881671139793,0.03499087080172302,-0.09227658962617927
164.3,58.43142221603891,0.026055046409824516,-0.08935824391899014
164.4,58.433180696764424,0.017584807255134227,-0.0847023915469077
164.5,58.43415582738171,0.009751306172845475,-0.07833501082289197
164.60000000000002,58.43443561159923,0.002797842175183337,-0.06953463997660557
164.70000000000002,58.43409226441404,-0.003433471851863796,-0.062313140270474875
164.8,58.433184964797924,-0.009072996161166262,-0.05639524309302787
164.9,58.43176180604804,-0.014231587498870466,-0.05158591337704497
165.0,58.429849957584764,-0.01911848463272856,-0.0488689713385837
165.10000000000002,58.42747987023817,-0.023700873465907376,-0.04582388833177775
165.20000000000002,58.42466698668062,-0.028128835575530965,-0.044279621096238404
165.3,58.421385535623145,-0.03281451057475424,-0.04685674999223544
165.4,58.417627779783125,-0.03757755840020352,-0.047630478254495484
165.5,58.413422530758304,-0.04205249024821239,-0.044749318480091275
165.60000000000002,58.40880903503603,-0.04613495722273714,-0.04082466974523817
165.70000000000002,58.40379588113874,-0.05013153897288022,-0.039965817501433056
165.8,58.39838450923166,-0.05411371907080161,-0.03982180097921621
165.9,58.392574527332044,-0.05809981899617231,-0.039860999253709235
166.0,58.38636991084027,-0.06204616491772083,-0.03946345921548746
166.10000000000002,58.379744652709974,-0.06625258130297511,-0.04206416385253321
166.20000000000002,58.372693605475995,-0.07051047233979492,-0.04257891036820053
166.3,58.3652292370906,-0.07464368385392531,-0.04133211514130624
166.4,58.35735409812496,-0.07875138965645072,-0.04107705802525644
166.5,58.349060683998914,-0.08293414126044257,-0.04182751603992093
166.60000000000002,58.340340092067756,-0.08720591931156611,-0.042717780511225684
166.70000000000002,58.331161131367466,-0.09178960700289973,-0.045836876913338785
166.8,58.321538959970404,-0.09622171397062665,-0.044321069677271695
166.9,58.311517185815134,-0.10021774155270294,-0.03996027582076516
167.0,58.30113494204212,-0.10382243773016477,-0.03604696177462032
167.10000000000002,58.29041370818553,-0.10721233856583416,-0.03389900835668625
167.20000000000002,58.279337300300064,-0.11076407885469228,-0.035517402888583176
167.3,58.26784412274524,-0.1149317755482636,-0.041676966935715605
167.4,58.25586397539779,-0.1198014734745169,-0.04869697926253579
167.5,58.24332412241087,-0.12539852986919445,-0.05597056394677862
167.60000000000002,58.23018739498208,-0.13136727428783812,-0.05968744418642316
167.70000000000002,58.216452647399585,-0.1373474758249749,-0.0598020153713711
167.8,58.20211687652751,-0.14335770872073644,-0.06010232895761894
167.9,58.1871802882002,-0.14936588327310002,-0.06008174552363918
168.0,58.17159430420626,-0.15585983993944727,-0.0649395666634762
168.10000000000002,58.1553133060727,-0.16280998133556174,-0.06950141396112887
168.20000000000002,58.13830435574407,-0.17008950328631556,-0.07279521950754234
168.3,58.12055120633072,-0.1775314941335283,-0.07441990847213177
168.4,58.102040492690506,-0.18510713640212004,-0.07575642268592156
168.5,58.0827606933689,-0.19279799321610044,-0.07690856813980844
168.60000000000002,58.06272735360888,-0.2003333976001442,-0.0753540438404205
168.70000000000002,58.0419602426483,-0.20767110960578108,-0.07337712005637294
168.8,58.0204749090409,-0.2148533360740268,-0.07182226468246114
168.9,57.998311942894404,-0.22162966146497193,-0.06776325390945523
169.0,57.975538836829564,-0.22773106064840803,-0.06101399183436454
169.10000000000002,57.95226432910381,-0.2327450772574661,-0.05014016609056924
169.20000000000002,57.92857310420875,-0.23691224895061605,-0.04167171693150188
169.3,57.90455605510798,-0.2401704910077166,-0.03258242057100726
169.4,57.88033190572849,-0.2422414937949351,-0.020710027872186187
169.5,57.855999328196546,-0.24332577531944782,-0.010842815245127929
169.60000000000002,57.83167331470587,-0.24326013490673556,0.0006564041271224403
169.70000000000002,57.80747919068213,-0.24194124023738037,0.013188946693552722
169.8,57.783529129841085,-0.2395006084104659,0.024406318269146188
169.9,57.75991704134883,-0.23612088492258387,0.03379723487882206
170.0,57.73669908860842,-0.23217952740411263,0.03941357518471469
170.10000000000002,57.71392100022309,-0.2277808838532473,0.04398643550864333
170.20000000000002,57.69157546521248,-0.22345535010609147,0.043255337471560754
170.3,57.66963572420238,-0.21939741010102234,0.04057940005069352
170.4,57.64806922410824,-0.21566500094139746,0.03732409159625101
170.5,57.62683198502768,-0.21237239080563838,0.032926101357592594
170.60000000000002,57.60589703005887,-0.20934954968803723,0.03022841117600462
170.70000000000002,57.58524288644297,-0.20654143615901185,0.028081135290255396
170.8,57.56486751785429,-0.203753685886821,0.027877502721910172
170.9,57.544806836311466,-0.20060681542824174,0.03146870458579433
171.0,57.525111234872284,-0.19695601439182706,0.036508010364148934
171.10000000000002,57.50584296073035,-0.19268274141931724,0.04273272972508846
171.20000000000002,57.487080190808555,-0.18762769921793776,0.050550422013797655
171.3,57.46889918298088,-0.18181007827679319,0.058176209411449055
171.4,57.45134231387499,-0.17556869105889494,0.06241387217898597
171.5,57.43443004220862,-0.1691227166637173,0.06445974395178
171.60000000000002,57.418159051219135,-0.16270990989479225,0.06412806768923597
171.70000000000002,57.402488143977045,-0.15670907242090418,0.06000837473888418
171.8,57.38736994784381,-0.1511819613323781,0.05527111088526391
171.9,57.37278639801095,-0.1458354983285742,0.05346463003804201
172.0,57.35873038537281,-0.14056012638143844,0.052753719471360594
172.10000000000002,57.34518419312799,-0.13546192244814154,0.05098203933295748
172.20000000000002,57.33213121272221,-0.13052980405782252,0.04932118390319293
172.3,57.31954186309767,-0.12589349624541774,0.04636307812405052
172.4,57.30738177033309,-0.12160092764582212,0.04292568599595864
172.5,57.29559444786209,-0.1178732247099457,0.03727702935876629
172.60000000000002,57.284123926514376,-0.11470521347715369,0.03168011232791286
172.70000000000002,57.272922704721104,-0.1120122179327218,0.02692995544432045
172.8,57.26197067803474,-0.10952026686361817,0.024919510691037733
172.9,57.25127352889805,-0.1069714913669689,0.025487754966494115
173.0,57.24084281400034,-0.10430714897709119,0.02664342389877865
173.10000000000002,57.23071274690242,-0.10130067097916223,0.030064779979282717
173.20000000000002,57.22090375711931,-0.09808989783110736,0.032107731480550565
173.3,57.21144193711171,-0.09461820007601857,0.0347169775508899
173.4,57.2023620379576,-0.09079899154109744,0.03819208534921343
173.5,57.19368873964632,-0.08673298311280102,0.04066008428296653
173.60000000000002,57.185391408095256,-0.0829733155106094,0.03759667602190769
173.70000000000002,57.17740151884387,-0.0798988925138434,0.030744229967661713
173.8,57.169653002928676,-0.07748515915196648,0.024137333618770556
173.9,57.16207910901973,-0.07573893908948012,0.017462200624864553
174.0,57.15460559391704,-0.0747351510268899,0.010037880625902733
174.10000000000002,57.14718871479962,-0.07416879117419929,0.0056635985269048615
174.20000000000002,57.13976733967545,-0.07421375124167606,-0.0004496006747677339
174.3,57.13230398119942,-0.0746335847603106,-0.004198335186345564
174.4,57.12476699387163,-0.0753698732778972,-0.007362885175866421
174.5,57.117102561283936,-0.07664432587695993,-0.012744525990628117
174.60000000000002,57.109233434433236,-0.07869126850698281,-0.02046942630022412
174.70000000000002,57.101060547988595,-0.08172886444640891,-0.030375959394262693
174.8,57.09248617377497,-0.08574374213623547,-0.04014877689826785
174.9,57.083424185910644,-0.09061987864328618,-0.04876136507050987
175.0,57.073799511741285,-0.09624674169359629,-0.05626863050310433
175.10000000000002,57.06357198669474,-0.10227525046543012,-0.060285087718324644
175.20000000000002,57.05273561372431,-0.10836372970431446,-0.06088479238884683
175.3,57.04128678433425,-0.11448829390062738,-0.061245641963132716
175.4,57.02920525966971,-0.12081524664538511,-0.06326952744758084
175.5,57.01647024582403,-0.1273501384567838,-0.06534891811399071
175.60000000000002,57.003066498585,-0.13403747239028768,-0.06687333933502354
175.70000000000002,56.9889802011412,-0.14086297443797324,-0.0682550204768595
175.8,56.97414637580954,-0.14833825331664618,-0.07475278878673366
175.9,56.95847564707966,-0.1567072872988096,-0.0836903398216388
176.0,56.941900393961035,-0.1657525311862523,-0.09045243887443224
176.10000000000002,56.924367186471784,-0.17533207489246927,-0.09579543706214791
176.20000000000002,56.9058545913728,-0.18512595098983894,-0.09793876097370231
176.3,56.88636743525775,-0.19487156115048918,-0.09745610160650785
176.4,56.865959448589415,-0.20407986668339811,-0.09208305532909462
176.5,56.84467117950845,-0.21288269080963362,-0.0880282412623601
176.60000000000002,56.82252388778508,-0.2214729172336612,-0.08590226424025617
176.70000000000002,56.799556093851955,-0.2296779393312806,-0.08205022097619885
176.8,56.77580134177075,-0.23754752081204272,-0.07869581480762558
176.9,56.75128301497575,-0.2451832679500538,-0.07635747138011507
177.0,56.725991805654544,-0.2529120932120465,-0.0772882526199314
177.10000000000002,56.69995880378849,-0.26033001866048033,-0.07417925448432151
177.20000000000002,56.67323113621204,-0.26727667576453584,-0.06946657104055905
177.3,56.6458527725045,-0.2737836370754265,-0.0650696131089105
177.4,56.617882340914015,-0.2797043159048388,-0.0592067882941261
177.5,56.5893878249127,-0.28494516001318204,-0.05240844108343543
177.60000000000002,56.560458218591975,-0.2892960632071659,-0.043509031939828566
177.70000000000002,56.531184394153456,-0.2927382443852078,-0.03442181178042099
177.8,56.50166795923492,-0.2951643491853585,-0.024261048001508457
177.9,56.472003207563745,-0.296647516711789,-0.01483167526430602
178.0,56.44228821476523,-0.297149927985191,-0.005024112734020322
178.10000000000002,56.412596451920464,-0.296917628447563,0.0023229953762799174
178.20000000000002,56.38294845141917,-0.29648000501298366,0.0043762343457934
178.3,56.35336856993255,-0.29579881486620513,0.006811901467785706
178.4,56.32388961886181,-0.29478951070737736,0.010093041588278303
178.5,56.294600976779016,-0.29288642082798577,0.019030898793916923
178.60000000000002,56.26562111730282,-0.2897985947618816,0.030878260661034912
178.70000000000002,56.23708934306927,-0.28531774233550977,0.04480852426372061
178.8,56.20914471945855,-0.27944623610723507,0.05871506228275037
178.9,56.18192331945497,-0.27221400003584634,0.07232236071389142
179.0,56.15556650828391,-0.2635681117105698,0.0864588832527701
179.10000000000002,56.13017089681546,-0.25395611468448376,0.09611997026083875
179.20000000000002,56.10577293189509,-0.24397964920369442,0.0997646548078991
179.3,56.08240319015575,-0.23369741739338587,0.1028223181030913
179.4,56.06012880071942,-0.22274389436334574,0.10953523030040753
179.5,56.0390439663047,-0.21084834414716402,0.11895550216182392
179.60000000000002,56.019226553840525,-0.19817412464173614,0.12674219505425
179.70000000000002,56.00073214454942,-0.1849440929110918,0.13230031730645106
179.8,55.983614976448045,-0.17117168101372734,0.13772411897365228
179.9,55.96795291740967,-0.15662059038377588,0.14551090629952296
180.0,55.95383121602853,-0.14121701381136467,0.15403576572412078
180.10000000000002,55.94133015374306,-0.12501062285470255,0.1620639095665844
180.20000000000002,55.930544419643766,-0.10785734099294234,0.17153281861761185
180.3,55.921590192699306,-0.08954226944461195,0.18315071548331424
180.4,55.914553746025746,-0.07036446673560137,0.1917780270901167
180.5,55.909483119122285,-0.050706269034608946,0.19658197700993543
180.60000000000002,55.906418463884506,-0.030646552377781827,0.20059716656822557
180.70000000000002,55.90542106534471,-0.009973985397949149,0.2067256697983385
180.8,55.90656558097997,0.011445156352608106,0.2141914175055847
180.9,55.909940983711486,0.033754027315142356,0.22308870962535515
181.0,55.915620308760396,0.056793250489096565,0.2303922317395552
181.10000000000002,55.923659015744164,0.08038706983766579,0.2359381934856386
181.20000000000002,55.934110640353325,0.10451624609161198,0.24129176253947557
181.3,55.94703647144749,0.12925831094165854,0.24742064850047976
181.4,55.962484662143744,0.15448190696255348,0.2522359602089637
181.5,55.98046736693529,0.17982704791543425,0.25345140952882206
181.60000000000002,56.000963560849584,0.20496193914292918,0.25134891227489214
181.70000000000002,56.02393326727082,0.22969706421237274,0.24735125069444966
181.8,56.049327832920476,0.2539456564965692,0.24248592284197837
181.9,56.07710541511956,0.2777758219908735,0.23830165494305633
182.0,56.107235899870815,0.3013048475125573,0.23529025521685182
182.10000000000002,56.13967821335739,0.324423134865694,0.23118287353131445
182.20000000000002,56.17438684967052,0.3470863631312879,0.22663228265595148
182.3,56.21134314526435,0.36956295593834165,0.2247659280705505
182.4,56.25053004809814,0.3918690283379301,0.22306072399589696
182.5,56.29192017525006,0.4139012715192316,0.22032243181302788
182.60000000000002,56.33546558207853,0.4354540682845429,0.21552796765306398
182.70000000000002,56.38110993156784,0.45644349489317654,0.20989426608634815
182.8,56.42880599681163,0.47696065243793706,0.20517157544761688
182.9,56.47849311770915,0.49687120897519305,0.19910556537257118
183.0,56.53008729833311,0.5159418062396108,0.19070597264418873
183.10000000000002,56.583480954903095,0.5339365656997537,0.17994759460138748
183.20000000000002,56.638561243449274,0.5508028854618232,0.16866319762070495
183.3,56.695198037318065,0.5663679386879361,0.15565053226113787
183.4,56.75326372328679,0.5806568596873137,0.14288920999378432
183.5,56.812670087664266,0.5940636437747653,0.13406784087452314
183.60000000000002,56.87334439080249,0.6067430313820706,0.12679387607302475
183.70000000000002,56.93519889743634,0.6185450663385336,0.11802034956463596
183.8,56.99813403483617,0.6293513739983683,0.10806307659835317
183.9,57.06203870719874,0.6390467236257188,0.09695349627351076
184.0,57.12680859018918,0.6476988299044364,0.08652106278718089
184.10000000000002,57.192354319940634,0.65545729751441,0.07758467609971799
184.20000000000002,57.25858318823986,0.6622886829923068,0.06831385477897245
184.3,57.32538447696086,0.6680128872100635,0.05724204217756982
184.4,57.39265206523537,0.6726758827450778,0.04662995535014634
184.5,57.460275408649274,0.6762334341391025,0.03557551394024896
184.60000000000002,57.52812858825622,0.6785317960693382,0.022983619302351703
184.70000000000002,57.59607334420091,0.6794475594469094,0.00915763377571207
184.8,57.66398099435336,0.6790765015245301,-0.003710579223792576
184.9,57.73175793628863,0.6777694193527525,-0.013070821717777369
185.0,57.7993355881748,0.67577651886172,-0.019929004910326256
185.10000000000002,57.866680514364695,0.6734492618988132,-0.023272569629062805
185.20000000000002,57.93381030076952,0.6712978640483085,-0.02151397850504788
185.3,58.00075323989367,0.6694293912415031,-0.018684728068054608
185.4,58.067515700306714,0.6676246041304903,-0.018047871110129426
185.5,58.13408624038698,0.6657054008026743,-0.019192033278161415
185.60000000000002,58.200472815312864,0.6638657492587097,-0.01839651543964175
185.70000000000002,58.26669894097365,0.6622612566078722,-0.01604492650837599
185.8,58.33278031752115,0.6608137654750499,-0.014474911328223584
185.9,58.39872306967457,0.6594275215342214,-0.013862439408286142
186.0,58.46450486385364,0.6578179417907767,-0.016095797434447584
186.10000000000002,58.53007063383267,0.6556576997901616,-0.021602420006145512
186.20000000000002,58.59538583293265,0.6531519909998111,-0.025057087903506452
186.3,58.660446604999244,0.6506077206659825,-0.025442703338287912
186.4,58.7252777480357,0.6483114303646089,-0.022962903013737018
186.5,58.789903045749014,0.6462529771331672,-0.020584532314418317
186.60000000000002,58.85435525368278,0.6445220793375439,-0.01730897795622905
186.70000000000002,58.918658085939235,0.6430283225645549,-0.014937567729891037
186.8,58.98280453202527,0.6414644608603846,-0.015638617041704217
186.9,59.04678601400161,0.6398148197634521,-0.016496410969325352
187.0,59.11059959820736,0.638135842057502,-0.01678977705950253
187.10000000000002,59.17424587737677,0.6364627916939699,-0.016730503635316668
187.20000000000002,59.23774844827904,0.6350257090227635,-0.014370826712065394
187.3,59.30116702455021,0.634185762711717,-0.008399463110464944
187.4,59.364550946390935,0.6338392184072822,-0.0034654430443483457
187.5,59.42791718214371,0.633662357527776,-0.0017686087950620107
187.60000000000002,59.49123218776296,0.6331500561923756,-0.0051230133540025044
187.70000000000002,59.55446319867911,0.6323101091615162,-0.008399470308594814
187.8,59.617612764321606,0.6314956564250099,-0.008144527365063122
187.9,59.680684094970985,0.6307133064938245,-0.007823499311854665
188.0,59.74365925724729,0.6297516227630597,-0.009616837307648276
188.10000000000002,59.80652644080694,0.6286718355963918,-0.01079787166667655
188.20000000000002,59.86930141040009,0.6277496959315344,-0.009221396648574878
188.3,59.93200782783431,0.6270641743422446,-0.006855215892898448
188.4,59.994671916233386,0.6266408839907812,-0.00423290351463403
188.5,60.05733690075152,0.6266498451813974,8.961190616219538e-05
188.60000000000002,60.12005562560369,0.6271872485215364,0.005374033401388422
188.70000000000002,60.18285985228671,0.6280422668302423,0.008550183087059834
188.8,60.24574568975071,0.6288583746400536,0.008161078098112748
188.9,60.308702432183026,0.6295674243231633,0.007090496831097374
189.0,60.37172378981012,0.6302135762709685,0.006461519478052991
189.10000000000002,60.434809783382946,0.6308599357281239,0.0064635945715526295
189.20000000000002,60.49797542931135,0.6316564592841093,0.007965235559854076
189.3,60.5612582661942,0.6328283688285201,0.011719095444108873
189.4,60.62467189234786,0.6341362615366469,0.013078927081268866
189.5,60.68822660429831,0.6355471195044876,0.014108579678407642
189.60000000000002,60.75194850757033,0.6372190327201083,0.01671913215620277
189.70000000000002,60.81585657162805,0.6390806405772417,0.01861607857133513
189.8,60.8799490844097,0.6409251278165238,0.018444872392822047
189.9,60.94418056107493,0.6423147666523131,0.01389638835789432
190.0,61.008493745707376,0.6431318463245016,0.008170796721885164
190.10000000000002,61.072833343189174,0.6433959748178311,0.002641284933294029
190.20000000000002,61.137161249408386,0.6432790621921579,-0.001169126256731556
190.3,61.2014509032048,0.6428965379641848,-0.003825242279731573
190.4,61.26569985930091,0.642489560961118,-0.004069770030668228
190.5,61.32990976421347,0.6420990491256272,-0.0039051183549079216
190.60000000000002,61.39406230177995,0.6415253756646384,-0.00573673460988669
190.70000000000002,61.45811802973435,0.640557279544077,-0.00968096120561423
190.8,61.52202323885855,0.6390520912420435,-0.015051883020335855
190.9,61.58568767959453,0.6366444073598039,-0.024076838822398007
191.0,61.64899202502015,0.6330434542562462,-0.03600953103557885
191.10000000000002,61.71181762511767,0.6282560009750419,-0.04787453281203246
191.20000000000002,61.774027472071154,0.6220984695348973,-0.061575314401448755
191.3,61.83549410088949,0.614666288183407,-0.07432181351490796
191.4,61.896114567849736,0.6062046696024825,-0.08461618580924905
191.5,61.95579208552067,0.5967751767093772,-0.09429492893105887
191.60000000000002,62.0144360684087,0.5864398288801541,-0.10335347829220724
191.70000000000002,62.07199399967115,0.5755793126245451,-0.10860516255609638
191.8,62.12846784421709,0.5647384454594438,-0.10840867165101858
191.9,62.18385927850026,0.5539143428316922,-0.10824102627752301
192.0,62.23816373035987,0.5430445185961783,-0.10869824235514476
192.10000000000002,62.29140248262338,0.5323875226349839,-0.10656995961191981
192.20000000000002,62.34362892097652,0.5222643835314086,-0.10123139103575894
192.3,62.39491277110688,0.5128385013036344,-0.0942588222777472
192.4,62.44534064391913,0.5042787281225289,-0.08559773181105944
192.5,62.49498259644733,0.4964195252820074,-0.07859202840521998
192.60000000000002,62.543855411419585,0.4887281497224504,-0.07691375559555264
192.70000000000002,62.59194406927166,0.4808865785207945,-0.07841571201656296
192.8,62.63921926346026,0.47275194188602954,-0.08134636634765453
192.9,62.685625137974924,0.4640587451466424,-0.08693196739387615
193.0,62.731067070776625,0.4544193280170364,-0.0963941712960658
193.10000000000002,62.77544997011009,0.4438289933345331,-0.10590334682500903
193.20000000000002,62.81867893973882,0.43228969628730923,-0.11539297047224496
193.3,62.86065207409661,0.4197313435779887,-0.12558352709321255
193.4,62.901229350772596,0.4057727667598474,-0.1395857681814207
193.5,62.940280576189544,0.39051225416950164,-0.15260512590346645
193.60000000000002,62.977697437522686,0.3741686133313353,-0.16343640838162646
193.70000000000002,63.013381942794176,0.3568450527149228,-0.17323560616413478
193.8,63.04725477938122,0.3387283658704569,-0.1811668684446691
193.9,63.079264511621105,0.32009732239886945,-0.1863104347158851
194.0,63.109374801167675,0.30110289546572067,-0.1899442693314987
194.10000000000002,63.13755774678715,0.2818294561947069,-0.19273439271009388
194.20000000000002,63.16375289321657,0.2619514642941716,-0.19877991900536426
194.3,63.18794076980636,0.24187876589793642,-0.20072698396236324
194.4,63.21011992425259,0.22179154446229016,-0.20087221435647398
194.5,63.230286023828064,0.20166099575477583,-0.20130548707515467
194.60000000000002,63.248490300303416,0.18204276475347694,-0.1961823100129443
194.70000000000002,63.26477259322091,0.1628229291749598,-0.19219835578518235
194.8,63.27915817153382,0.14385578312912026,-0.18967146045840622
194.9,63.29165630225467,0.12498130720850753,-0.188744759206138
195.0,63.30227681708229,0.10620514827615217,-0.1877615893235643
195.10000000000002,63.3110405879497,0.08763770867408877,-0.18567439602059183
195.20000000000002,63.318002897128224,0.06962309178526423,-0.18014616888825563
195.3,63.32328373016833,0.05280833040103817,-0.16814761384227014
195.4,63.32700841736511,0.03724687196779753,-0.15561458433241523
195.5,63.32930058148637,0.02292164121264892,-0.14325230755149426
195.60000000000002,63.33027869896693,0.009781174805565392,-0.1314046640708054
195.70000000000002,63.33007540285989,-0.0020329610703840916,-0.11814135875950155
195.8,63.328807784903056,-0.012676179568345712,-0.10643218497962224
195.9,63.32656809058571,-0.02239694317346291,-0.0972076360511775
196.0,63.32340825421502,-0.03159836370692128,-0.09201420533458896
196.10000000000002,63.319368657636126,-0.04039596578890828,-0.08797602081984995
196.20000000000002,63.31446028060879,-0.04908377027334433,-0.08687804484436548
196.3,63.30867659168606,-0.057836889227335056,-0.08753118953991222
196.4,63.30201253769708,-0.06664053988977893,-0.08803650662444375
196.5,63.29451567407417,-0.07496863622912002,-0.08328096339341563
196.60000000000002,63.28623221668864,-0.0828345738552894,-0.07865937626167595
196.70000000000002,63.27719410217584,-0.09038114512798304,-0.07546571272694062
196.8,63.267453396701455,-0.0974070547438599,-0.0702590961587726
196.9,63.25707146669322,-0.10381930008236985,-0.06412245338510318
197.0,63.24612496597713,-0.10946500716088448,-0.05645707078514946
197.10000000000002,63.23472687450521,-0.11398091471915246,-0.0451590755826696
197.20000000000002,63.223002763127525,-0.11724111377689139,-0.03260199057739115
197.3,63.21110129479241,-0.11901468335118857,-0.01773569574297283
197.4,63.199188119840514,-0.1191317495189349,-0.0011706616774633638
197.5,63.18745074368493,-0.11737376155587455,0.01757987963060456
197.60000000000002,63.17607242136271,-0.11378322322213108,0.03590538333742651
197.70000000000002,63.16523204544551,-0.10840375917205497,0.053794640500764164
197.8,63.15507811834874,-0.10153927096766902,0.06864488204386344
197.9,63.14572838512411,-0.09349733224632038,0.08041938721349089
198.0,63.137293183461686,-0.08435201662422767,0.09145315622093232
198.10000000000002,63.12984810119783,-0.07445082263855068,0.09901193985674736
198.20000000000002,63.12345543758435,-0.06392663613482705,0.10524186503724235
198.3,63.11815547107355,-0.052999665107978614,0.10926971026849056
198.4,63.113963097528185,-0.04192373545365296,0.11075929654326284
198.5,63.11093495759708,-0.03028139931103796,0.11642336142615661
198.60000000000002,63.10912195325901,-0.018130043380675573,0.12151355930359624
198.70000000000002,63.10857271943928,-0.005492338197328507,0.12637705183347783
198.8,63.10933774769678,0.007650282574971791,0.13142620772301045
198.9,63.1114639272367,0.021261795399213454,0.1361151282424244
199.0,63.114957036232,0.0349310899530073,0.1366929455379462
199.10000000000002,63.11979485114212,0.048378149101171546,0.13447059148161192
199.20000000000002,63.125949941650084,0.06155090507967381,0.13172755978503015
199.3,63.13340109158221,0.07451149932123681,0.12960594241563733
199.4,63.14215241518078,0.08751323598574387,0.130017366645078
199.5,63.15224121660435,0.10088801423571288,0.13374778249969768
199.60000000000002,63.16369874160908,0.11457525004726914,0.13687235811553147
199.70000000000002,63.176542136660906,0.12843395051825032,0.13858700470981974
199.8,63.19076845310128,0.1422631644037234,0.13829213885473876
199.9,63.206391881233735,0.15623428132458095,0.13971116920858329
200.0,63.223472180239256,0.17080299005521743,0.1456870873063731
