Time(s),Drum_Angle(deg),Drum_Velocity(deg/s),Drum_Acceleration(deg/s^2)
0.0,45.0,0.0,0.0012358319593214553
0.1,45.0,0.00012358319593214553,0.0014283971871338619
0.2,45.000012358319594,0.0002664229146455317,0.0016085872522605608
0.30000000000000004,45.00003900061106,0.00042728163987158785,0.0017850485987165603
0.4,45.000081728775044,0.0006057864997432438,0.001964853359999776
0.5,45.00014230742502,0.0008022718357432214,0.0021719822774289212
0.6000000000000001,45.0002225346086,0.0010194700634861137,0.0023065535792426988
0.7000000000000001,45.00032448161494,0.0012501254214103835,0.002434764725463279
0.8,45.00044949415708,0.0014936018939567114,0.0024999700445975386
0.9,45.00059885434648,0.0017435988984164652,0.0026229689903966087
1.0,45.00077321423632,0.002005895797456126,0.0027804909344583658
1.1,45.000973803816066,0.002283944890901963,0.002898411772251257
1.2000000000000002,45.00120219830516,0.002573786068127089,0.002886673468426967
1.3,45.00145957691197,0.002862453414969785,0.002765001165094293
1.4000000000000001,45.00174582225347,0.0031389535314792147,0.0025984893645998285
1.5,45.00205971760661,0.003398802467939197,0.002498673174223772
1.6,45.002399597853405,0.0036486697853615746,0.0024031126424658967
1.7000000000000002,45.00276446483194,0.0038889810496081645,0.002340290982368393
1.8,45.00315336293691,0.0041230101478450035,0.0023251143713776796
1.9000000000000001,45.00356566395169,0.004355521584982772,0.0022795391707028756
2.0,45.00400121611019,0.004583475502053059,0.0022007800553880733
2.1,45.00445956366039,0.0048035535075918664,0.0021092372918396825
2.2,45.00493991901115,0.005014477236775835,0.0020019513455257747
2.3000000000000003,45.00544136673483,0.0052146723713284125,0.001826500024147136
2.4000000000000004,45.005962833971964,0.005397322373743126,0.0016296916852183835
2.5,45.006502566209335,0.005560291542264964,0.0014434501727852976
2.6,45.00705859536356,0.005704636559543494,0.001347457624289171
2.7,45.007629059019514,0.005839382321972411,0.001353852223682435
2.8000000000000003,45.00821299725172,0.005974767544340655,0.0013710054543775497
2.9000000000000004,45.00881047400615,0.00611186808977841,0.0013271729594944346
3.0,45.00942166081513,0.006244585385727853,0.0012200545867672291
3.1,45.0100461193537,0.006366590844404576,0.0010879628936055407
3.2,45.01068277843814,0.00647538713376513,0.000960335734419073
3.3000000000000003,45.01133031715152,0.006571420707207037,0.0008689902799564878
3.4000000000000004,45.01198745922224,0.006658319735202686,0.0008232189287289028
3.5,45.01265329119576,0.006740641628075576,0.0007865327469354013
3.6,45.01332735535856,0.0068192949027691165,0.0007351968892866511
3.7,45.01400928484884,0.006892814591697782,0.0007154150044347267
3.8000000000000003,45.01469856630801,0.006964356092141254,0.0006488122661217616
3.9000000000000004,45.01539500191723,0.007029237318753431,0.0005696480615437226
4.0,45.0160979256491,0.007086202124907803,0.0005586854663974071
4.1000000000000005,45.01680654586159,0.007142070671547544,0.0005846466023429565
4.2,45.017520752928746,0.007200535331781839,0.000543914952508171
4.3,45.018240806461925,0.007254926827032656,0.0005113762851451418
4.4,45.01896629914463,0.00730606445554717,0.0005005901683747416
4.5,45.01969690559018,0.007356123472384644,0.0004968887054532913
4.6000000000000005,45.02043251793742,0.007405812342929974,0.0005225460106188605
4.7,45.02117309917171,0.00745806694399186,0.0005510561944868623
4.800000000000001,45.021918905866116,0.007513172563440546,0.0005940285657503687
4.9,45.02267022312246,0.007572575420015583,0.000622454617879751
5.0,45.02342748066446,0.007634820881803558,0.0007002285273011476
5.1000000000000005,45.02419096275264,0.007704843734533673,0.0007373766569549285
5.2,45.024961447126095,0.0077785814002291655,0.0007748637118179483
5.300000000000001,45.025739305266114,0.00785606777141096,0.0007727769303522036
5.4,45.02652491204326,0.00793334546444618,0.0008486158620666195
5.5,45.0273182465897,0.008018207050652842,0.0009081882427018059
5.6000000000000005,45.028120067294765,0.008109025874923024,0.0009284070787476809
5.7,45.02893096988226,0.008201866582797791,0.0009171210376076932
5.800000000000001,45.02975115654054,0.008293578686558561,0.0008687365063106615
5.9,45.030580514409195,0.008380452337189627,0.0008032906543469665
6.0,45.031418559642916,0.008460781402624323,0.0007532153983485669
6.1000000000000005,45.03226463778318,0.00853610294245918,0.000682421208680203
6.2,45.03311824807742,0.0086043450633272,0.0005631483373874789
6.300000000000001,45.03397868258376,0.008660659897065949,0.00044921781079086833
6.4,45.03484474857346,0.008705581678145035,0.0003267916793960578
6.5,45.035715306741274,0.008738260846084641,0.00021855469283207107
6.6000000000000005,45.03658913282588,0.008760116315367848,8.487353614829887e-05
6.7,45.03746514445742,0.008768603668982678,-8.691088904916276e-05
6.800000000000001,45.03834200482432,0.008759912580077762,-0.00023917453696936043
6.9,45.03921799608233,0.008735995126380826,-0.00031515853240304234
7.0,45.040091595594966,0.008704479273140522,-0.00038603660539773615
7.1000000000000005,45.04096204352228,0.008665875612600748,-0.00047372539347105726
7.2,45.04182863108354,0.008618503073253642,-0.0005935535566936396
7.300000000000001,45.04269048139086,0.008559147717584278,-0.0007813641067410039
7.4,45.043546396162625,0.008481011306910178,-0.0010723386156735776
7.5,45.04439449729331,0.00837377744534282,-0.0013526309083203047
7.6000000000000005,45.04523187503785,0.00823851435451079,-0.0016268757622449916
7.7,45.0460557264733,0.00807582677828629,-0.001889871985762862
7.800000000000001,45.04686330915113,0.007886839579710004,-0.0021488181510833588
7.9,45.0476519931091,0.0076719577646016685,-0.0024287011953594718
8.0,45.04841918888556,0.007429087645065722,-0.0027626949470374337
8.1,45.04916209765007,0.00715281815036198,-0.0030532417151443465
8.200000000000001,45.0498773794651,0.006847493978847541,-0.003299434303861108
8.3,45.050562128862985,0.006517550548461431,-0.0034325801487374314
8.4,45.05121388391783,0.006174292533587689,-0.0035539162902863256
8.5,45.05183131317119,0.005818900904559058,-0.003643963128204075
8.6,45.05241320326165,0.005454504591738652,-0.003712354970698584
8.700000000000001,45.05295865372082,0.005083269094668788,-0.0037923665144953783
8.8,45.05346698063029,0.004704032443219252,-0.003771126411332162
8.9,45.05393738387461,0.004326919802086037,-0.0037239323147266567
9.0,45.05437007585482,0.003954526570613372,-0.0036020867560695438
9.1,45.05476552851188,0.0035943178950064193,-0.003396686414503858
9.200000000000001,45.055124960301384,0.0032546492535560287,-0.0031741507858996003
9.3,45.05545042522674,0.0029372341749660698,-0.002962491102590132
9.4,45.05574414864423,0.0026409850647070576,-0.002730433544636839
9.5,45.05600824715071,0.0023679417102433747,-0.0024815688487698525
9.600000000000001,45.05624504132173,0.002119784825366386,-0.002232409116072952
9.700000000000001,45.05645701980426,0.0018965439137590915,-0.0019034339647942369
9.8,45.05664667419564,0.0017062005172796685,-0.0015354024336718868
9.9,45.05681729424737,0.0015526602739124803,-0.0012035727240905904
10.0,45.05697256027476,0.0014323030015034217,-0.0008756887155252302
10.100000000000001,45.05711579057491,0.0013447341299508975,-0.0005261875529555625
10.200000000000001,45.0572502639879,0.0012921153746553414,-0.0001832706627425552
10.3,45.05737947552537,0.001273788308381086,0.00013573720053347956
10.4,45.05750685435621,0.0012873620284344339,0.000494102893447616
10.5,45.05763559055905,0.0013367723177791953,0.0008420075857481244
10.600000000000001,45.05776926779083,0.001420973076354009,0.0011824547411332833
10.700000000000001,45.05791136509846,0.0015392185504673368,0.0015030016093366355
10.8,45.058065286953514,0.0016895187114009998,0.0018184951734596662
10.9,45.05823423882465,0.0018713682287469658,0.0021047685264968708
11.0,45.05842137564753,0.002081845081396652,0.002394181997284855
11.100000000000001,45.058629560155666,0.002321263281125141,0.0026528483366033894
11.200000000000001,45.05886168648378,0.002586548114785479,0.00289211578902494
11.3,45.059120341295255,0.002875759693687972,0.003159730056211338
11.4,45.05940791726463,0.0031917326993091046,0.0034460401262003653
11.5,45.05972709053456,0.00353633671192914,0.00372306744188755
11.600000000000001,45.060080724205754,0.0039086434561179,0.003987126583661571
11.700000000000001,45.060471588551366,0.004307356114484056,0.0042247601677678085
11.8,45.06090232416281,0.004729832131260835,0.004433225887937214
11.9,45.06137530737594,0.005173154720054555,0.0045981425592179345
12.0,45.06189262284794,0.005632968975976347,0.004779379408060334
12.100000000000001,45.06245591974554,0.006110906916782387,0.004924541383074139
12.200000000000001,45.063067010437216,0.006603361055089799,0.005093826176972676
12.3,45.06372734654273,0.007112743672787065,0.005285942379447078
12.4,45.06443862091,0.007641337910731771,0.005455807542711686
12.5,45.065202754701076,0.008186918665002938,0.005503192313270041
12.600000000000001,45.06602144656758,0.00873723789632995,0.00543079456342563
12.700000000000001,45.06689517035721,0.00928031735267251,0.005248308492784467
12.8,45.06782320209248,0.009805148201950956,0.004973176805174399
12.9,45.068803716912676,0.010302465882468394,0.0046862983096705715
13.0,45.06983396350092,0.01077109571343545,0.0044239173984318945
13.100000000000001,45.07091107307227,0.011213487453278645,0.004212891413007695
13.200000000000001,45.072032421817596,0.011634776594579413,0.004041634060455675
13.3,45.07319589947705,0.012038940000624979,0.003834508214812893
13.4,45.07439979347711,0.012422390822106267,0.003581543736335588
13.5,45.07564203255932,0.012780545195739824,0.003319658626450375
13.600000000000001,45.076920087078896,0.013112511058384867,0.0030531849820196228
13.700000000000001,45.078231338184736,0.013417829556586828,0.002810536483271515
13.8,45.07957312114039,0.013698883204913978,0.0026557481477112238
13.9,45.08094300946089,0.0139644580196851,0.0025388027839765453
14.0,45.082339455262854,0.014218338298082753,0.002420329683038604
14.100000000000001,45.083761289092664,0.014460371266386617,0.0023398245801722977
14.200000000000001,45.085207326219304,0.014694353724403846,0.0022503243470271906
14.3,45.08667676159174,0.014919386159106564,0.002180698084677549
14.4,45.08816870020765,0.015137455967574319,0.0021015744416525988
14.5,45.089682445804414,0.015347613411739578,0.001981381826051665
14.600000000000001,45.09121720714558,0.015545751594344747,0.001791958568035975
14.700000000000001,45.09277178230502,0.015724947451148344,0.00153526731298787
14.8,45.09434427705013,0.01587847418244713,0.0012752781240182216
14.9,45.095932124468376,0.016006001994848952,0.001084547176984783
15.0,45.097532724667865,0.01611445671254743,0.0009276485239598793
15.100000000000001,45.099144170339116,0.01620722156494342,0.0007876344411421349
15.200000000000001,45.10076489249561,0.016285985009057632,0.0006535232306067335
15.3,45.10239349099652,0.016351337332118306,0.0005177043063943361
15.4,45.10402862472973,0.01640310776275774,0.00036136834443090257
15.5,45.105668935506,0.01643924459720083,0.00020955949906499967
15.600000000000001,45.107312859965724,0.01646020054710733,9.026748799191608e-05
15.700000000000001,45.10895888002044,0.01646922729590652,-4.193588241253891e-05
15.8,45.11060580275003,0.016465033707665267,-0.00024359880563592454
15.9,45.112252306120794,0.016440673827101675,-0.0004039047887716155
16.0,45.11389637350351,0.016400283348224513,-0.0005383531347513604
16.1,45.11553640183833,0.016346448034749377,-0.0006492483191292281
16.2,45.1171710466418,0.016281523202836455,-0.0006352308847273801
16.3,45.11879919896209,0.016218000114363716,-0.0005566475061023678
16.400000000000002,45.12042099897352,0.01616233536375348,-0.00043217080575892275
16.5,45.122037232509896,0.016119118283177587,-0.0002859657603888858
16.6,45.123649144338216,0.0160905217071387,-0.00015654752393984617
16.7,45.12525819650893,0.016074866954744714,-2.9888509719341448e-05
16.8,45.1268656832044,0.01607187810377278,7.32385851583129e-07
16.900000000000002,45.12847287101478,0.016071951342357938,-2.7875490611722102e-05
17.0,45.13008006614901,0.016069163793296766,-0.00010023353078803528
17.1,45.13168698252834,0.016059140440217962,-0.00015491396623053597
17.2,45.13329289657237,0.01604364904359491,-0.00019143804097662427
17.3,45.13489726147673,0.016024505239497246,-0.00022375827167318523
17.400000000000002,45.13649971200068,0.016002129412329927,-0.0002989693889217793
17.5,45.13809992494191,0.01597223247343775,-0.0003411306242609387
17.6,45.139697148189256,0.015938119411011656,-0.00037074117182158653
17.7,45.141290960130355,0.015901045293829498,-0.000348880821660203
17.8,45.14288106465974,0.015866157211663477,-0.0003761538921323181
17.900000000000002,45.144467680380906,0.015828541822450245,-0.000431732091529013
18.0,45.14605053456315,0.015785368613297344,-0.0005862695048503966
18.1,45.147629071424475,0.015726741662812304,-0.0006911689598076429
18.2,45.14920174559076,0.01565762476683154,-0.0008471801446246573
18.3,45.150767508067446,0.015572906752369074,-0.000978485680615697
18.400000000000002,45.15232479874268,0.015475058184307503,-0.0009458915428614053
18.5,45.15387230456111,0.015380469030021365,-0.000929888034880686
18.6,45.15541035146411,0.015287480226533295,-0.0009286539402022569
18.7,45.15693909948676,0.015194614832513071,-0.0009350845137388394
18.8,45.15845856097002,0.015101106381139186,-0.000932814167332132
18.900000000000002,45.159968671608134,0.015007824964405971,-0.0009999864865916368
19.0,45.16146945410457,0.01490782631574681,-0.0010793266245807105
19.1,45.16296023673615,0.014799893653288737,-0.0012285285017829375
19.200000000000003,45.164440226101476,0.014677040803110442,-0.0013730845653333928
19.3,45.16590793018179,0.014539732346577105,-0.001471478556980349
19.400000000000002,45.16736190341644,0.014392584490879068,-0.0015548043185335278
19.5,45.16880116186553,0.014237104059025719,-0.0016780159402031186
19.6,45.17022487227143,0.014069302465005405,-0.0017988677228455035
19.700000000000003,45.171631802517936,0.013889415692720852,-0.001926060740762784
19.8,45.17302074408721,0.013696809618644577,-0.0020619669303436356
19.900000000000002,45.17439042504907,0.01349061292561021,-0.002140477322260658
20.0,45.175739486341634,0.01327656519338415,-0.002243424000113947
20.1,45.17706714286097,0.013052222793372752,-0.002415078309772525
20.200000000000003,45.17837236514031,0.012810714962395496,-0.0025820753344703673
20.3,45.17965343663655,0.012552507428948464,-0.0027517971536304654
20.400000000000002,45.18090868737944,0.012277327713585414,-0.002965008947017217
20.5,45.182136420150805,0.011980826818883699,-0.0032221916416373215
20.6,45.18333450283269,0.011658607654719962,-0.003572236296848359
20.700000000000003,45.18450036359816,0.011301384025035121,-0.003966124928154646
20.8,45.18563050200066,0.010904771532219665,-0.004363417893871968
20.900000000000002,45.18672097915389,0.010468429742832462,-0.004741215671956852
21.0,45.18776782212817,0.009994308175636787,-0.004981025790094516
21.1,45.18876725294574,0.009496205596627328,-0.00521942326411289
21.200000000000003,45.1897168735054,0.008974263270216032,-0.005371622528838233
21.3,45.19061429983242,0.00843710101733222,-0.005494081642728682
21.400000000000002,45.19145800993415,0.007887692853059344,-0.005600938540850779
21.5,45.19224677921946,0.007327598998974278,-0.005676037280423725
21.6,45.19297953911936,0.006759995270931897,-0.005748153313692305
21.700000000000003,45.193655538646446,0.006185179939562658,-0.005789188252788839
21.8,45.1942740566404,0.005606261114283787,-0.005827063770777658
21.900000000000002,45.19483468275183,0.005023554737206013,-0.005780571139428578
22.0,45.19533703822555,0.004445497623263167,-0.0055957902597766835
22.1,45.19578158798788,0.003885918597285491,-0.005489568657846607
22.200000000000003,45.196170179847606,0.0033369617315008224,-0.005384982780596025
22.3,45.196503876020756,0.0027984634534412313,-0.005275473697144865
22.400000000000002,45.1967837223661,0.0022709160837267373,-0.005201467006630092
22.5,45.19701081397447,0.0017507693830637393,-0.005109493361937514
22.6,45.197185890912785,0.0012398200468699805,-0.005013270739437591
22.700000000000003,45.19730987291747,0.0007384929729262143,-0.004949670268005765
22.8,45.19738372221476,0.0002435259461256484,-0.004959599545502138
22.900000000000002,45.197408074809374,-0.0002524340084245724,-0.005044845211186841
23.0,45.19738283140853,-0.0007569185295432457,-0.005116137421144747
23.1,45.197307139555576,-0.0012685322716577277,-0.005064410651141363
23.200000000000003,45.19718028632841,-0.0017749733367718712,-0.00496620076660241
23.3,45.19700278899474,-0.0022715934134321016,-0.004878315642371186
23.400000000000002,45.19677562965339,-0.002759424977669227,-0.004743693249419295
23.5,45.19649968715562,-0.0032337943026111465,-0.004615166230841644
23.6,45.196176307725366,-0.0036953109256953175,-0.004495823050594492
23.700000000000003,45.19580677663279,-0.004144893230754773,-0.004483500052255025
23.8,45.195392287309716,-0.004593243235980266,-0.004469546164908801
23.900000000000002,45.19493296298612,-0.005040197852471152,-0.004459468391914126
24.0,45.194428943200876,-0.0054861446916625554,-0.004485273483686026
24.1,45.19388032873171,-0.005934672040031164,-0.004514473146538857
24.200000000000003,45.1932868615277,-0.0063861193546850565,-0.004552963447922522
24.3,45.19264824959224,-0.006841415699477299,-0.004593138608824311
24.400000000000002,45.19196410802229,-0.007300729560359737,-0.004614177211815778
24.5,45.19123403506625,-0.007762147281541305,-0.00458243049285705
24.6,45.190457820338096,-0.008220390330827016,-0.004526600242147511
24.700000000000003,45.189635781305014,-0.008673050355041774,-0.004465618142319933
24.8,45.18876847626951,-0.009119612169273757,-0.004396849763302735
24.900000000000002,45.18785651505258,-0.009559297145604037,-0.004360445646356427
25.0,45.18690058533802,-0.00999534171023967,-0.004357487296929385
25.1,45.185901051167,-0.010431090439932615,-0.00434968290312484
25.200000000000003,45.184857942123,-0.010866058730245105,-0.004336636701950727
25.3,45.18377133624998,-0.011299722400440169,-0.004290714797745019
25.400000000000002,45.18264136400994,-0.011728793880214677,-0.0042418301400012765
25.5,45.18146848462192,-0.012152976894214795,-0.004207361040388962
25.6,45.1802531869325,-0.012573712998253697,-0.0041505815734599605
25.700000000000003,45.17899581563267,-0.0129887711555997,-0.004090825709717646
25.8,45.17769693851711,-0.013397853726571455,-0.0040055001210956755
25.900000000000002,45.17635715314445,-0.013798403738681029,-0.003889711961367576
26.0,45.17497731277059,-0.014187374934817778,-0.003813327878245986
26.1,45.1735585752771,-0.014568707722642382,-0.003726460031799813
26.200000000000003,45.17210170450484,-0.014941353725822368,-0.003614869622920327
26.3,45.17060756913226,-0.015302840688114393,-0.00350944461208024
26.400000000000002,45.169077285063445,-0.015653785149322422,-0.003405965595107283
26.5,45.16751190654851,-0.015994381708833143,-0.0031964695408835567
26.6,45.16591246837763,-0.016314028662921504,-0.0029450583813374963
26.700000000000003,45.16428106551133,-0.016608534501055257,-0.002732086176606789
26.8,45.16262021206123,-0.01688174311871593,-0.002509272022855994
26.900000000000002,45.16093203774936,-0.017132670321001534,-0.0022790989723682972
27.0,45.15921877071726,-0.01736058021823836,-0.0019943681194444017
27.1,45.15748271269543,-0.0175600170301828,-0.0017672203097473483
27.200000000000003,45.15572671099242,-0.01773673906115754,-0.0015901784536713126
27.3,45.1539530370863,-0.017895756906524667,-0.0013563970300627616
27.400000000000002,45.152163461395645,-0.018031396609530945,-0.0010959477015214684
27.5,45.150360321734695,-0.01814099137968309,-0.0008788990499447466
27.6,45.14854622259673,-0.018228881284677565,-0.0006662841713060255
27.700000000000003,45.14672333446826,-0.01829550970180817,-0.0004909939312681377
27.8,45.14489378349808,-0.01834460909493498,-0.00030372932191182183
27.900000000000002,45.143059322588584,-0.018374982027126164,-0.0001381745821840726
28.0,45.14122182438587,-0.01838879948534457,-1.2373398947697169e-05
28.1,45.13938294443734,-0.01839003682523934,9.226633389498036e-05
28.200000000000003,45.13754394075482,-0.018380810191849842,0.0002210818348418997
28.3,45.13570585973563,-0.018358702008365653,0.00032658724817668605
28.400000000000002,45.133869989534794,-0.018326043283547984,0.00042491251597933033
28.5,45.13203738520644,-0.018283552031950052,0.0005791450101960958
28.6,45.13020903000324,-0.01822563753093044,0.00065442811093312
28.700000000000003,45.12838646625015,-0.01816019471983713,0.0006977539294185524
28.8,45.12657044677817,-0.018090419326895275,0.0006706468271024365
28.900000000000002,45.12476140484548,-0.01802335464418503,0.0007316984384590237
29.0,45.12295906938106,-0.01795018480033913,0.0008349840303484172
29.1,45.12116405090102,-0.017866686397304286,0.0010002078088584688
29.200000000000003,45.11937738226129,-0.017766665616418438,0.0012065956736408057
29.3,45.11760071569965,-0.01764600604905436,0.001394013051194355
29.400000000000002,45.115836115094744,-0.017506604743934923,0.0015759915674745998
29.5,45.11408545462035,-0.017349005587187466,0.0017775286160042715
29.6,45.112350554061635,-0.017171252725587036,0.002004249054119208
29.700000000000003,45.11063342878907,-0.016970827820175113,0.0021574954059321487
29.8,45.108936346007056,-0.016755078279581902,0.002335200910460919
29.900000000000002,45.1072608381791,-0.016521558188535807,0.0025435106103069275
30.0,45.10560868236025,-0.01626720712750512,0.00284074990132096
30.1,45.1039819616475,-0.01598313213737302,0.0031544779391300373
30.200000000000003,45.10238364843376,-0.01566768434346001,0.003488108287444535
30.3,45.100816879999414,-0.015318873514715566,0.0037938845042849775
30.400000000000002,45.09928499264794,-0.014939485064287062,0.00409903367890957
30.5,45.09779104414151,-0.014529581696396114,0.0043764532095886995
30.6,45.09633808597187,-0.014091936375437238,0.004625041220598633
30.700000000000003,45.09492889233433,-0.013629432253377368,0.004855749276442572
30.8,45.09356594910899,-0.013143857325733121,0.005082826485890924
30.900000000000002,45.092251563376415,-0.012635574677144022,0.005309270637023468
31.0,45.090988005908706,-0.012104647613441686,0.005547295110057857
31.1,45.089777541147356,-0.011549918102435892,0.005813784333974768
31.200000000000003,45.08862254933712,-0.010968539669038407,0.006038710351431293
31.3,45.08752569537021,-0.010364668633895291,0.006223467834041653
31.400000000000002,45.08648922850682,-0.009742321850491117,0.006435063078078713
31.5,45.08551499632177,-0.009098815542683259,0.006661786318755111
31.6,45.084605114767506,-0.008432636910807739,0.006999197921229599
31.700000000000003,45.083761851076424,-0.007732717118684769,0.007277584179164429
31.8,45.08298857936455,-0.007004958700768341,0.007537475893272074
31.900000000000002,45.082288083494475,-0.006251211111441123,0.007810190347289907
32.0,45.081662962383334,-0.005470192076712149,0.008146496697051215
32.1,45.08111594317566,-0.004655542407007016,0.008442417014536881
32.2,45.08065038893496,-0.003811300705553316,0.008837451055068559
32.300000000000004,45.080269258864405,-0.0029275556000464475,0.009194683153201657
32.4,45.0799765033044,-0.002008087284726334,0.009426877685439905
32.5,45.07977569457593,-0.0010653995161823302,0.009639065748082841
32.6,45.07966915462431,-0.00010149294137403245,0.009863787639705222
32.7,45.07965900533017,0.0008848858225965036,0.010026540626742634
32.800000000000004,45.079747493912436,0.001887539885270781,0.010177466079328007
32.9,45.07993624790096,0.002905286493203524,0.01036036112800784
33.0,45.08022677655028,0.003941322606004323,0.010442346792207418
33.1,45.08062090881088,0.0049855572852250795,0.010471721421987932
33.2,45.081119464539405,0.006032729427423888,0.010522237574981132
33.300000000000004,45.081722737482146,0.007084953184922016,0.010469516309556545
33.4,45.08243123280064,0.00813190481587761,0.010312487735386164
33.5,45.083244423282224,0.009163153589416242,0.010105048888843499
33.6,45.08416073864117,0.010173658478300606,0.009904160583404096
33.7,45.085178104488996,0.01116407453664103,0.009675486675784896
33.800000000000004,45.08629451194266,0.012131623204219533,0.00939920739211978
33.9,45.08750767426309,0.013071543943431458,0.009018758986509827
34.0,45.088814828657426,0.013973419842082453,0.0086126574862563
34.1,45.090212170641635,0.014834685590708096,0.008313746427364679
34.2,45.09169563920071,0.015666060233444575,0.007991071764014519
34.300000000000004,45.093262245224054,0.01646516740984604,0.007626323314828872
34.4,45.09490876196504,0.017227799741328882,0.007211485182208982
34.5,45.09663154193917,0.01794894825954979,0.006743259676112836
34.6,45.09842643676512,0.018623274227161084,0.006196960164402911
34.7,45.10028876418784,0.019242970243601384,0.005733138735536854
34.800000000000004,45.1022130612122,0.019816284117155077,0.005331129614470379
34.9,45.10419468962392,0.020349397078602085,0.005035327477404155
35.0,45.10622962933178,0.020852929826342508,0.004762734493894522
35.1,45.108314922314406,0.021329203275731966,0.004481908553199832
35.2,45.11044784264198,0.021777394131051956,0.004177171592618909
35.300000000000004,45.11262558205509,0.022195111290313853,0.0038545793671992024
35.4,45.11484509318412,0.02258056922703375,0.0035802675535816764
35.5,45.11710315010682,0.022938595982391924,0.0033578591694506535
35.6,45.11939700970506,0.023274381899336994,0.003130084446760797
35.7,45.121724447895,0.023587390344013078,0.002961920341728485
35.800000000000004,45.1240831869294,0.02388358237818593,0.002815807054720857
35.9,45.12647154516721,0.024165163083658,0.002698185771982071
36.0,45.12888806147558,0.02443498166085621,0.002556550817450416
36.1,45.131331559641666,0.024690636742601257,0.0024834415487649457
36.2,45.13380062331593,0.024938980897477755,0.002417733419090608
36.300000000000004,45.136294521405674,0.02518075423938682,0.002225026879276783
36.4,45.13881259682962,0.025403256927314485,0.0020098909232695783
36.5,45.141352922522344,0.025604246019641445,0.001875215707640891
36.6,45.14391334712431,0.025791767590405537,0.0017013198637212785
36.7,45.14649252388335,0.025961899576777667,0.0015496094406781736
36.800000000000004,45.149088713841024,0.026116860520845487,0.0014158547442103791
36.9,45.15170039989311,0.026258445995266517,0.0012800697134420112
37.0,45.15432624449264,0.02638645296661072,0.0011643285655576182
37.1,45.1569648897893,0.026502885823166483,0.0009777079915645887
37.2,45.15961517837162,0.026600656622322943,0.0006860001863420978
37.300000000000004,45.16227524403385,0.026669256640957154,0.0003179879714874767
37.4,45.164942169697945,0.0267010554381059,-6.439151497783421e-05
37.5,45.16761227524175,0.026694616286608117,-0.0004479585142182502
37.6,45.170281736870415,0.02664982043518629,-0.000648935715020634
37.7,45.172946718913934,0.026584926863684227,-0.0007738273819441159
37.800000000000004,45.175605211600306,0.026507544125489814,-0.000858363619751862
37.9,45.17825596601285,0.026421707763514633,-0.0009771728010065373
38.0,45.1808981367892,0.026323990483413977,-0.001118115740014037
38.1,45.18353053583755,0.026212178909412572,-0.0011804278650193011
38.2,45.18615175372849,0.02609413612291064,-0.0012385972567719066
38.300000000000004,45.18876116734078,0.025970276397233448,-0.00135653576137309
38.400000000000006,45.1913581949805,0.025834622821096137,-0.00149589159724175
38.5,45.19394165726261,0.02568503366137197,-0.001648366499458741
38.6,45.19651016062875,0.025520197011426094,-0.001783141638600989
38.7,45.19906218032989,0.025341882847565993,-0.0019502685299813208
38.800000000000004,45.201596368614645,0.025146855994567858,-0.0020793878040131827
38.900000000000006,45.2041110542141,0.024938917214166537,-0.0022121839123510423
39.0,45.20660494593552,0.024717698822931445,-0.002336352356065477
39.1,45.209076715817815,0.024484063587324894,-0.002412887707194979
39.2,45.211525122176546,0.024242774816605393,-0.0024987999083344098
39.300000000000004,45.213949399658205,0.023992894825771948,-0.002584743954650371
39.400000000000006,45.21634868914078,0.023734420430306907,-0.002643233818592922
39.5,45.21872213118381,0.02347009704844763,-0.002722598813214429
39.6,45.22106914088866,0.023197837167126183,-0.0028040528849264685
39.7,45.22338892460537,0.022917431878633533,-0.0028650886315018395
39.800000000000004,45.225680667793235,0.022630923015483344,-0.0029102757149413534
39.900000000000006,45.22794376009478,0.022339895443989205,-0.0029703825969815433
40.0,45.23017774963918,0.022042857184291068,-0.0030210012611864554
40.1,45.23238203535761,0.021740757058172418,-0.0029731462601857643
40.2,45.234556111063426,0.021443442432153837,-0.0028489922301037514
40.300000000000004,45.23670045530665,0.021158543209143458,-0.002763072067714501
40.400000000000006,45.23881630962756,0.020882236002372004,-0.002736033929986222
40.5,45.2409045332278,0.020608632609373397,-0.0026462226552921198
40.6,45.242965396488735,0.02034401034384418,-0.002563802796605069
40.7,45.244999797523114,0.02008763006418367,-0.0024897532500535438
40.800000000000004,45.24700856052954,0.019838654739178313,-0.0024191320884405653
40.900000000000006,45.248992426003454,0.019596741530334253,-0.0023009994882064724
41.0,45.25095210015649,0.01936664158151362,-0.0022419833172122555
41.1,45.25288876431464,0.01914244324979239,-0.0022170718146941773
41.2,45.25480300863962,0.01892073606832297,-0.0022120713025476323
41.300000000000004,45.25669508224645,0.018699528938068203,-0.002235762788438334
41.400000000000006,45.25856503514026,0.018475952659224366,-0.00227572896961777
41.5,45.26041263040618,0.018248379762262602,-0.0023102772944072845
41.6,45.2622374683824,0.01801735203282187,-0.002421153588048446
41.7,45.26403920358569,0.017775236674017023,-0.002575041090807013
41.800000000000004,45.26581672725309,0.017517732564936318,-0.0028044768969481427
41.900000000000006,45.26756850050958,0.0172372848752415,-0.0031007220903797967
42.0,45.26929222899711,0.016927212666203537,-0.003400308968568668
42.1,45.270984950263724,0.016587181769346666,-0.003665593589992789
42.2,45.272643668440665,0.01622062241034738,-0.003897533316665737
42.300000000000004,45.2742657306817,0.015830869078680802,-0.004169917077926279
42.400000000000006,45.27584881758956,0.015413877370888169,-0.004472270232847291
42.5,45.277390205326654,0.014966650347603465,-0.0046575603907012195
42.6,45.27888687036141,0.014500894308533336,-0.004772427646527364
42.7,45.280336959792265,0.014023651543880593,-0.0049092273646976145
42.800000000000004,45.281739324946656,0.013532728807410825,-0.005061060556341508
42.900000000000006,45.2830925978274,0.013026622751776667,-0.0051712971550781596
43.0,45.28439526010257,0.01250949303626888,-0.005237626625529413
43.1,45.2856462094062,0.011985730373715931,-0.005282954992853033
43.2,45.28684478244357,0.01145743487443062,-0.005305661856586178
43.300000000000004,45.287990525931015,0.010926868688771995,-0.005403074859697986
43.400000000000006,45.289083212799895,0.010386561202802189,-0.005514529060113797
43.5,45.290121868920174,0.00983510829679084,-0.005567393470616984
43.6,45.29110537974985,0.009278368949729134,-0.005606752842344579
43.7,45.292033216644825,0.008717693665494668,-0.00554256903151056
43.800000000000004,45.29290498601137,0.008163436762343605,-0.005453566520604069
43.900000000000006,45.29372132968761,0.00761808011028319,-0.005372530084651703
44.0,45.294483137698634,0.00708082710181805,-0.005320768260353153
44.1,45.29519122040882,0.006548750275782727,-0.005233481289602273
44.2,45.295846095436396,0.0060254021468224925,-0.005224861922829338
44.300000000000004,45.29644863565108,0.005502915954539551,-0.005305796353487528
44.400000000000006,45.296998927246534,0.004972336319190791,-0.00530990329776458
44.5,45.29749616087845,0.004441345989414363,-0.00533779821846041
44.6,45.297940295477396,0.003907566167568315,-0.00529217156324793
44.7,45.29833105209415,0.003378349011243514,-0.005219527636517108
44.800000000000004,45.29866888699527,0.002856396247591796,-0.005147767062139422
44.900000000000006,45.29895452662004,0.0023416195413778463,-0.004988168347949059
45.0,45.29918868857417,0.0018428027065829687,-0.004804910586513087
45.1,45.29937296884483,0.0013623116479316532,-0.00459637591694433
45.2,45.299509200009624,0.0009026740562372136,-0.004437238132401584
45.300000000000004,45.29959946741525,0.0004589502429970488,-0.004318589058052503
45.400000000000006,45.29964536243955,2.7091337191792393e-05,-0.004224439778069118
45.5,45.299648071573266,-0.00039535264061509533,-0.004123864905043728
45.6,45.29960853630921,-0.000807739131119474,-0.0039936233922171415
45.7,45.29952776239609,-0.0012071014703411939,-0.0039209020314494225
45.800000000000004,45.29940705224906,-0.0015991916734861417,-0.0038577549271320817
45.900000000000006,45.29924713308171,-0.0019849671661993553,-0.003787029804796121
46.0,45.29904863636509,-0.002363670146678946,-0.003641807827172773
46.1,45.29881226935042,-0.0027278509293962284,-0.0034488768498893295
46.2,45.29853948425748,-0.003072738614385166,-0.003236028395766858
46.300000000000004,45.298232210396044,-0.0033963414539618566,-0.003041103110912216
46.400000000000006,45.297892576250646,-0.0037004517650530825,-0.002879752838571319
46.5,45.297522531074144,-0.003988427048910198,-0.002739381242220242
46.6,45.297123688369254,-0.004262365173132226,-0.0026318812155992867
46.7,45.29669745185194,-0.0045255532946921586,-0.0026232455086416346
46.800000000000004,45.29624489652247,-0.004787877845556326,-0.0026105584165135734
46.900000000000006,45.295766108737915,-0.005048933687207687,-0.0026177171781247284
47.0,45.295261215369194,-0.005310705405020145,-0.0026826449363888706
47.1,45.29473014482869,-0.005578969898659036,-0.0028324939105917857
47.2,45.29417224783882,-0.005862219289718218,-0.0029464589583138973
47.300000000000004,45.29358602590985,-0.006156865185549612,-0.0030636781072329675
47.400000000000006,45.292970339391296,-0.006463232996272913,-0.0031123379161998622
47.5,45.29232401609167,-0.006774466787892882,-0.003136848224708264
47.6,45.29164656941288,-0.007088151610363713,-0.0031921618909372808
47.7,45.29093775425184,-0.007407367799457445,-0.003191491338244872
47.800000000000004,45.2901970174719,-0.007726516933281937,-0.0032129543687747157
47.900000000000006,45.28942436577857,-0.008047812370159413,-0.003230262618261873
48.0,45.28861958454156,-0.008370838631985582,-0.003191431719706771
48.1,45.287782500678354,-0.008689981803956264,-0.003188173448836717
48.2,45.28691350249796,-0.00900879914883994,-0.003136143238906358
48.300000000000004,45.28601262258308,-0.00932241347273058,-0.0030949457826157183
48.400000000000006,45.2850803812358,-0.009631908050992156,-0.002934828418185494
48.5,45.284117190430706,-0.00992539089281069,-0.002772595002999522
48.6,45.283124651341424,-0.010202650393110645,-0.0026352043712994976
48.7,45.28210438630211,-0.010466170830240599,-0.0024795446270600356
48.800000000000004,45.28105776921909,-0.010714125292946606,-0.0023185835225721114
48.900000000000006,45.27998635668979,-0.01094598364520382,-0.002063682055324224
49.0,45.27889175832527,-0.011152351850736231,-0.0018236391827136916
49.1,45.2777765231402,-0.011334715769007603,-0.001594613529427158
49.2,45.2766430515633,-0.011494177121950321,-0.0014387838011066492
49.300000000000004,45.275493633851106,-0.011638055502060988,-0.0013284312440025264
49.400000000000006,45.2743298283009,-0.011770898626461242,-0.001289395138535415
49.5,45.27315273843825,-0.011899838140314777,-0.0011935241280874695
49.6,45.27196275462422,-0.012019190553123525,-0.001012693343044674
49.7,45.27076083556891,-0.012120459887427994,-0.0007463678155034366
49.800000000000004,45.26954878958016,-0.012195096668978339,-0.0005200276777881613
49.900000000000006,45.26832927991327,-0.012247099436757156,-0.0002466737128956552
50.0,45.26710456996959,-0.01227176680804672,-1.206710772042024e-05
50.1,45.26587739328879,-0.012272973518818762,0.00024693645676242265
50.2,45.26465009593691,-0.01224827987314252,0.00040992282396390525
50.300000000000004,45.26342526794959,-0.012207287590746128,0.0005235552437289204
50.400000000000006,45.26220453919051,-0.012154932066373235,0.000550497881466567
50.5,45.26098904598388,-0.012099882278226582,0.0005094177915276641
50.6,45.259779057756056,-0.012048940499073815,0.00040498952561893295
50.7,45.25857416370615,-0.01200844154651192,0.00019060677501753643
50.800000000000004,45.2573733195515,-0.011989380869010167,-5.370733053792272e-06
50.900000000000006,45.2561743814646,-0.011989917942315546,-0.0001515104090692425
51.0,45.25497538967036,-0.01200506898322247,-0.00018673840530900125
51.1,45.25377488277204,-0.01202374282375337,-0.0002497162288708047
51.2,45.25257250848966,-0.01204871444664045,-0.00033901915607689254
51.300000000000004,45.251367637045,-0.01208261636224814,-0.00045446785172998224
51.400000000000006,45.25015937540878,-0.01212806314742114,-0.0005248187456003507
51.5,45.24894656909404,-0.012180545021981171,-0.0005469745955519632
51.6,45.24772851459184,-0.012235242481536368,-0.0006019351601810071
51.7,45.24650499034369,-0.01229543599755447,-0.0006517392936743102
51.800000000000004,45.24527544674393,-0.012360609926921902,-0.0007767170246647242
51.900000000000006,45.244039385751236,-0.012438281629388375,-0.0009198261646980491
52.0,45.242795557588295,-0.012530264245858175,-0.0009946202998614218
52.1,45.24154253116371,-0.012629726275844319,-0.0011050281286771445
52.2,45.24027955853613,-0.012740229088712035,-0.0012019733929659329
52.300000000000004,45.23900553562726,-0.01286042642800863,-0.0012405116773273222
52.400000000000006,45.23771949298445,-0.012984477595741364,-0.0012374612068361867
52.5,45.23642104522488,-0.013108223716424975,-0.0012220520242184167
52.6,45.23511022285324,-0.013230428918846819,-0.0011537461692370634
52.7,45.233787179961354,-0.013345803535770527,-0.0009777786794612706
52.800000000000004,45.232452599607775,-0.013443581403716655,-0.000810841813751988
52.900000000000006,45.2311082414674,-0.013524665585091855,-0.0006092398433609445
53.0,45.229755774908895,-0.013585589569427946,-0.0003716287597526086
53.1,45.22839721595195,-0.013622752445403207,-8.805231374347258e-05
53.2,45.22703494070741,-0.013631557676777555,0.00014872540819731644
53.300000000000004,45.225671784939735,-0.013616685135957823,0.0003795782780036756
53.400000000000006,45.22431011642614,-0.013578727308157455,0.0006012218504784778
53.5,45.222952243695325,-0.01351860512310961,0.0007438672424012781
53.6,45.221600383183016,-0.013444218398869482,0.0008693874640486197
53.7,45.22025596134313,-0.013357279652464618,0.0009761672380280972
53.800000000000004,45.21892023337788,-0.013259662928661807,0.0011060939329118388
53.900000000000006,45.21759426708501,-0.013149053535370622,0.0012306931907913466
54.0,45.21627936173147,-0.013025984216291494,0.0012940080478382801
54.1,45.21497676330985,-0.012896583411507664,0.0013610188461876131
54.2,45.2136871049687,-0.012760481526888901,0.0014111928425150433
54.300000000000004,45.21241105681601,-0.012619362242637395,0.0014944602994457347
54.400000000000006,45.21114912059174,-0.01246991621269282,0.0015651718165961477
54.5,45.20990212897048,-0.012313399031033213,0.0015814578268663042
54.6,45.20867078906737,-0.01215525324834658,0.0015794380779236093
54.7,45.20745526374254,-0.011997309440554218,0.0015681480748195745
54.800000000000004,45.20625553279848,-0.011840494633072258,0.0015308963375130482
54.900000000000006,45.205071483335175,-0.01168740499932095,0.0014687455328690378
55.0,45.20390274283524,-0.011540530446034055,0.0013345609269340023
55.1,45.20274868979064,-0.011407074353340653,0.0011851986444479973
55.2,45.201607982355306,-0.011288554488895852,0.0010823488984300549
55.300000000000004,45.200479126906416,-0.011180319599052845,0.0010112017262228624
55.400000000000006,45.19936109494651,-0.011079199426430557,0.0009968550295597807
55.5,45.19825317500386,-0.010979513923474585,0.001016389018583186
55.6,45.19715522361152,-0.010877875021616265,0.000964470171301392
55.7,45.19606743610936,-0.010781428004486124,0.0009808729140225875
55.800000000000004,45.19498929330891,-0.010683340713083864,0.0011011456068827172
55.900000000000006,45.1939209592376,-0.01057322615239559,0.0012906532885948283
56.0,45.19286363662236,-0.010444160823536115,0.0014662991200078586
56.1,45.191819220540005,-0.010297530911535327,0.001615524030127742
56.2,45.19078946744885,-0.01013597850852255,0.0018269796213122875
56.300000000000004,45.189775869598,-0.00995328054639132,0.0021022139248414984
56.400000000000006,45.18878054154336,-0.009743059153907167,0.0023295405693162592
56.5,45.187806235627974,-0.009510105096975554,0.0025392949533570284
56.6,45.18685522511827,-0.009256175601639847,0.0027376949242516107
56.7,45.18592960755811,-0.008982406109214683,0.0028387359189617606
56.800000000000004,45.185031366947186,-0.008698532517318502,0.002992566271639358
56.900000000000006,45.18416151369546,-0.008399275890154562,0.003149811183298957
57.0,45.183321586106445,-0.008084294771824685,0.0033601829042493496
57.1,45.182513156629255,-0.007748276481399745,0.003591895656843946
57.2,45.18173832898112,-0.007389086915715345,0.0038055538431961355
57.300000000000004,45.180999420289545,-0.007008531531395726,0.0040033701200874565
57.400000000000006,45.180298567136404,-0.006608194519386975,0.004095739043784026
57.5,45.17963774768447,-0.0061986206150085954,0.004158429880057924
57.6,45.17901788562297,-0.005782777627002797,0.004253177132186514
57.7,45.17843960786027,-0.00535745991378414,0.004306666091929353
57.800000000000004,45.17790386186889,-0.004926793304591198,0.0043579761020471385
57.900000000000006,45.17741118253843,-0.004490995694386478,0.004406344183529621
58.0,45.17696208296899,-0.004050361276033541,0.004383941981266429
58.1,45.17655704684139,-0.003611967077906892,0.004233883407696884
58.2,45.176195850133595,-0.0031885787371371977,0.004087829530386382
58.300000000000004,45.17587699225989,-0.0027797957840985537,0.0040190234504744364
58.400000000000006,45.175599012681474,-0.0023778934390511043,0.0039216412850037845
58.5,45.17536122333757,-0.001985729310550748,0.003813970354573778
58.6,45.17516265040651,-0.001604332275093365,0.0036611980936026157
58.7,45.175002217179006,-0.0012382124657330982,0.0034373691686843976
58.800000000000004,45.17487839593243,-0.0008944755488646535,0.003202059848881326
58.900000000000006,45.17478894837755,-0.0005742695639765164,0.0029907858565388626
59.0,45.174731521421144,-0.00027519097832264715,0.0027044535445461663
59.1,45.17470400232332,-4.74562386802668e-06,0.0024097792325704706
59.2,45.174703527760926,0.0002362322993890238,0.0021644241987632327
59.300000000000004,45.17472715099087,0.00045267471926535016,0.001888263102045401
59.400000000000006,45.174772418462794,0.0006415010294698929,0.0016560749152528856
59.5,45.17483656856574,0.0008071085209951721,0.00147872150641417
59.6,45.17491727941784,0.0009549806716365912,0.0013133390457896344
59.7,45.175012777485,0.0010863145762155565,0.0011135295271667274
59.800000000000004,45.17512140894262,0.0011976675289322308,0.0009633822314688682
59.900000000000006,45.17524117569552,0.001294005752079119,0.0008276810045332419
60.0,45.17537057627072,0.0013767738525324385,0.0007227994979523423
60.1,45.17550825365598,0.0014490538023276738,0.0006162047507617031
60.2,45.175653159036216,0.001510674277403845,0.00046768178535358556
60.300000000000004,45.17580422646395,0.0015574424559392042,0.00030892075749342586
60.400000000000006,45.17595997070955,0.0015883345316885472,0.00016520221128309864
60.5,45.17611880416271,0.0016048547528168561,2.5671140719321793e-05
60.6,45.176279289637996,0.0016074218668887883,-0.00012153599851914052
60.7,45.17644003182468,0.0015952682670368741,-0.0002542282379753567
60.800000000000004,45.17659955865139,0.001569845443239338,-0.0003697009156873806
60.900000000000006,45.176756543195715,0.0015328753516705995,-0.0005416130035057871
61.0,45.17690983073088,0.0014787140513200239,-0.0006258379552702223
61.1,45.17705770213601,0.0014161302557930007,-0.000679285050713246
61.2,45.177199315161594,0.0013482017507216752,-0.0007234190888413496
61.300000000000004,45.177334135336665,0.0012758598418375392,-0.0007502391892769591
61.400000000000006,45.177461721320846,0.0012008359229098422,-0.0007534960433571634
61.5,45.17758180491314,0.0011254863185741302,-0.0007875769844756325
61.6,45.17769435354499,0.0010467286201265658,-0.0007646559186156156
61.7,45.17779902640701,0.0009702630282650031,-0.0006196944063282605
61.800000000000004,45.17789605270983,0.0009082935876321762,-0.0004550635206388983
61.900000000000006,45.1779868820686,0.0008627872355682857,-0.00033596285039216574
62.0,45.17807316079215,0.0008291909505290711,-0.00019797563042243515
62.1,45.17815607988721,0.0008093933874868273,-7.230820812283379e-05
62.2,45.17823701922596,0.0008021625666745438,0.00012853580189012924
62.300000000000004,45.17831723548262,0.0008150161468635569,0.00038202198906349383
62.400000000000006,45.17839873709731,0.0008532183457699068,0.0006253936065839496
62.5,45.178484058931886,0.0009157577064282982,0.0008154301742353845
62.6,45.17857563470253,0.0009973007238518379,0.0010448413460729623
62.7,45.17867536477492,0.0011017848584591356,0.0012827306544819748
62.800000000000004,45.17878554326076,0.0012300579239073349,0.0014855790173708297
62.900000000000006,45.178908549053155,0.00137861582564442,0.0016770133169384809
63.0,45.17904641063572,0.0015463171573382585,0.0019009165749754337
63.1,45.17920104235145,0.0017364088148358046,0.0021718541322515864
63.2,45.179374683232936,0.0019535942280609663,0.002480598345860644
63.300000000000004,45.17957004265574,0.002201654062647034,0.002717900038855621
63.400000000000006,45.179790208062,0.0024734440665326,0.002915063340619791
63.5,45.18003755246866,0.0027649504005945627,0.0031006853418264263
63.6,45.180314047508716,0.0030750189347772097,0.003168715982825113
63.7,45.1806215494022,0.0033918905330597255,0.0032221427810730768
63.800000000000004,45.180960738455504,0.003714104811167038,0.003239725241268936
63.900000000000006,45.18133214893662,0.004038077335293936,0.0032500809268781418
64.0,45.181735956670146,0.004363085427981732,0.00314780450178266
64.10000000000001,45.18217226521295,0.0046778658781600245,0.0030255686156763725
64.2,45.18264005180076,0.0049804227397276446,0.0029344444191480045
64.3,45.183138094074735,0.005273867181642428,0.002865455355802415
64.4,45.1836654807929,0.005560412717222694,0.0028405254457501052
64.5,45.18422152206462,0.005844465261797689,0.002769578153910058
64.60000000000001,45.1848059685908,0.006121423077188718,0.00271834820051722
64.7,45.18541811089852,0.006393257897240425,0.00268276010504658
64.8,45.186057436688245,0.006661533907745067,0.0027489245429176707
64.9,45.18672359007902,0.006936426362036858,0.0028446115383968
65.0,45.18741723271522,0.007220887515876522,0.002954335560582258
65.10000000000001,45.18813932146681,0.007516321071934773,0.0030613711804725143
65.2,45.188890953574,0.007822458189982007,0.003158798142853028
65.3,45.189673199393,0.008138338004267292,0.0032530108664054896
65.4,45.19048703319343,0.008463639090907868,0.0033527972125836805
65.5,45.19133339710252,0.008798918812166217,0.0035129637566396568
65.60000000000001,45.19221328898374,0.009150215187830213,0.0036179563668561525
65.7,45.193128310502516,0.009512010824515808,0.0037180034282053988
65.8,45.19407951158497,0.009883811167336326,0.0038506604443375703
65.9,45.1950678927017,0.010268877211770116,0.003945056896074803
66.0,45.19609478042288,0.010663382901377574,0.004022149268235972
66.10000000000001,45.19716111871302,0.011065597828201205,0.0041594359946274815
66.2,45.19826767849584,0.01148154142766393,0.004204005926930397
66.3,45.19941583263861,0.011901942020356946,0.004219877552804137
66.4,45.20060602684064,0.012323929775637395,0.004231175350197407
66.5,45.2018384198182,0.012747047310657112,0.0041710597188126305
66.60000000000001,45.20311312454927,0.01316415328253841,0.004120146405111281
66.7,45.20442953987752,0.013576167923049515,0.004056786297990464
66.8,45.20578715666983,0.013981846552848539,0.004018087935228226
66.9,45.207185341325115,0.014383655346371396,0.004018709454968082
67.0,45.208623706859754,0.014785526291868181,0.004027301788240206
67.10000000000001,45.210102259488934,0.015188256470692236,0.004050797665616072
67.2,45.21162108513601,0.01559333623725382,0.004086469167410522
67.3,45.213180418759734,0.01600198315399485,0.004199304301717259
67.4,45.214780617075135,0.01642191358416661,0.004384245134012906
67.5,45.21642280843355,0.016860338097567876,0.00456999700016946
67.60000000000001,45.2181088422433,0.01731733779758486,0.004740773887875776
67.7,45.21984057602307,0.017791415186372412,0.004945110803592157
67.8,45.2216197175417,0.0182859262667316,0.005124090750474021
67.9,45.22344831016837,0.018798335341779045,0.005304529741403687
68.0,45.225328143702555,0.019328788315919384,0.005517574514779711
68.10000000000001,45.227261022534144,0.019880545767397402,0.005704232030888703
68.2,45.229249077110886,0.02045096897048624,0.005881136489556738
68.3,45.231294174007935,0.02103908261944188,0.006116347016312979
68.4,45.23339808226988,0.02165071732107323,0.006368078660481232
68.5,45.23556315400199,0.022287525187121317,0.0066015494530461466
68.60000000000001,45.2377919065207,0.02294768013242599,0.006816169967203279
68.7,45.24008667453394,0.023629297129146278,0.007087439213347653
68.8,45.24244960424685,0.024338041050481003,0.00728243126557827
68.9,45.2448834083519,0.02506628417703889,0.00751122840702519
69.0,45.2473900367696,0.025817407017741368,0.007767509603855586
69.10000000000001,45.24997177747138,0.026594157978126993,0.008048673561815267
69.2,45.252631193269195,0.027399025334308474,0.008223940181160351
69.3,45.25537109580262,0.028221419352424462,0.008316743461429991
69.4,45.25819323773786,0.029053093698567532,0.00849439227268076
69.5,45.26109854710772,0.02990253292583556,0.008677155073941446
69.60000000000001,45.26408880040031,0.03077024843322978,0.008858568065654038
69.7,45.26716582524363,0.03165610523979513,0.008974787498266825
69.8,45.27033143576761,0.032553583989621764,0.009040058258237275
69.9,45.27358679416657,0.03345758981544557,0.009071709866872684
70.0,45.276932553148114,0.034364760802132785,0.009125838108726468
70.10000000000001,45.280369029228325,0.03527734461300551,0.009230605542707267
70.2,45.283896763689626,0.036200405167276184,0.009275240363152248
70.3,45.287516804206355,0.037127929203591356,0.009264432204795824
70.4,45.291229597126716,0.03805437242407102,0.009188510010796106
70.5,45.29503503436912,0.038973223425150576,0.009093746875194682
70.60000000000001,45.29893235671164,0.03988259811267012,0.008979204821643768
70.7,45.302920616522904,0.04078051859483445,0.0087812384040062
70.8,45.30699866838239,0.04165864243523502,0.008507955683888135
70.9,45.31116453262591,0.0425094380036239,0.008297952595987451
71.0,45.315415476426274,0.0433392332632226,0.008080283456786274
71.10000000000001,45.319749399752595,0.0441472616089013,0.007886815307173684
71.2,45.324164125913484,0.04493594313961862,0.007646196744271837
71.3,45.32865772022745,0.04570056281404576,0.0073266280467985945
71.4,45.333227776508856,0.04643322561872568,0.006990532240973965
71.5,45.337871099070725,0.04713227884282304,0.006656482206884641
71.60000000000001,45.342584326955006,0.04779792706351156,0.006360001988431078
71.7,45.34736411966136,0.04843392726235463,0.006072664250477837
71.8,45.352207512387594,0.04904119368740238,0.005784639937633499
71.9,45.35711163175633,0.04961965768116578,0.005497877458103297
72.0,45.36207359752445,0.05016944542697608,0.005182424507803848
72.10000000000001,45.367090542067146,0.05068768787775651,0.004882983528409074
72.2,45.372159310854926,0.05117598623059739,0.004692586881770353
72.3,45.377276909477985,0.0516452449187744,0.004559986854182241
72.4,45.38244143396986,0.05210124360419266,0.0044472691128395496
72.5,45.38765155833028,0.05254597051547659,0.004330847234971838
72.60000000000001,45.39290615538183,0.05297905523897381,0.004195243398687726
72.7,45.39820406090573,0.05339857957884256,0.004087164146047869
72.8,45.40354391886361,0.05380729599344732,0.004001191131483567
72.9,45.40892464846296,0.05420741510659571,0.0038694313306277795
73.0,45.41434538997361,0.05459435823965847,0.003748483229311608
73.10000000000001,45.419804825797584,0.05496920656258966,0.0035256749829911454
73.2,45.42530174645384,0.055321774060888756,0.0031674808513050263
73.3,45.43083392385993,0.05563852214601924,0.002774618517706786
73.4,45.43639777607453,0.05591598399778994,0.002340853578776733
73.5,45.44198937447431,0.0561500693556676,0.0018492458129266787
73.60000000000001,45.447604381409874,0.05633499393696029,0.0013805075888528953
73.7,45.45323788080357,0.05647304469584557,0.0009812234733463795
73.8,45.458885185273154,0.0565711670431802,0.0006367579733750917
73.9,45.464542301977474,0.056634842840517716,0.00034057394630868646
74.0,45.47020578626152,0.05666890023514858,-1.7699440669481528e-05
74.10000000000001,45.47587267628504,0.056667130291081634,-0.0003986592888720557
74.2,45.48153938931415,0.05662726436219443,-0.0007555557541730636
74.3,45.48720211575037,0.05655170878677713,-0.0011149928476432863
74.4,45.49285728662905,0.05644020950201279,-0.001426641983810773
74.5,45.49850130757925,0.05629754530363172,-0.0017189520414476805
74.60000000000001,45.504131062109614,0.05612565009948694,-0.002013219082119381
74.7,45.50974362711956,0.05592432819127501,-0.002269071408456312
74.8,45.51533605993869,0.055697421050429394,-0.0024711261333086572
74.9,45.52090580204373,0.05545030843709851,-0.002663774299359266
75.0,45.52645083288744,0.055183931007162595,-0.00287016960184471
75.10000000000001,45.531969225988156,0.0548969140469781,-0.0030839082164322105
75.2,45.537458917392854,0.054588523225334896,-0.0032613678669837546
75.3,45.54291776971539,0.05426238643863654,-0.0034015100680516316
75.4,45.54834400835925,0.05392223543183135,-0.003601473560577228
75.5,45.553736231902434,0.053562088075773645,-0.003772279645913754
75.60000000000001,45.55909244071001,0.05318486011118224,-0.003968116400449671
75.7,45.56441092672113,0.05278804847113729,-0.004250356239607864
75.8,45.569689731568246,0.05236301284717653,-0.0045079391944656865
75.9,45.574926032852964,0.051912218927729924,-0.004710707622198111
76.0,45.58011725474574,0.05144114816551014,-0.0048883122466020215
76.10000000000001,45.58526136956228,0.050952316940849895,-0.004983513352569419
76.2,45.59035660125637,0.05045396560559298,-0.005037105351669716
76.3,45.59540199781693,0.04995025507042604,-0.005135404141770098
76.4,45.60039702332397,0.049436714656248985,-0.005241261949835658
76.5,45.6053406947896,0.04891258846126545,-0.0053750436444442995
76.60000000000001,45.610231953635726,0.048375084096820974,-0.005491605268966131
76.7,45.615069462045405,0.04782592356992439,-0.005581654393200737
76.80000000000001,45.6198520544024,0.04726775813060427,-0.005631928703697984
76.9,45.624578830215455,0.046704565260234504,-0.0056289060753410705
77.0,45.629249286741484,0.04614167465270043,-0.005633563144444026
77.10000000000001,45.633863454206754,0.04557831833825598,-0.005608873107653997
77.2,45.638421286040575,0.04501743102749061,-0.005546067759463285
77.30000000000001,45.642923029143326,0.044462824251544235,-0.0054260579557187695
77.4,45.64736931156848,0.04392021845597239,-0.005404726054313887
77.5,45.65176133341408,0.04337974585054103,-0.0053663547467791145
77.60000000000001,45.656099307999135,0.042843110375863074,-0.0053609214966241206
77.7,45.66038361903672,0.04230701822620069,-0.005349644164185473
77.80000000000001,45.664614320859336,0.0417720538097821,-0.005359879984391413
77.9,45.66879152624032,0.04123606581134299,-0.005345891592408334
78.0,45.67291513282145,0.040701476652102185,-0.00528426067108432
78.10000000000001,45.67698528048666,0.04017305058499371,-0.005187836642738131
78.2,45.68100258554516,0.039654266920719924,-0.005094225213738544
78.30000000000001,45.684968012237235,0.03914484439934603,-0.0049643536294967415
78.4,45.68888249667717,0.03864840903639638,-0.004884616908773232
78.5,45.692747337580805,0.038159947345519085,-0.004865815488746471
78.60000000000001,45.69656333231536,0.0376733657966444,-0.004906078955636691
78.7,45.70033066889502,0.037182757901080755,-0.00494188229257494
78.80000000000001,45.704048944685134,0.03668856967182322,-0.00493812801764679
78.9,45.707717801652315,0.03619475687005857,-0.004955646778084387
79.0,45.71133727733932,0.03569919219225016,-0.004975259316694339
79.10000000000001,45.71490719655854,0.03520166626058068,-0.005038623088839409
79.2,45.7184273631846,0.03469780395169677,-0.005128926627697893
79.30000000000001,45.721897143579774,0.034184911288926936,-0.005160805610669257
79.4,45.725315634708664,0.03366883072786004,-0.005173359839766317
79.5,45.72868251778145,0.03315149474388344,-0.0051580548154227706
79.60000000000001,45.73199766725584,0.03263568926234112,-0.005150859820303945
79.7,45.735261236182076,0.03212060328031075,-0.005035104957145501
79.80000000000001,45.73847329651011,0.03161709278459616,-0.004976602331594996
79.9,45.74163500578857,0.031119432551436687,-0.004994501341056944
80.0,45.74474694904371,0.03061998241733102,-0.005045920873063568
80.10000000000001,45.74780894728544,0.03011539033002462,-0.005038577591721114
80.2,45.750820486318446,0.02961153257085254,-0.004997173417741777
80.30000000000001,45.75378163957553,0.029111815229078318,-0.004980686545646642
80.4,45.75669282109844,0.028613746574513682,-0.004980905410670594
80.5,45.75955419575589,0.02811565603344665,-0.0050375601917307606
80.60000000000001,45.762365761359234,0.027611900014273532,-0.005072528406993546
80.7,45.76512695136066,0.027104647173574206,-0.0051639716625689995
80.80000000000001,45.76783741607802,0.026588250007317262,-0.005266038352916753
80.9,45.770496241078746,0.026061646172025617,-0.005249260323126462
81.0,45.77310240569595,0.025536720139713,-0.005234920652242019
81.10000000000001,45.775656077709925,0.025013228074488754,-0.005233856706017024
81.2,45.77815740051737,0.02448984240388708,-0.005247473104341777
81.30000000000001,45.78060638475776,0.02396509509345286,-0.005299201093602902
81.4,45.783002894267106,0.0234351749840926,-0.005419450313462674
81.5,45.78534641176552,0.022893229952746362,-0.0054635354507392144
81.60000000000001,45.78763573476079,0.022346876407672394,-0.0054691261192601325
81.7,45.789870422401556,0.021799963795746412,-0.005477835411682194
81.80000000000001,45.79205041878113,0.021252180254578146,-0.005577368428057663
81.9,45.79417563680659,0.02069444341177241,-0.0057507396975914485
82.0,45.79624508114777,0.0201193694420133,-0.005864215607210517
82.10000000000001,45.79825701809197,0.019532947881292197,-0.0059083440923163545
82.2,45.8002103128801,0.018942113472060595,-0.005947984186821047
82.30000000000001,45.8021045242273,0.01834731505337844,-0.005968116892561922
82.4,45.803939255732644,0.017750503364122282,-0.005987624337388871
82.5,45.805714306069056,0.01715174093038343,-0.005921854522035698
82.60000000000001,45.80742948016209,0.01655955547817981,-0.005881176957622026
82.7,45.80908543570991,0.01597143778241764,-0.005771731120683681
82.80000000000001,45.81068257948815,0.015394264670349222,-0.005634183690283152
82.9,45.812222005955185,0.014830846301320939,-0.00545095364789279
83.0,45.813705090585316,0.01428575093653169,-0.005208839730104713
83.10000000000001,45.81513366567897,0.013764866963521175,-0.005007462170182147
83.2,45.81651015237532,0.013264120746502989,-0.004838483065882016
83.30000000000001,45.817836564449976,0.012780272439914746,-0.004600158272919011
83.4,45.81911459169397,0.01232025661262287,-0.004346404918972959
83.5,45.82034661735523,0.0118856161207256,-0.004096922097374924
83.60000000000001,45.8215351789673,0.011475923910988072,-0.003898795547417288
83.7,45.8226827713584,0.011086044356246365,-0.0037223630162457003
83.80000000000001,45.82379137579402,0.010713808054621764,-0.0035112896959216353
83.9,45.82486275659949,0.01036267908502962,-0.0032373879034016118
84.0,45.82589902450799,0.010038940294689477,-0.0029844450742511825
84.10000000000001,45.826902918537456,0.009740495787264334,-0.0027799705241869314
84.2,45.827876968116186,0.009462498734845656,-0.002578485055594488
84.30000000000001,45.82882321798967,0.009204650229286186,-0.002376364147508733
84.4,45.829743683012595,0.008967013814535326,-0.00217963313944891
84.5,45.83064038439405,0.008749050500590447,-0.0019922211018131818
84.60000000000001,45.83151528944411,0.008549828390409112,-0.0017912175926794427
84.7,45.83237027228315,0.008370706631141178,-0.0015677516632574325
84.80000000000001,45.83320734294627,0.008213931464815421,-0.0013062766424152632
84.9,45.83402873609275,0.008083303800573902,-0.0009408589585180503
85.0,45.8348370664728,0.007989217904722103,-0.0005461194349426719
85.10000000000001,45.83563598826328,0.00793460596122783,-8.740271255593274e-05
85.2,45.8364294488594,0.007925865689972238,0.0004195040903682927
85.30000000000001,45.8372220354284,0.007967816099009071,0.0009133351251486807
85.4,45.8380188170383,0.008059149611523934,0.001440766185099944
85.5,45.83882473199945,0.00820322623003392,0.0018861581607163649
85.60000000000001,45.83964505462245,0.008391842046105573,0.002349570863666694
85.7,45.84048423882707,0.008626799132472229,0.0027007596584973114
85.80000000000001,45.841346918740314,0.008896875098321983,0.002981810421108333
85.9,45.84223660625014,0.0091950561404328,0.003313112463661971
86.0,45.84315611186419,0.009526367386798977,0.0036746743017123515
86.10000000000001,45.844108748602864,0.009893834816970244,0.0039644872213730024
86.2,45.845098132084566,0.010290283539107522,0.004223528001332977
86.30000000000001,45.84612716043847,0.010712636339240855,0.004550786247899655
86.4,45.847198424072396,0.011167714964030795,0.004934675907204772
86.5,45.8483151955688,0.011661182554751244,0.005285176096474567
86.60000000000001,45.84948131382428,0.012189700164398746,0.005633928790939922
86.7,45.850700283840716,0.012753093043492706,0.005891126549669915
86.80000000000001,45.85197559314506,0.013342205698459748,0.006103953405659501
86.9,45.85330981371491,0.013952601039025663,0.006256037191499789
87.0,45.85470507381881,0.014578204758175606,0.0064049352779131565
87.10000000000001,45.856162894294634,0.015218698285966977,0.006508044583399756
87.2,45.85768476412323,0.015869502744306915,0.006650186671028924
87.30000000000001,45.85927171439766,0.016534521411409864,0.006765131737902187
87.4,45.8609251665388,0.017211034585200045,0.00678310977650511
87.5,45.86264626999732,0.017889345562850517,0.0067957240156225306
87.60000000000001,45.86443520455361,0.018568917964412828,0.00686345380756047
87.7,45.866292096350044,0.019255263345168836,0.006984408370782861
87.80000000000001,45.86821762268456,0.019953704182247182,0.007088958829617347
87.9,45.87021299310279,0.020662600065208876,0.007100843442355413
88.0,45.87227925310931,0.021372684409444377,0.007020391834417139
88.10000000000001,45.87441652155025,0.02207472359288615,0.0068914389842344055
88.2,45.87662399390954,0.022763867491309552,0.006786339494114548
88.30000000000001,45.87890038065867,0.023442501440721065,0.006667472108897139
88.4,45.88124463080275,0.02410924865161074,0.006530853869745324
88.5,45.88365555566791,0.024762334038585236,0.0064493013544055355
88.60000000000001,45.88613178907176,0.025407264174025845,0.006359422823557553
88.7,45.88867251548917,0.026043206456381564,0.006297643245107652
88.80000000000001,45.89127683613481,0.026672970780892383,0.006268630922950008
88.9,45.89394413321289,0.027299833873187348,0.006148783253130746
89.0,45.89667411660021,0.027914712198500388,0.006002014524871544
89.10000000000001,45.89946558782006,0.028514913650987593,0.005780777186077442
89.2,45.90231707918516,0.029092991369595304,0.005523323450453089
89.30000000000001,45.90522637832212,0.02964532371464066,0.005320662227819771
89.4,45.908190910693584,0.030177389937422607,0.005102554830620337
89.5,45.911208649687325,0.030687645420484612,0.004800733417819135
89.60000000000001,45.914277414229375,0.031167718762266566,0.004560571565786191
89.7,45.917394186105604,0.03162377591884516,0.004336932313167679
89.80000000000001,45.92055656369749,0.032057469150161964,0.004072461026996914
89.9,45.9237623106125,0.03246471525286163,0.0037568327277736537
90.0,45.92700878213779,0.03284039852563898,0.003449922764731714
90.10000000000001,45.930292821990356,0.03318539080211218,0.0031720890537083046
90.2,45.93361136107056,0.03350259970748299,0.00296114360016769
90.30000000000001,45.93696162104131,0.033798714067499784,0.002845207533191003
90.4,45.94034149244806,0.03408323482081887,0.0027379688144733324
90.5,45.94374981593015,0.034357031702266186,0.002635642012484893
90.60000000000001,45.94718551910037,0.0346205959035147,0.0025847490108031695
90.7,45.95064757869072,0.034879070804595,0.002525206918998761
90.80000000000001,45.95413548577118,0.0351315914964949,0.0023915733693446292
90.9,45.95764864492083,0.03537074883342935,0.002201253181084634
91.0,45.96118571980418,0.0355908741515378,0.0020532402579485545
91.10000000000001,45.964744807219326,0.03579619817733267,0.001923361165055119
91.2,45.96832442703706,0.03598853429383817,0.0018019169635632149
91.30000000000001,45.97192328046645,0.03616872599019451,0.0016686616219752347
91.4,45.97554015306547,0.03633559215239202,0.0014906508122106297
91.5,45.979173712280705,0.03648465723361308,0.0012728285778107083
91.60000000000001,45.982822178004064,0.03661194009139416,0.001111707599473135
91.7,45.986483372013204,0.036723110851341466,0.0010199914583017102
91.80000000000001,45.99015568309834,0.036825109997171646,0.0009114909315697214
91.9,45.99383819409805,0.03691625909032861,0.000731931899357996
92.0,45.99752982000709,0.03698945228026441,0.0005730765733215553
92.10000000000001,46.00122876523512,0.03704675993759657,0.0004393378167390466
92.2,46.00493344122887,0.03709069371927047,0.0003820068061201006
92.30000000000001,46.0086425106008,0.037128894399882484,0.0003047495031628135
92.4,46.01235540004079,0.037159369350198763,0.00020360756983876563
92.5,46.01607133697581,0.03717973010718264,9.894420308935991e-05
92.60000000000001,46.01978930998653,0.037189624527491576,6.171627569891498e-05
92.7,46.02350827243928,0.03719579615506147,4.23633758016953e-05
92.80000000000001,46.027227852054786,0.03720003249264164,-1.9512569100419983e-05
92.9,46.03094785530405,0.037198081235731595,-7.58254927417422e-05
93.0,46.03466766342762,0.03719049868645742,-7.535057366544386e-05
93.10000000000001,46.03838671329627,0.037182963629090876,-7.491677882145035e-05
93.2,46.042105009659174,0.03717547195120873,-5.580060485246365e-05
93.30000000000001,46.0458225568543,0.037169891890723485,-1.4288069937543869e-05
93.4,46.04953954604337,0.03716846308372973,1.6798109687688868e-05
93.5,46.05325639235174,0.0371701428946985,1.6802923089446985e-05
93.60000000000001,46.05697340664121,0.037171823187007444,-2.599065721337205e-05
93.7,46.060690588959915,0.03716922412128611,-4.829006840622739e-05
93.80000000000001,46.06440751137204,0.037164395114445484,-9.861806443356997e-05
93.9,46.06812395088349,0.03715453330800213,-0.00012648913001755299
94.0,46.07183940421429,0.03714188439500037,-0.00010645948206092695
94.10000000000001,46.07555359265379,0.03713123844679428,-0.00013098284085037072
94.2,46.079266716498466,0.03711814016270924,-0.0002186920163592212
94.30000000000001,46.08297853051474,0.03709627096107332,-0.00036692391335012986
94.4,46.086688157610844,0.03705957856973831,-0.0005335851198965845
94.5,46.09039411546782,0.03700622005774865,-0.0006828900691762647
94.60000000000001,46.09409473747359,0.03693793105083102,-0.0008128536266061488
94.7,46.097788530578676,0.03685664568817041,-0.0009031705279745957
94.80000000000001,46.101474195147496,0.03676632863537294,-0.0010601907811211195
94.9,46.10515082801103,0.03666030955726084,-0.001186409757449531
95.0,46.108816858966755,0.03654166858151589,-0.0012810662147336466
95.10000000000001,46.11247102582491,0.036413561960042515,-0.0013938509017912785
95.2,46.116112382020916,0.036274176869863395,-0.0015296348905533776
95.30000000000001,46.1197397997079,0.036121213380808044,-0.0016397799438865979
95.4,46.12335192104598,0.035957235386419394,-0.0016933167005983843
95.5,46.12694764458462,0.035787903716359565,-0.0016925830723538786
95.60000000000001,46.13052643495626,0.03561864540912416,-0.0017460894444883434
95.7,46.13408829949717,0.03544403646467534,-0.00191686045207658
95.80000000000001,46.13763270314364,0.035252350419467664,-0.0020918656363927224
95.9,46.141157938185586,0.0350431638558284,-0.002355388854736041
96.0,46.144662254571166,0.03480762497035481,-0.00261999716116698
96.10000000000001,46.1481430170682,0.03454562525423809,-0.0029328842128953647
96.2,46.15159757959363,0.03425233683294857,-0.003263954572197066
96.30000000000001,46.15502281327692,0.03392594137572884,-0.0037074412226632157
96.4,46.158415407414495,0.03355519725346254,-0.004183220451814436
96.5,46.16177092713984,0.03313687520828112,-0.004596762732878384
96.60000000000001,46.16508461466067,0.03267719893499324,-0.004965054621292879
96.7,46.168352334554164,0.03218069347286398,-0.005332672151521115
96.80000000000001,46.171570403901455,0.03164742625771182,-0.005616783833830928
96.9,46.174735146527226,0.031085747874328763,-0.0058244854351626445
97.0,46.17784372131466,0.03050329933081253,-0.00599158877873666
97.10000000000001,46.18089405124774,0.029904140452938814,-0.006109796030935484
97.2,46.18388446529303,0.0292931608498453,-0.006112977119538294
97.30000000000001,46.18681378137802,0.02868186313789142,-0.006000686428976256
97.4,46.189681967691804,0.028081794494993827,-0.005814287858961435
97.5,46.19249014714131,0.027500365709097717,-0.0056119023242242536
97.60000000000001,46.195240183712215,0.026939175476675244,-0.005400243920251688
97.7,46.19793410125988,0.026399151084650106,-0.005254384301060652
97.80000000000001,46.20057401636835,0.025873712654543995,-0.005061045836348154
97.9,46.203161387633806,0.02536760807090921,-0.0049203820917484795
98.0,46.205698148440895,0.02487556986173439,-0.004751451032331798
98.10000000000001,46.20818570542707,0.02440042475850117,-0.004577683448546092
98.2,46.21062574790292,0.023942656413646585,-0.004424221638272903
98.30000000000001,46.21302001354428,0.023500234249819257,-0.004282226849489854
98.4,46.21537003696926,0.023072011564870296,-0.004197844154757743
98.5,46.21767723812575,0.022652227149394546,-0.004083312710671214
98.60000000000001,46.21994246084069,0.02224389587832739,-0.004012726312311434
98.7,46.22216685042852,0.02184262324709627,-0.003966755153415125
98.80000000000001,46.22435111275323,0.021445947731754723,-0.003940004768722119
98.9,46.22649570752641,0.021051947254882533,-0.003965673867488192
99.0,46.2286009022519,0.020655379868133737,-0.004007451014846624
99.10000000000001,46.23066644023871,0.02025463476664904,-0.004109595974976015
99.2,46.23269190371538,0.019843675169151462,-0.004233686508842621
99.30000000000001,46.23467627123229,0.019420306518267164,-0.004450145116931894
99.4,46.236618301884114,0.018975292006574,-0.004670911053291359
99.5,46.238515831084776,0.01850820090124489,-0.0048376149587991656
99.60000000000001,46.240366651174895,0.018024439405364932,-0.0049503442123595455
99.7,46.242169095115436,0.017529404984129006,-0.005090877648659172
99.80000000000001,46.24392203561385,0.017020317219263045,-0.005235797022342551
99.9,46.245624067335775,0.01649673751702882,-0.005409289824486389
100.0,46.247273741087476,0.015955808534580212,-0.005639093144351152
100.10000000000001,46.24886932194094,0.015391899220145049,-0.005861007518845888
100.2,46.25040851186295,0.014805798468260493,-0.006137780915588997
100.30000000000001,46.25188909170978,0.014192020376701541,-0.006442178891773993
100.4,46.253308293747445,0.013547802487524178,-0.006705768082820549
100.5,46.2546630739962,0.012877225679242162,-0.006934151690874203
100.60000000000001,46.25595079656412,0.012183810510154682,-0.007090870631132761
100.7,46.25716917761514,0.011474723447041446,-0.007211768086623555
100.80000000000001,46.258316649959845,0.01075354663837903,-0.007327255673532981
100.9,46.25939200462368,0.010020821071025773,-0.007482759962745269
101.0,46.260394086730784,0.009272545074751289,-0.0076632464674348975
101.10000000000001,46.26132134123826,0.008506220428007734,-0.007816447111763486
101.2,46.262171963281055,0.007724575716831429,-0.007973843607143833
101.30000000000001,46.26294442085274,0.006927191356116978,-0.008160229606457339
101.4,46.263637139988354,0.00611116839547129,-0.008329863041796299
101.5,46.2642482568279,0.005278182091291708,-0.008516662763276346
101.60000000000001,46.26477607503703,0.004426515814964001,-0.008771686819987676
101.7,46.26521872661853,0.003549347132965283,-0.009016054250601273
101.80000000000001,46.26557366133182,0.0026477417079050786,-0.00920870227066799
101.9,46.265838435502616,0.0017268714808383319,-0.00936626769597862
102.0,46.266011122650696,0.0007902447112405231,-0.009482273453345194
102.10000000000001,46.26609014712182,-0.00015798263409407716,-0.009578699155106297
102.2,46.26607434885841,-0.0011158525496046524,-0.009607678854820244
102.30000000000001,46.265962763603454,-0.0020766204350867587,-0.009659930496951134
102.4,46.26575510155994,-0.003042613484781817,-0.009715145975906392
102.5,46.265450840211464,-0.004014128082372401,-0.009697473113306258
102.60000000000001,46.26504942740323,-0.00498387539370311,-0.009523513552555533
102.7,46.26455103986385,-0.005936226748958609,-0.00925723771118471
102.80000000000001,46.26395741718896,-0.006861950520077159,-0.008925372683988578
102.9,46.26327122213695,-0.007754487788475966,-0.008532622420901175
103.0,46.262495773358104,-0.008607750030566035,-0.008100261912168692
103.10000000000001,46.26163499835505,-0.009417776221782973,-0.0076781119488209355
103.2,46.26069322073287,-0.010185587416665023,-0.007287494942842032
103.30000000000001,46.259674661991205,-0.010914336910949288,-0.006878503343105128
103.4,46.25858322830011,-0.011602187245259762,-0.006476463476077242
103.5,46.25742300957558,-0.01224983359286745,-0.006123179234257743
103.60000000000001,46.256198026216296,-0.012862151516293276,-0.005867279446624151
103.7,46.254911811064666,-0.013448879460955658,-0.005613683558330057
103.80000000000001,46.25356692311857,-0.014010247816788711,-0.005409491502726973
103.9,46.25216589833689,-0.014551196967061378,-0.005287877557798744
104.0,46.25071077864018,-0.015079984722841222,-0.005165145369359664
104.10000000000001,46.2492027801679,-0.015596499259777232,-0.005061978761951781
104.2,46.247643130241926,-0.016102697135972382,-0.004977899992009558
104.30000000000001,46.246032860528324,-0.01660048713517338,-0.004823495558637574
104.4,46.24437281181481,-0.01708283669103711,-0.004630415738542378
104.5,46.2426645281457,-0.01754587826489132,-0.004432874818032926
104.60000000000001,46.24090994031922,-0.017989165746694652,-0.004270607802653106
104.7,46.23911102374455,-0.01841622652695994,-0.004102646340798236
104.80000000000001,46.23726940109185,-0.018826491161039797,-0.00398624755607922
104.9,46.235386751975746,-0.019225115916647696,-0.003950298347867881
105.0,46.23346424038408,-0.019620145751434462,-0.003909869290812121
105.10000000000001,46.23150222580894,-0.020011132680515707,-0.0038644315717273454
105.2,46.22950111254089,-0.02039757583768842,-0.0038235666742999566
105.30000000000001,46.22746135495712,-0.020779932505118448,-0.0037356767999453507
105.4,46.225383361706605,-0.021153500185112962,-0.0035740771272905637
105.5,46.2232680116881,-0.021510907897841998,-0.00335544902606069
105.60000000000001,46.22111692089831,-0.021846452800448096,-0.003112467294960345
105.7,46.218932275618265,-0.022157699529944112,-0.002902835831721235
105.80000000000001,46.216716505665275,-0.02244798311311626,-0.0027118774860576136
105.9,46.21447170735396,-0.022719170861722007,-0.0025423003180962606
106.0,46.21219979026779,-0.022973400893531618,-0.002371139382017883
106.10000000000001,46.20990245017843,-0.023210514831733427,-0.0022279024982572535
106.2,46.20758139869526,-0.02343330508155914,-0.0021016213369515493
106.30000000000001,46.20523806818711,-0.023643467215254312,-0.001994205679364753
106.4,46.20287372146558,-0.023842887783190776,-0.0018887957575149138
106.5,46.20048943268726,-0.024031767358942257,-0.001777464907019911
106.60000000000001,46.19808625595137,-0.024209513849644263,-0.0016134015702468309
106.7,46.195665304566404,-0.024370854006668937,-0.0013871863880972888
106.80000000000001,46.19322821916573,-0.024509572645478678,-0.0011983313778043945
106.9,46.19077726190119,-0.02462940578325911,-0.0009771266303089596
107.0,46.18831432132286,-0.02472711844629,-0.0008017226486209057
107.10000000000001,46.18584160947823,-0.024807290711152098,-0.0005288086016195329
107.2,46.183360880407115,-0.02486017157131405,-0.00021349696569220988
107.30000000000001,46.18087486324998,-0.02488152126788327,8.327188914914381e-05
107.4,46.178386711123196,-0.024873194078968357,0.0003521162397551589
107.5,46.175899391715305,-0.024837982454992844,0.0005065551360933145
107.60000000000001,46.173415593469805,-0.024787326941383508,0.0005543458296502667
107.7,46.17093686077566,-0.024731892358418484,0.0005197209216749572
107.80000000000001,46.16846367153982,-0.024679920266250984,0.00039707090849687605
107.9,46.165995679513195,-0.0246402131754013,0.00026602061994252093
108.0,46.16353165819566,-0.024613611113407048,9.899652832475447e-05
108.10000000000001,46.161070297084315,-0.024603711460574572,-4.800244304877933e-05
108.2,46.15860992593826,-0.02460851170487945,-0.00021433384680266237
108.30000000000001,46.15614907476777,-0.024629945089559718,-0.00031662188822079575
108.4,46.153686080258815,-0.024661607278381795,-0.00031275147068932476
108.5,46.15121991953097,-0.024692882425450726,-0.00020086985903397894
108.60000000000001,46.14875063128843,-0.024712969411354126,-7.61287400186843e-05
108.7,46.1462793343473,-0.024720582285355994,1.1741994698117151e-05
108.80000000000001,46.14380727611876,-0.024719408085886182,7.003883776387758e-05
108.9,46.141335335310174,-0.024712404202109794,0.00022339871082946322
109.0,46.13886409488996,-0.02469006433102685,0.000479542276196892
109.10000000000001,46.13639508845686,-0.024642110103407156,0.0007666364065989867
109.2,46.13393087744652,-0.024565446462747262,0.0010381596036319694
109.30000000000001,46.131474332800245,-0.024461630502384056,0.0013358317649456576
109.4,46.12902816975,-0.024328047325889498,0.0016921549731301671
109.5,46.126595365017415,-0.02415883182857649,0.002044747004512521
109.60000000000001,46.12417948183456,-0.02395435712812522,0.0024298826806369916
109.7,46.121784046121746,-0.023711368860061536,0.0027837308504160816
109.80000000000001,46.11941290923574,-0.023432995775019904,0.003133814433438497
109.9,46.11706960965824,-0.023119614331676072,0.0034841759221646254
110.0,46.11475764822507,-0.02277119673945963,0.0037950032087078157
110.10000000000001,46.112480528551124,-0.022391696418588816,0.004087377466845666
110.2,46.11024135890926,-0.021982958671904272,0.004441837239159109
110.30000000000001,46.108043063042075,-0.021538774947988323,0.004828552182771676
110.4,46.10588918554728,-0.021055919729711183,0.00515490362558787
110.5,46.103783593574306,-0.020540429367152425,0.005522354030638146
110.60000000000001,46.101729550637586,-0.019988193964088564,0.005854843526588008
110.7,46.09973073124118,-0.019402709611429796,0.0061048722763199295
110.80000000000001,46.09779046028004,-0.01879222238379775,0.006312350437510361
110.9,46.09591123804166,-0.01816098734004675,0.006512181680905701
111.0,46.094095139307655,-0.017509769171956218,0.006726077151220314
111.10000000000001,46.092344162390454,-0.01683716145683413,0.006888270498788411
111.2,46.090660446244776,-0.016148334406955327,0.0069630347394240115
111.30000000000001,46.08904561280408,-0.015452030933012867,0.006972218043915805
111.4,46.08750040971078,-0.014754809128621326,0.006955225596910749
111.5,46.08602492879791,-0.01405928656893029,0.006935197322959287
111.60000000000001,46.08461900014102,-0.013365766836634303,0.00689529883178366
111.7,46.083282423457355,-0.012676236953455976,0.006890953473827034
111.80000000000001,46.082014799762014,-0.011987141606073214,0.006871204727971125
111.9,46.080816085601406,-0.01130002113327614,0.006837671597749284
112.0,46.07968608348808,-0.010616253973501251,0.0067456007620321995
112.10000000000001,46.07862445809073,-0.009941693897297973,0.0066411099294277
112.2,46.077630288700995,-0.009277582904355241,0.006552810512557031
112.30000000000001,46.076702530410564,-0.008622301853099482,0.006469738309589152
112.4,46.07584030022525,-0.007975328022140604,0.00643778600362949
112.5,46.075042767423035,-0.0073315494217776915,0.006466747185725697
112.60000000000001,46.07430961248086,-0.006684874703205067,0.006570513796619362
112.7,46.07364112501054,-0.006027823323543168,0.006695008303054114
112.80000000000001,46.07303834267819,-0.005358322493237699,0.006749248297696372
112.9,46.07250251042886,-0.0046833976634681005,0.006713272365431976
113.0,46.07203417066251,-0.004012070426924941,0.006720152091174331
113.10000000000001,46.07163296361982,-0.0033400552178074507,0.006701559085279485
113.2,46.07129895809804,-0.0026698993092795402,0.006653594150739327
113.30000000000001,46.07103196816711,-0.002004539894205551,0.006545402483790658
113.4,46.07083151417769,-0.0013499996458265222,0.006376752186144159
113.5,46.07069651421311,-0.0007123244272121425,0.006099025948100771
113.60000000000001,46.07062528177039,-0.00010242183240201343,0.005803456328113696
113.7,46.070615039587146,0.00047792380040932324,0.005493360706236194
113.80000000000001,46.07066283196719,0.0010272598710329894,0.005211050698517851
113.9,46.070765557954296,0.0015483649408847449,0.0049548358263789526
114.0,46.07092039444838,0.002043848523522612,0.004783558190622162
114.10000000000001,46.07112477930073,0.002522204342584869,0.004629967206867712
114.2,46.071376999734994,0.002985201063271614,0.00442327376734416
114.30000000000001,46.07167551984132,0.0034275284400060676,0.00425126437010943
114.4,46.07201827268532,0.0038526548770169864,0.004099612367637148
114.5,46.07240353817302,0.004262616113780678,0.003996252092173947
114.60000000000001,46.0728297997844,0.004662241322998107,0.003893313423222124
114.7,46.0732960239167,0.005051572665320297,0.003857934441680207
114.80000000000001,46.07380118118323,0.005437366109488351,0.0037428710575731143
114.9,46.07434491779418,0.005811653215245641,0.0035839069721025274
115.0,46.074926083115706,0.006170043912455873,0.003396701540395796
115.10000000000001,46.07554308750695,0.006509714066495482,0.003191324645701702
115.2,46.0761940589136,0.006828846531065634,0.0029109008629250033
115.30000000000001,46.07687694356671,0.007119936617358159,0.0025415943016384467
115.4,46.07758893722844,0.007374096047521989,0.0022283440876953685
115.5,46.078326346833194,0.007596930456291513,0.0019447667835599178
115.60000000000001,46.079086039878824,0.007791407134647522,0.00166915708115339
115.7,46.079865180592286,0.007958322842762851,0.0014433058087314262
115.80000000000001,46.08066101287656,0.008102653423636006,0.0011983292290669045
115.9,46.08147127821893,0.00822248634654269,0.0009015764258858339
116.0,46.08229352685358,0.008312643989131268,0.0006138551642715682
116.10000000000001,46.083124791252494,0.00837402950555843,0.0003667027512701087
116.2,46.08396219420305,0.008410699780685439,0.00012935811974315183
116.30000000000001,46.08480326418112,0.008423635592659755,-0.00017028114669551394
116.4,46.085645627740384,0.008406607477990205,-0.00046523061594768095
116.5,46.08648628848819,0.00836008441639544,-0.0007369254225692598
116.60000000000001,46.08732229692983,0.008286391874138507,-0.0010028513424357192
116.7,46.08815093611724,0.00818610673989494,-0.0012338426418527493
116.80000000000001,46.088969546791226,0.008062722475709655,-0.001473765798502329
116.9,46.0897758190388,0.00791534589585943,-0.0017476702795049402
117.0,46.09056735362839,0.007740578867908947,-0.0020264265873406245
117.10000000000001,46.091341411515174,0.007537936209174867,-0.0022773131370420587
117.2,46.09209520513609,0.007310204895470674,-0.0024377519615775404
117.30000000000001,46.09282622562564,0.007066429699312899,-0.00256265213231764
117.4,46.093532868595574,0.00681016448608115,-0.0027347951194642882
117.5,46.094213885044184,0.0065366849741347365,-0.002938007442518333
117.60000000000001,46.09486755354159,0.006242884229882878,-0.003161704309732509
117.7,46.09549184196458,0.005926713798909645,-0.0033826883986913503
117.80000000000001,46.09608451334447,0.005588444959040481,-0.003587422500461869
117.9,46.09664335784038,0.005229702708994315,-0.003727546894249718
118.0,46.09716632811128,0.004856948019569364,-0.0038088552035357155
118.10000000000001,46.09765202291323,0.00447606249921576,-0.0038518928560136068
118.2,46.09809962916316,0.004090873213614421,-0.003877823933468959
118.30000000000001,46.09850871648452,0.0037030908202674924,-0.003809356322324957
118.4,46.098879025566546,0.0033221551880350184,-0.003648372124103954
118.5,46.09921124108535,0.0029573179756246437,-0.0035022353582311225
118.60000000000001,46.09950697288291,0.0026070944398015015,-0.003389882215006146
118.7,46.09976768232689,0.002268106218300906,-0.003281794822436277
118.80000000000001,46.09999449294872,0.0019399267360572505,-0.0032205765323257505
118.9,46.100188485622326,0.0016178690828246938,-0.0032366381245130527
119.0,46.100350272530605,0.001294205270373407,-0.0033003584086205603
119.10000000000001,46.10047969305764,0.0009641694295113227,-0.0033245806057918548
119.2,46.100576110000596,0.0006317113689321562,-0.0033705706620579708
119.30000000000001,46.10063928113749,0.0002946543027263304,-0.003421825854299614
119.4,46.10066874656776,-4.7528282703611595e-05,-0.0034922711180578976
119.5,46.10066399373949,-0.0003967553945093815,-0.003505961914311107
119.60000000000001,46.10062431820004,-0.0007473515859405221,-0.003520857010521953
119.7,46.10054958304145,-0.0010994372869926974,-0.0035507914195962785
119.80000000000001,46.10043963931275,-0.0014545164289523555,-0.0036175501190719443
119.9,46.10029418766985,-0.0018162714408595294,-0.003668545006655865
120.0,46.100112560525766,-0.002183125941525095,-0.003646570721686297
120.10000000000001,46.099894247931616,-0.002547783013693756,-0.00360431322385434
120.2,46.09963946963025,-0.0029082143360791694,-0.0036390722177545164
120.30000000000001,46.09934864819664,-0.003272121557854652,-0.0036745740061659236
120.4,46.09902143604085,-0.0036395789584712235,-0.0036802425336475266
120.5,46.098657478145,-0.004007603211835955,-0.0036953069973976135
120.60000000000001,46.09825671782382,-0.004377133911575748,-0.0036966083989382306
120.7,46.097819004432665,-0.00474679475146955,-0.003701850045019049
120.80000000000001,46.09734432495752,-0.005116979755971487,-0.0036881781264659123
120.9,46.09683262698192,-0.005485797568618057,-0.0036197209739662816
121.0,46.096284047225055,-0.0058477696660146645,-0.003578349669726949
121.10000000000001,46.09569927025846,-0.00620560463298739,-0.003572366632743051
121.2,46.09507870979515,-0.006562841296261675,-0.0035975450947994957
121.30000000000001,46.09442242566553,-0.006922595805741655,-0.003666351781169012
121.4,46.09373016608495,-0.007289230983858535,-0.0037611456782871895
121.5,46.09300124298657,-0.007665345551687233,-0.003890597859286455
121.60000000000001,46.0922347084314,-0.008054405337615912,-0.004081377154785861
121.7,46.09142926789764,-0.008462543053094474,-0.004244991110903074
121.80000000000001,46.09058301359233,-0.008887042164184818,-0.004449607890625797
121.9,46.089694309375915,-0.009332002953247372,-0.004584011041156178
122.0,46.088761109080586,-0.009790404057362964,-0.004723964079705909
122.10000000000001,46.08778206867485,-0.010262800465333595,-0.004905259410857393
122.2,46.08675578862832,-0.010753326406419307,-0.005151164531974872
122.30000000000001,46.08568045598768,-0.011268442859616838,-0.005385733357344211
122.4,46.084553611701715,-0.011807016195351228,-0.005630039185581707
122.5,46.083372910082176,-0.012370020113909367,-0.005932002926787528
122.60000000000001,46.08213590807079,-0.01296322040658817,-0.006276824490474903
122.7,46.08083958603013,-0.013590902855635625,-0.006561896732224424
122.80000000000001,46.07948049574456,-0.014247092528858123,-0.006815454804802226
122.9,46.07805578649168,-0.014928638009338307,-0.007084621300672039
123.0,46.07656292269075,-0.01563710013940547,-0.007429129248432758
123.10000000000001,46.07499921267681,-0.01638001306424881,-0.007709719065958826
123.2,46.07336121137038,-0.01715098497084465,-0.007864696593593278
123.30000000000001,46.071646112873296,-0.017937454630204044,-0.007977246653250726
123.4,46.06985236741028,-0.01873517929552907,-0.007960047448733189
123.5,46.067978849480724,-0.019531184040402345,-0.007961499560125861
123.60000000000001,46.066025731076685,-0.020327333996415,-0.007891673515691039
123.7,46.06399299767704,-0.021116501347984058,-0.007858241274800646
123.80000000000001,46.06188134754224,-0.02190232547546419,-0.007830789562524408
123.9,46.0596911149947,-0.022685404431716585,-0.007791410015286936
124.0,46.057422574551524,-0.023464545433245235,-0.00769512551614553
124.10000000000001,46.0550761200082,-0.024234057984859853,-0.007559889730459498
124.2,46.052652714209714,-0.02499004695790576,-0.007412530500855156
124.30000000000001,46.05015370951392,-0.02573130000799134,-0.00729421149586469
124.4,46.047580579513124,-0.026460721157577766,-0.007138321975096926
124.5,46.044934507397365,-0.02717455335508742,-0.006957455483128611
124.60000000000001,46.04221705206186,-0.02787029890340034,-0.006787453009489586
124.7,46.039430022171516,-0.02854904420434926,-0.006610183923637615
124.80000000000001,46.036575117751084,-0.029210062596713077,-0.006484749013658622
124.9,46.03365411149141,-0.029858537498078902,-0.006333802688402424
125.0,46.0306682577416,-0.03049191776691911,-0.006100291311236308
125.10000000000001,46.02761906596491,-0.03110194689804279,-0.005765993068469736
125.2,46.02450887127511,-0.03167854620488973,-0.005397879025127753
125.30000000000001,46.02134101665462,-0.03221833410740255,-0.005036400762685406
125.4,46.018119183243876,-0.032721974183671065,-0.004666116759000348
125.5,46.014846985825514,-0.033188585859571074,-0.00430982458773798
125.60000000000001,46.01152812723955,-0.03361956831834491,-0.004017546398930128
125.7,46.00816617040772,-0.0340213229582379,-0.0037453643683816734
125.80000000000001,46.004764038111894,-0.0343958593950761,-0.003465983110615192
125.9,46.00132445217239,-0.0347424577061376,-0.0032368930410104253
126.0,45.99785020640177,-0.03506614701023862,-0.0030904411300286677
126.10000000000001,45.99434359170075,-0.035375191123241514,-0.002864142446596617
126.2,45.99080607258843,-0.03566160536790116,-0.002704479807971427
126.30000000000001,45.987239912051635,-0.035932053348698326,-0.002579711975237994
126.4,45.98364670671677,-0.03619002454622211,-0.0024604236006539612
126.5,45.98002770426214,-0.03643606690628749,-0.002364300075815846
126.60000000000001,45.97638409757151,-0.0366724969138691,-0.002227062082280894
126.7,45.97271684788013,-0.036895203122097174,-0.0020938877992700573
126.80000000000001,45.969027327567915,-0.0371045919020242,-0.001958359795078316
126.9,45.96531686837771,-0.03730042788153202,-0.0018379456662651413
127.0,45.96158682558956,-0.03748422244815852,-0.0018006975880201772
127.10000000000001,45.957838403344745,-0.037664292206960555,-0.0017631112285934922
127.2,45.95407197412405,-0.037840603329819894,-0.0017563681412336469
127.30000000000001,45.950287913791065,-0.038016240143943274,-0.001755811076151431
127.4,45.94648628977667,-0.03819182125155841,-0.0017026149176421336
127.5,45.942667107651516,-0.03836208274332261,-0.0016081452916569972
127.60000000000001,45.93883089937719,-0.038522897272488324,-0.001605962729452162
127.7,45.93497860964994,-0.03868349354543353,-0.0016378142929634317
127.80000000000001,45.93111026029539,-0.03884727497472989,-0.0016199493174190677
127.9,45.92722553279792,-0.039009269906471786,-0.001576041934850759
128.0,45.923324605807274,-0.03916687409995685,-0.0015243435133864038
128.1,45.919407918397276,-0.039319308451295484,-0.0014300287743678833
128.20000000000002,45.91547598755215,-0.039462311328732305,-0.0013229002978106033
128.3,45.91152975641928,-0.03959460135851336,-0.001126489439341455
128.4,45.907570296283424,-0.0397072503024475,-0.0009342760369557117
128.5,45.90359957125318,-0.03980067790614306,-0.000751773966988335
128.6,45.89961950346257,-0.03987585530284189,-0.0006109844481490266
128.70000000000002,45.89563191793228,-0.03993695374765681,-0.0004932251228902399
128.8,45.89163822255752,-0.03998627625994583,-0.0004110058797519395
128.9,45.88763959493152,-0.04002737684792102,-0.00031704130672530607
129.0,45.88363685724673,-0.04005908097859355,-0.0001802650336833153
129.1,45.87963094914887,-0.04007710748196188,-4.5775967697354175e-05
129.20000000000002,45.87562323840067,-0.04008168507873162,0.00012304288134597918
129.3,45.8716150698928,-0.04006938079059702,0.00034054677370181356
129.4,45.86760813181374,-0.04003532611322684,0.0005457155893885295
129.5,45.86360459920242,-0.03998075455428799,0.0006709056710316567
129.6,45.85960652374699,-0.03991366398718483,0.0007427122166172838
129.70000000000002,45.85561515734827,-0.039839392765523084,0.0007580102503130112
129.8,45.85163121807172,-0.03976359174049179,0.000713487163517586
129.9,45.84765485889767,-0.03969224302414003,0.0005521187674044672
130.0,45.84368563459525,-0.03963703114739959,0.000412141614580276
130.1,45.83972193148052,-0.03959581698594156,0.0003392936978192851
130.20000000000002,45.83576234978192,-0.03956188761615963,0.00024855075157809186
130.3,45.8318061610203,-0.03953703254100182,0.00017306734906263484
130.4,45.827852457766205,-0.03951972580609556,7.191701694671669e-05
130.5,45.8239004851856,-0.039512534104400886,9.746040879125005e-06
130.6,45.819949231775155,-0.03951155950031297,-5.085606074031977e-05
130.70000000000002,45.81599807582512,-0.039516645106387006,-0.00016870671863505453
130.8,45.81204641131448,-0.03953351577825051,-0.00035767593204687843
130.9,45.80809305973666,-0.0395692833714552,-0.0005838937847857716
131.0,45.80413613139952,-0.03962767274993377,-0.0008298588170788573
131.1,45.80017336412452,-0.03971065863164165,-0.0009740925651548082
131.20000000000002,45.796202298261356,-0.039808067888157155,-0.0010693513678593832
131.3,45.79222149147254,-0.03991500302494309,-0.0011111210017845867
131.4,45.78822999117005,-0.04002611512512154,-0.001187610461468381
131.5,45.78422737965754,-0.04014487617126837,-0.001249443548652503
131.6,45.78021289204041,-0.040269820526133614,-0.0013598239530379324
131.70000000000002,45.776185909987795,-0.04040580292143744,-0.001437140861209203
131.8,45.77214532969565,-0.04054951700755835,-0.0014830023821500182
131.9,45.768090377994895,-0.04069781724577334,-0.0015322206016058115
132.0,45.76402059627032,-0.040851039305933916,-0.0015521883590757979
132.1,45.75993549233972,-0.04100625814184149,-0.0015073963057719894
132.20000000000002,45.75583486652554,-0.04115699777241872,-0.0014729802644679467
132.3,45.751719166748295,-0.041304295798865506,-0.001400829451971088
132.4,45.747588737168414,-0.04144437874406261,-0.001304515819270801
132.5,45.743444299294005,-0.04157483032598968,-0.0010945086352601786
132.6,45.739286816261405,-0.04168428118951569,-0.0009108345360658865
132.70000000000002,45.73511838814245,-0.0417753646431223,-0.0007501611517138777
132.8,45.73094085167814,-0.041850380758293684,-0.00059430438935689
132.9,45.72675581360231,-0.04190981119722937,-0.00045145400507251365
133.0,45.72256483248259,-0.04195495659773662,-0.00023571266375083062
133.1,45.71836933682282,-0.0419785278641117,-4.195476074545391e-05
133.20000000000002,45.714171484036406,-0.04198272334018625,0.00014950759924700093
133.3,45.70997321170238,-0.04196777258026155,0.0003948177823282858
133.4,45.70577643444436,-0.04192829080202872,0.0005979878634929444
133.5,45.701583605364156,-0.04186849201567943,0.0007208846752489583
133.6,45.69739675616259,-0.04179640354815454,0.0007639886067483182
133.70000000000002,45.69321711580778,-0.04172000468747969,0.0007964235198105777
133.8,45.68904511533903,-0.041640362335498636,0.0007463055128776882
133.9,45.68488107910547,-0.04156573178421087,0.000631576999233671
134.0,45.68072450592705,-0.04150257408428751,0.0005026493462888535
134.1,45.67657424851863,-0.041452309149658625,0.000421134593635826
134.20000000000002,45.67242901760366,-0.04141019569029503,0.00042922501552309863
134.3,45.66828799803463,-0.041367273188742726,0.0005129053185072855
134.4,45.664151270715756,-0.041315982656892,0.0006253246468326474
134.5,45.66001967245007,-0.04125345019220874,0.0007388817204490448
134.6,45.65589432743085,-0.04117956202016384,0.0008376782980288638
134.70000000000002,45.65177637122883,-0.04109579419036093,0.0009342651873556738
134.8,45.6476667918098,-0.04100236767162537,0.0011019662988224282
134.9,45.64356655504263,-0.040892171041743135,0.0013190208093918272
135.0,45.63947733793846,-0.04076026896080396,0.001603872016785351
135.1,45.63540131104238,-0.040599881759125434,0.0018464437256449744
135.20000000000002,45.63134132286646,-0.040415237386560894,0.002039309753029244
135.3,45.62729979912781,-0.04021130641125798,0.0022086347002581723
135.4,45.623278668486684,-0.03999044294123218,0.0023762725157360598
135.5,45.61927962419256,-0.039752815689658584,0.002498847479332423
135.6,45.615304342623595,-0.039502930941725356,0.0026706553608633367
135.70000000000002,45.61135404952942,-0.03923586540563896,0.0028395120223852436
135.8,45.60743046298886,-0.03895191420340045,0.002928049990902515
135.9,45.60353527156852,-0.03865910920431022,0.0029336433676773886
136.0,45.599669360648086,-0.038365744867542496,0.002921805482626771
136.1,45.59583278616133,-0.038073564319279836,0.0029595997299868906
136.20000000000002,45.592025429729404,-0.03777760434628108,0.0029391809753927527
136.3,45.58824766929477,-0.03748368624874182,0.002949413757829909
136.4,45.584499300669904,-0.03718874487295885,0.0029201291608300507
136.5,45.580780426182606,-0.03689673195687586,0.002935293701049155
136.6,45.57709075298692,-0.03660320258677096,0.0029537440383587076
136.70000000000002,45.57343043272824,-0.03630782818293502,0.0029630186755745126
136.8,45.569799649909946,-0.03601152631537759,0.002928626975516352
136.9,45.56619849727841,-0.03571866361782597,0.002930202427245357
137.0,45.562626630916625,-0.03542564337510145,0.0029123709937991646
137.1,45.55908406657912,-0.03513440627572155,0.002927679742161127
137.20000000000002,45.555570625951546,-0.03484163830150537,0.0028905125049208647
137.3,45.552086462121395,-0.0345525870510133,0.002817504884555879
137.4,45.54863120341629,-0.03427083656255773,0.002762955467186125
137.5,45.54520411976004,-0.03399454101583913,0.0027814518051138605
137.6,45.541804665658454,-0.03371639583532776,0.0028201766890720123
137.70000000000002,45.53843302607492,-0.033434378166420496,0.0028275838963067123
137.8,45.53508958825828,-0.03315161977678984,0.002903913493908185
137.9,45.5317744262806,-0.03286122842739904,0.0030931846253449643
138.0,45.52848830343786,-0.03255190996486456,0.003315031324049014
138.1,45.52523311244137,-0.03222040683245968,0.003609712537934404
138.20000000000002,45.52201107175813,-0.031859435578666155,0.003921041939101367
138.3,45.51882512820026,-0.03146733138475604,0.0042840291851915105
138.4,45.515678395061784,-0.031038928466236914,0.004580552461486819
138.5,45.51257450221516,-0.030580873220088258,0.004853717487332229
138.6,45.509516414893156,-0.030095501471355063,0.005200975347223674
138.70000000000002,45.506506864746015,-0.029575403936632577,0.005544419148799838
138.8,45.503549324352356,-0.029020962021752625,0.0058634110517389315
138.9,45.50064722815018,-0.028434620916578765,0.006193643849812703
139.0,45.49780376605852,-0.02781525653159753,0.0065153461954785856
139.1,45.49502224040536,-0.02716372191204971,0.006751653081145869
139.20000000000002,45.49230586821415,-0.026488556603934968,0.006963169407255984
139.3,45.489657012553764,-0.02579223966320941,0.007167613746288997
139.4,45.48707778858744,-0.02507547828858055,0.00734781578769342
139.5,45.484570240758586,-0.02434069670981125,0.007484733342216751
139.6,45.4821361710876,-0.023592223375589617,0.007535602406461687
139.70000000000002,45.47977694875004,-0.022838663134943277,0.007557652879854339
139.8,45.477493082436546,-0.022082897846957886,0.007617384955364552
139.9,45.475284792651856,-0.021321159351421475,0.007723212610345984
140.0,45.47315267671671,-0.02054883809038692,0.007814641736398162
140.1,45.47109779290767,-0.019767373916747148,0.007897273518302468
140.20000000000002,45.469121055516,-0.018977646564916722,0.007944793315366495
140.3,45.46722329085951,-0.018183167233380117,0.008049745146811421
140.4,45.46540497413617,-0.01737819271869902,0.008198620597140731
140.5,45.4636671548643,-0.016558330658984995,0.008334841591720725
140.6,45.4620113217984,-0.01572484649981297,0.008469530667665759
140.70000000000002,45.460438837148416,-0.014877893433046201,0.008584701346731496
140.8,45.458951047805115,-0.0140194232983731,0.008655777085076172
140.9,45.45754910547527,-0.013153845589865532,0.008586892830644845
141.0,45.45623372091629,-0.012295156306801096,0.008447598458550682
141.1,45.45500420528561,-0.011450396460946076,0.008245755429333866
141.20000000000002,45.453859165639514,-0.010625820918012502,0.008016772966669023
141.3,45.452796583547716,-0.009824143621345646,0.007741410191458113
141.4,45.45181416918558,-0.009050002602199878,0.007411082102729496
141.5,45.45090916892536,-0.00830889439192697,0.007108400663247283
141.6,45.45007827948616,-0.007598054325602283,0.0068457347272208235
141.70000000000002,45.449318474053605,-0.006913480852880045,0.00662785715542883
141.8,45.448627125968315,-0.0062506951373371995,0.006353706504940798
141.9,45.448002056454584,-0.005615324486843156,0.006104246899369253
142.0,45.4474405240059,-0.005004899796906265,0.005853879656852384
142.1,45.44694003402621,-0.00441951183122106,0.00563213911514611
142.20000000000002,45.446498082843085,-0.003856297919706321,0.005416667610124476
142.3,45.446112453051114,-0.003314631158693904,0.00526806748525982
142.4,45.445780989935244,-0.002787824410167952,0.00509158547330924
142.5,45.44550220749423,-0.002278665862837057,0.0049134977587517404
142.6,45.44527434090795,-0.001787316086961911,0.004676473959768375
142.70000000000002,45.44509560929925,-0.0013196686909849671,0.004381832032397289
142.8,45.44496364243015,-0.0008814854877452631,0.004155043040886688
142.9,45.444875493881376,-0.000465981183656618,0.003937387321074191
143.0,45.44482889576301,-7.224245154922129e-05,0.0037162292136453823
143.1,45.44482167151786,0.00029938046981529585,0.003493563133642698
143.20000000000002,45.444851609564836,0.0006487367831796451,0.003221411226739019
143.3,45.444916483243155,0.0009708779058535287,0.0028935004079646627
143.4,45.44501357103374,0.0012602279466499785,0.002514555571129847
143.5,45.44513959382841,0.0015116835037629489,0.0022116462308499184
143.6,45.445290762178786,0.0017328481268479282,0.0019884299129883007
143.70000000000002,45.44546404699147,0.0019316911181468035,0.0018836435497267883
143.8,45.445657216103285,0.0021200554731194716,0.0017303241593421234
143.9,45.4458692216506,0.002293087889053674,0.0015358249762332345
144.0,45.4460985304395,0.002446670386676989,0.0013748734951930103
144.1,45.44634319747817,0.002584157736196282,0.0012663810875443637
144.20000000000002,45.44660161325179,0.002710795844950747,0.001184790377495831
144.3,45.44687269283628,0.0028292748827003235,0.0010917547340252303
144.4,45.44715562032455,0.0029384503561028404,0.0009955597789469046
144.5,45.447449465360165,0.003038006333997525,0.0009301084645945354
144.6,45.44775326599356,0.0031310171804569734,0.0008770056747622489
144.70000000000002,45.44806636771161,0.0032187177479332182,0.0007748434146159393
144.8,45.4483882394864,0.0032962020893948078,0.0007206991775807472
144.9,45.44871785969534,0.0033682720071528784,0.0007135164205096494
145.0,45.449054686896055,0.0034396236492038393,0.000717415108666475
145.1,45.44939864926098,0.0035113651600704827,0.0007577164875445097
145.20000000000002,45.44974978577699,0.003587136808824951,0.0007665036054611398
145.3,45.45010849945787,0.0036637871693710605,0.0007636683875011799
145.4,45.4504748781748,0.003740154008121174,0.0007167801100475971
145.5,45.45084889357562,0.00381183201912593,0.0007145532494582106
145.6,45.45123007677753,0.003883287344071747,0.0007717789211379007
145.70000000000002,45.45161840551194,0.0039604652361855544,0.000835650520433161
145.8,45.452014452035556,0.004044030288228866,0.0008381325236732307
145.9,45.45241885506438,0.004127843540596184,0.0007876082633622505
146.0,45.452831639418434,0.004206604366932405,0.0006948544143875082
146.1,45.45325229985513,0.0042760898083711515,0.0005831306058716605
146.20000000000002,45.453679908835966,0.004334402868958331,0.0005174905825315548
146.3,45.45411334912286,0.004386151927211483,0.0005428513205907884
146.4,45.454551964315584,0.004440437059270559,0.0005795422783267685
146.5,45.45499600802151,0.004498391287103233,0.0005946888060603421
146.6,45.45544584715022,0.0045578601677092635,0.0006377325794693537
146.70000000000002,45.455901633166995,0.004621633425656213,0.0006779554482118404
146.8,45.45636379650956,0.004689428970477394,0.0006604308787510158
146.9,45.45683273940661,0.004755472058352491,0.0006591089138573523
147.0,45.45730828661244,0.004821382949738223,0.0006233990098729333
147.1,45.457790424907415,0.004883722850725513,0.000643717540594874
147.20000000000002,45.458278797192484,0.004948094604785015,0.0006535262002977893
147.3,45.45877360665297,0.00501344722481479,0.0006777741726207573
147.4,45.45927495137545,0.005081224642076862,0.0007466445217828636
147.5,45.45978307383965,0.005155889094255144,0.0008389702626850288
147.6,45.46029866274908,0.005239786120523642,0.0009143122581338658
147.70000000000002,45.46082264136113,0.005331217346337049,0.0009452437431175225
147.8,45.46135576309577,0.005425741720648796,0.0009345339165646633
147.9,45.46189833726783,0.005519195112305257,0.0008698067287542218
148.0,45.462450256779064,0.0056061757851806745,0.0007795860252154701
148.1,45.46301087435758,0.005684134387702217,0.0007412992151421962
148.20000000000002,45.46357928779635,0.005758264309216454,0.0007233156663601232
148.3,45.464155114227275,0.005830595875852462,0.0007439361461980965
148.4,45.46473817381486,0.005904989490472267,0.0007929745473587487
148.5,45.4653286727639,0.005984286945208138,0.0008376668586693906
148.6,45.465927101458426,0.006068053631075072,0.0008897717015567536
148.70000000000002,45.46653390682153,0.0061570308012307675,0.0009328572036699123
148.8,45.467149609901654,0.006250316521597753,0.0010046446109494027
148.9,45.46777464155382,0.006350780982692688,0.0010312776953145804
149.0,45.46840971965209,0.00645390875222414,0.0010277172876464711
149.1,45.46905511052731,0.006556680480988781,0.0010753418234059845
149.20000000000002,45.469710778575404,0.006664214663329404,0.00109596966045054
149.3,45.47037720004174,0.006773811629374452,0.0011175512838189551
149.4,45.471054581204676,0.006885566757756341,0.0011394947888647984
149.5,45.47174313788045,0.006999516236642815,0.0011587350366881188
149.6,45.47244308950412,0.00711538974031162,0.00120250396224784
149.70000000000002,45.47315462847815,0.007235640136536431,0.0012584954270481873
149.8,45.4738781924918,0.007361489679241243,0.001328140373720906
149.9,45.47461434145973,0.007494303716613326,0.0013522922936914654
150.0,45.47536377183139,0.007629532945982465,0.0013090426132404476
150.1,45.47612672512599,0.007760437207306502,0.0013255806988738306
150.20000000000002,45.47690276884671,0.007892995277193915,0.0013764929866706083
150.3,45.47769206837444,0.008030644575860968,0.001417232919157252
150.4,45.47849513283202,0.008172367867776685,0.0014515644322561424
150.5,45.479312369618796,0.008317524311002291,0.0015394171651818287
150.6,45.4801441220499,0.008471466027520465,0.001576964762557339
150.70000000000002,45.48099126865265,0.008629162503776235,0.0015625754559922566
150.8,45.48185418490303,0.008785420049375452,0.0016494588292944694
150.9,45.48273272690797,0.00895036593230489,0.0017447059211437561
151.0,45.4836277635012,0.009124836524419255,0.0018611392949163651
151.1,45.48454024715364,0.009310950453910881,0.0018963013799502852
151.20000000000002,45.48547134219903,0.009500580591905953,0.0019463722003442633
151.3,45.48642140025822,0.009695217811940368,0.0020112673840724897
151.4,45.48739092203942,0.009896344550347606,0.0020945109999566196
151.5,45.48838055649445,0.010105795650343256,0.0022309800351915914
151.6,45.48939113605948,0.010328893653862402,0.002314723938807173
151.70000000000002,45.49042402542487,0.010560366047743172,0.002296996878875897
151.8,45.491480062029645,0.010790065735630749,0.0022861553709812004
151.9,45.49255906860321,0.011018681272728856,0.0022460347903374414
152.0,45.49366093673048,0.011243284751762587,0.0021814599698201055
152.1,45.49478526520566,0.011461430748744585,0.0021509874253432745
152.20000000000002,45.49593140828053,0.011676529491278962,0.002245794108712169
152.3,45.49709906122966,0.011901108902150166,0.00237266337299764
152.4,45.498289172119875,0.012138375239449916,0.0024015548735628763
152.5,45.49950300964382,0.01237853072680619,0.002426829430687143
152.6,45.5007408627165,0.01262121366987489,0.0023803473859956292
152.70000000000002,45.50200298408349,0.012859248408474508,0.002330057554556571
152.8,45.50328890892433,0.013092254163930152,0.0022568817865006585
152.9,45.504598134340725,0.013317942342580205,0.0022325038949898
153.0,45.505929928574986,0.013541192732079172,0.0023186128319438552
153.1,45.507284047848195,0.013773054015273544,0.002437263653970457
153.20000000000002,45.50866135324972,0.014016780380670646,0.0024863874870465303
153.3,45.510063031287785,0.014265419129375284,0.0025282412445232264
153.4,45.51148957320073,0.014518243253827593,0.0025762809176981235
153.5,45.512941397526106,0.01477587134559739,0.002650842524073286
153.60000000000002,45.514418984660665,0.01504095559800478,0.002774616406658952
153.70000000000002,45.51592308022047,0.015318417238670659,0.0029490889107618274
153.8,45.517454921944335,0.015613326129746825,0.003183912164119389
153.9,45.51901625455731,0.015931717346158746,0.0034674243836188097
154.0,45.52060942629193,0.016278459784520607,0.0036995119448539598
154.10000000000002,45.52223727227038,0.016648410979006087,0.003902545153985304
154.20000000000002,45.52390211336828,0.017038665494404595,0.004038164153972444
154.3,45.52560597991772,0.017442481909801816,0.004088078522972185
154.4,45.5273502281087,0.01785128976209901,0.004101310471886524
154.5,45.52913535708491,0.01826142080928764,0.004031262556734568
154.60000000000002,45.53096149916584,0.01866454706496119,0.00389149864023925
154.70000000000002,45.532827953872335,0.019053696928985092,0.003704681674406715
154.8,45.534733323565234,0.019424165096425743,0.003453551277221185
154.9,45.53667574007488,0.01976952022414784,0.0031619783372096857
155.0,45.53865269209729,0.020085718057868792,0.002826222349081568
155.10000000000002,45.540661263903075,0.020368340292777013,0.0025187622210222404
155.20000000000002,45.54269809793235,0.020620216514879223,0.002217262155407283
155.3,45.54476011958384,0.02084194273041994,0.0018681702176349632
155.4,45.54684431385688,0.021028759752183424,0.0013961388945232553
155.5,45.5489471898321,0.021168373641635742,0.0009731782733267629
155.60000000000002,45.55106402719627,0.02126569146896844,0.0005592654289879288
155.70000000000002,45.553190596343164,0.02132161801186723,0.0001691404582792557
155.8,45.55532275814435,0.021338532057695155,-0.00022628125936256
155.9,45.55745661135012,0.0213159039317589,-0.0006624589415822989
156.0,45.559588201743296,0.021249658037600674,-0.0010868015625873804
156.10000000000002,45.561713167547055,0.02114097788134191,-0.0015208748189943046
156.20000000000002,45.56382726533519,0.02098889039944249,-0.0019409763221499698
156.3,45.565926154375134,0.020794792767227503,-0.002295091529207509
156.4,45.56800563365186,0.020565283614306765,-0.0025834638392603373
156.5,45.570062162013286,0.020306937230380746,-0.0029351761055236487
156.60000000000002,45.57209285573632,0.020013419619828315,-0.0032919109068072073
156.70000000000002,45.57409419769831,0.019684228529147613,-0.0036333889972895213
156.8,45.57606262055122,0.01932088962941868,-0.003971908225389887
156.9,45.577994709514165,0.018923698806879715,-0.00432722643943791
157.0,45.57988707939485,0.01849097616293595,-0.004746025313122796
157.10000000000002,45.581736177011145,0.01801637363162356,-0.005222882944435887
157.20000000000002,45.58353781437431,0.017494085337180002,-0.00562536657488421
157.3,45.58528722290803,0.016931548679691613,-0.00595369170588631
157.4,45.586980377775994,0.016336179509103016,-0.006270267259987024
157.5,45.5886139957269,0.01570915278310435,-0.0065800230075276035
157.60000000000002,45.59018491100522,0.01505115048235144,-0.006982220981478248
157.70000000000002,45.59169002605345,0.014352928384203654,-0.00740963538710789
157.8,45.59312531889187,0.013611964845492907,-0.007808652766691768
157.9,45.594486515376424,0.012831099568823775,-0.00818566556516499
158.0,45.595769625333304,0.012012533012307322,-0.008589049661877388
158.10000000000002,45.59697087863454,0.011153628046119388,-0.008899755663798352
158.20000000000002,45.59808624143915,0.010263652479739604,-0.00922897728255986
158.3,45.59911260668712,0.00934075475148367,-0.009574461523975317
158.4,45.600046682162265,0.008383308599086193,-0.009950515340876851
158.5,45.60088501302218,0.007388257064998564,-0.01034878050601498
158.60000000000002,45.60162383872868,0.006353379014396831,-0.010796628684683547
158.70000000000002,45.60225917663011,0.005273716145928538,-0.011250053669311902
158.8,45.60278654824471,0.004148710778997412,-0.011663972224785742
158.9,45.60320141932261,0.0029823135565189038,-0.012014613413318415
159.0,45.60349965067826,0.0017808522151871306,-0.012256785150110331
159.10000000000002,45.60367773589978,0.0005551737001758188,-0.012421563291482337
159.20000000000002,45.603733253269795,-0.0006869826289723442,-0.01255679483647555
159.3,45.6036645550069,-0.0019426621126198277,-0.01262308934046261
159.4,45.603470288795634,-0.003204971046666017,-0.012668376818414682
159.5,45.603149791690974,-0.004471808728507413,-0.012637775925682337
159.60000000000002,45.60270261081812,-0.005735586321075934,-0.012638473301103037
159.70000000000002,45.602129052186015,-0.006999433651186166,-0.012587159598764908
159.8,45.601429108820895,-0.008258149611062585,-0.01243412377547048
159.9,45.60060329385979,-0.009501561988609563,-0.012185450663915446
160.0,45.59965313766093,-0.010720107055001038,-0.011945398821107268
160.10000000000002,45.59858112695542,-0.011914646937112036,-0.011715223482047621
160.20000000000002,45.59738966226172,-0.013086169285316732,-0.011469616176732592
160.3,45.596081045333186,-0.014233130902989926,-0.011291175950189445
160.4,45.59465773224289,-0.015362248498008806,-0.011089591755978212
160.5,45.593121507393086,-0.016471207673606564,-0.010877453192665507
160.60000000000002,45.59147438662572,-0.017558952992873363,-0.0106797049430782
160.70000000000002,45.58971849132644,-0.018626923487181122,-0.01046227947471262
160.8,45.58785579897772,-0.019673151434652324,-0.01015893854818538
160.9,45.58588848383425,-0.020689045289470805,-0.009811391116952286
161.0,45.583819579305306,-0.021670184401165977,-0.009530953836092688
161.10000000000002,45.58165256086519,-0.022623279784775463,-0.009222001743035769
161.20000000000002,45.57939023288671,-0.023545479959078987,-0.0089018585007202
161.3,45.5770356848908,-0.024435665809150957,-0.008564013576116832
161.4,45.57459211830989,-0.02529206716676259,-0.008225353509379325
161.5,45.572062911593214,-0.026114602517700477,-0.007860572752922245
161.60000000000002,45.56945145134144,-0.02690065979299288,-0.007523127388834189
161.70000000000002,45.56676138536214,-0.027652972531876256,-0.007230278507978459
161.8,45.56399608810896,-0.02837600038267406,-0.00692400064989483
161.9,45.56115848807069,-0.029068400447663505,-0.006555790551614612
162.0,45.55825164802592,-0.02972397950282493,-0.00617376154240906
162.10000000000002,45.55527925007564,-0.030341355657065975,-0.0057508768940962305
162.20000000000002,45.55224511450993,-0.030916443346475565,-0.0052574790849480935
162.3,45.549153470175284,-0.031442191254970345,-0.004746295231879547
162.4,45.54600925104979,-0.03191682077815827,-0.004222661898510523
162.5,45.54281756897197,-0.0323390869680093,-0.003692837336675199
162.60000000000002,45.53958366027517,-0.032708370701676905,-0.0032826751044684943
162.70000000000002,45.536312823205,-0.033036638212123735,-0.0029552502993898957
162.8,45.53300915938379,-0.03333216324206271,-0.002584101232427785
162.9,45.52967594305959,-0.03359057336530547,-0.0021902047618568006
163.0,45.526316885723055,-0.03380959384149114,-0.00174689449838431
163.10000000000002,45.5229359263389,-0.03398428329132961,-0.0013012703076545386
163.20000000000002,45.519537498009775,-0.03411441032209506,-0.0009453552279425053
163.3,45.51612605697756,-0.0342089458448893,-0.0006274944408654971
163.4,45.512705162393075,-0.03427169528897585,-0.0003382912853092999
163.5,45.50927799286418,-0.034305524417506776,-9.853994508643973e-05
163.60000000000002,45.50584744042243,-0.03431537841201542,0.00010126696531485034
163.70000000000002,45.50241590258123,-0.03430525171548394,0.00024360269619676242
163.8,45.498985377409674,-0.03428089144586426,0.0004531632463889831
163.9,45.49555728826509,-0.03423557512122537,0.0007074528175166475
164.0,45.49213373075297,-0.03416482983947371,0.0010006394154817523
164.10000000000002,45.48871724776902,-0.03406476589792551,0.0013834101955787724
164.20000000000002,45.48531077117923,-0.03392642487836764,0.0017560316801226326
164.3,45.48191812869139,-0.033750821710355386,0.002043844032110406
164.4,45.47854304652036,-0.03354643730714436,0.0022629622263835897
164.5,45.47518840278964,-0.03332014108450601,0.0024150576878472696
164.60000000000002,45.47185638868119,-0.03307863531572123,0.002517874971772684
164.70000000000002,45.468548525149615,-0.032826847818543975,0.0026043974026035512
164.8,45.46526584036776,-0.032566408078283635,0.002676284205020848
164.9,45.46200919955994,-0.032298779657781565,0.002793551918781562
165.0,45.45877932159416,-0.032019424465903425,0.00289806509956931
165.10000000000002,45.45557737914756,-0.03172961795594643,0.0029715567036685563
165.20000000000002,45.45240441735197,-0.03143246228557959,0.003016389428418876
165.3,45.44926117112341,-0.03113082334273772,0.0030739020200574326
165.4,45.44614808878914,-0.030823433140731993,0.003177852902436815
165.5,45.44306574547507,-0.03050564785048833,0.0033042737348192835
165.60000000000002,45.44001518069002,-0.030175220477006326,0.0034775343073033503
165.70000000000002,45.43699765864232,-0.02982746704627601,0.0036246418977059123
165.8,45.43401491193769,-0.02946500285650544,0.003844946734453309
165.9,45.43106841165204,-0.02908050818306013,0.0040422067010085225
166.0,45.428160360833736,-0.0286762875129593,0.004234403914039663
166.10000000000002,45.42529273208244,-0.02825284712155524,0.0043799408433951225
166.20000000000002,45.42246744737028,-0.027814853037215752,0.004436797004841532
166.3,45.41968596206656,-0.027371173336731624,0.004422476241577921
166.4,45.416948844732886,-0.026928925712573857,0.0043345916353538065
166.5,45.41425595216163,-0.0264954665490385,0.004196991075025389
166.60000000000002,45.411606405506724,-0.026075767441535867,0.004035882198775348
166.70000000000002,45.40899882876257,-0.025672179221658355,0.0038520257894016194
166.8,45.40643161084041,-0.025286976642718215,0.0036892616100652285
166.9,45.40390291317613,-0.024918050481711713,0.0035448613310048245
167.0,45.40141110812797,-0.02456356434861125,0.003437648491915762
167.10000000000002,45.398954751693104,-0.024219799499419596,0.0033611221143900302
167.20000000000002,45.39653277174316,-0.023883687287980612,0.00326439113403716
167.3,45.39414440301436,-0.023557248174576915,0.0031868293524877573
167.4,45.3917886781969,-0.023238565239328157,0.003117463287063489
167.5,45.38946482167297,-0.022926818910621826,0.0030972055987179663
167.60000000000002,45.38717213978191,-0.02261709835074996,0.0030546654202638635
167.70000000000002,45.384910429946835,-0.02231163180872359,0.0030367946664254858
167.8,45.38267926676596,-0.02200795234208106,0.003012483915921236
167.9,45.38047847153175,-0.021706703950488952,0.0030210514965486168
168.0,45.37830780113671,-0.021404598800834108,0.002980559731677166
168.10000000000002,45.37616734125662,-0.021106542827666323,0.0029576299109113375
168.20000000000002,45.37405668697385,-0.020810779836575206,0.002920599063241824
168.3,45.3719756089902,-0.02051871993025104,0.0028634633747450194
168.4,45.36992373699717,-0.020232373592776555,0.0027782021458149144
168.5,45.3679004996379,-0.01995455337819508,0.0026100832596940744
168.60000000000002,45.36590504430008,-0.019693545052225613,0.00237849857107671
168.70000000000002,45.36393568979485,-0.019455695195117955,0.0021927477878864172
168.8,45.361990120275344,-0.019236420416329326,0.0020356125881746657
168.9,45.360066478233705,-0.01903285915751187,0.0018862599049052106
169.0,45.35816319231796,-0.01884423316702136,0.001772433377798268
169.10000000000002,45.35627876900126,-0.018666989829241493,0.0017396068140755217
169.20000000000002,45.35441207001833,-0.01849302914783395,0.001829924338442833
169.3,45.35256276710355,-0.018310036713989678,0.0019298776869897173
169.4,45.35073176343215,-0.018117048945290717,0.0020045110662495025
169.5,45.348920058537615,-0.01791659783866578,0.002080611930701677
169.60000000000002,45.34712839875375,-0.017708536645595564,0.0021684418831065446
169.70000000000002,45.34535754508919,-0.01749169245728492,0.0022558766456433933
169.8,45.343608375843466,-0.017266104792720595,0.0023425393668785196
169.9,45.34188176536419,-0.017031850856032756,0.0024274187786288417
170.0,45.34017858027859,-0.016789108978169886,0.002567380642198274
170.10000000000002,45.338499669380774,-0.01653237091395,0.0026941915516165223
170.20000000000002,45.33684643228938,-0.016262951758788363,0.00276987696550395
170.3,45.335220137113495,-0.015985964062237984,0.0027906260061998983
170.4,45.33362154070728,-0.01570690146161801,0.0027311826896713595
170.5,45.33205085056111,-0.01543378319265089,0.002669129710845941
170.60000000000002,45.33050747224185,-0.015166870221566235,0.0026422877514573175
170.70000000000002,45.32899078521969,-0.014902641446420518,0.0025922755324618834
170.8,45.32750052107505,-0.014643413893174344,0.0025869173245677848
170.9,45.32603617968573,-0.01438472216071758,0.0026545696107258283
171.0,45.32459770746966,-0.014119265199645013,0.002751922965869186
171.10000000000002,45.32318578094969,-0.013844072903058032,0.0027293207692799517
171.20000000000002,45.32180137365939,-0.013571140826130052,0.002721607891821696
171.3,45.320444259576774,-0.013298980036947898,0.002710455892046442
171.4,45.31911436157308,-0.01302793444774327,0.0026946869195290106
171.5,45.317811568128306,-0.012758465755790383,0.002671808786221252
171.60000000000002,45.316535721552725,-0.012491284877168198,0.0026864689478848514
171.70000000000002,45.31528659306501,-0.012222637982379728,0.0027342579809081285
171.8,45.31406432926677,-0.01194921218428893,0.002812604301870272
171.9,45.31286940804834,-0.011667951754101919,0.002835570553605936
172.0,45.311702612872935,-0.011384394698741342,0.0027975745087463707
172.10000000000002,45.31056417340306,-0.011104637247866641,0.002756792181186404
172.20000000000002,45.30945370967827,-0.010828958029748016,0.0027641190270834637
172.3,45.3083708138753,-0.010552546127039686,0.0028176191899203927
172.4,45.30731555926259,-0.010270784208047662,0.002840614718480806
172.5,45.306288480841786,-0.009986722736199598,0.0028283643950649862
172.60000000000002,45.30528980856817,-0.009703886296693035,0.0028131741917296724
172.70000000000002,45.3043194199385,-0.009422568877520084,0.002802423283024428
172.8,45.30337716305075,-0.009142326549217657,0.002829935156372717
172.9,45.302462930395826,-0.008859333033580401,0.0028214524975911934
173.0,45.30157699709247,-0.008577187783821298,0.002788109193245192
173.10000000000002,45.300719278314084,-0.008298376864496715,0.002779788502142619
173.20000000000002,45.29988944062764,-0.008020398014282469,0.0027109593137020194
173.3,45.29908740082621,-0.0077493020829122825,0.002632770780582928
173.4,45.298312470617915,-0.007486025004854005,0.002499171918746655
173.5,45.29756386811743,-0.007236107812979353,0.0023577079281644087
173.60000000000002,45.296840257336136,-0.007000337020162859,0.0022258649871835998
173.70000000000002,45.29614022363412,-0.006777750521444512,0.0021425375513229373
173.8,45.29546244858197,-0.00656349676631223,0.002074419833418677
173.9,45.29480609890534,-0.006356054782970374,0.002002096233926863
174.0,45.294170493427046,-0.006155845159577699,0.0019204563416781264
174.10000000000002,45.293554908911084,-0.005963799525409843,0.0018468127243334324
174.20000000000002,45.29295852895854,-0.00577911825297651,0.001784408650709072
174.3,45.29238061713325,-0.005600677387905613,0.001776855049322202
174.4,45.29182054939446,-0.005422991882973403,0.0017446778262866904
174.5,45.29127825020616,-0.005248524100344744,0.0017107656748508427
174.60000000000002,45.290753397796124,-0.005077447532859621,0.0015960409952351724
174.70000000000002,45.29024565304284,-0.0049178434333361125,0.0014842025133292105
174.8,45.289753868699506,-0.0047694231820032,0.001318254257901124
174.9,45.289276926381305,-0.004637597756213095,0.0011265740830020078
175.0,45.288813166605685,-0.004524940347912901,0.0009516925377954948
175.10000000000002,45.288360672570896,-0.0044297710941333295,0.0007591250470079505
175.20000000000002,45.28791769546148,-0.004353858589432539,0.0005578020905624517
175.3,45.28748230960254,-0.004298078380376297,0.0003928533741273715
175.4,45.2870525017645,-0.004258793042963562,0.000233937666300143
175.5,45.286626622460204,-0.004235399276333549,6.106938120843153e-05
175.60000000000002,45.28620308253257,-0.004229292338212704,-0.0001088056715588321
175.70000000000002,45.285780153298745,-0.004240172905368587,-0.00030566211644145023
175.8,45.28535613600821,-0.00427073911701273,-0.00044341528840642896
175.9,45.28492906209651,-0.004315080645853371,-0.0005786133499492591
176.0,45.28449755403192,-0.004372941980848293,-0.0006679638172509211
176.10000000000002,45.28406025983384,-0.0044397383625734005,-0.0006538649607626339
176.20000000000002,45.28361628599758,-0.00450512485864966,-0.0006137973398652379
176.3,45.28316577351172,-0.0045665045926361805,-0.0005827091406624097
176.4,45.282709123052456,-0.004624775506702418,-0.0004954031131449333
176.5,45.282246645501786,-0.004674315818016909,-0.0004314545364044576
176.60000000000002,45.28177921391998,-0.004717461271657364,-0.0002715377456443088
176.70000000000002,45.281307467792814,-0.0047446150462217935,-3.478068146604344e-05
176.8,45.2808330062882,-0.004748093114368398,0.00018943563619314187
176.9,45.280358196976756,-0.0047291495507490846,0.000319754970404853
177.0,45.27988528202168,-0.004697174053708601,0.00040494901419560285
177.10000000000002,45.279415564616315,-0.004656679152289032,0.0005552181027373343
177.20000000000002,45.278949896701086,-0.004601157342015301,0.0007399412912421116
177.3,45.27848978096688,-0.004527163212891094,0.0010230353594895226
177.4,45.278037064645595,-0.004424859676942148,0.0012792656119847473
177.5,45.2775945786779,-0.0042969331157436804,0.001540902591316732
177.60000000000002,45.277164885366325,-0.004142842856611972,0.0017942837474226796
177.70000000000002,45.276750601080664,-0.0039634144818697144,0.0020783428297768483
177.8,45.27635425963248,-0.0037555801988920414,0.002304156169056112
177.9,45.27597870161259,-0.0035251645819864433,0.0024733848672374454
178.0,45.27562618515439,-0.003277826095262713,0.00263343340215326
178.10000000000002,45.27529840254486,-0.003014482755047327,0.00274717306644183
178.20000000000002,45.274996954269355,-0.0027397654484031596,0.002975057815593012
178.3,45.274722977724515,-0.0024422596668438753,0.0031373155661553694
178.4,45.27447875175783,-0.002128528110228356,0.003194961622960783
178.5,45.27426589894681,-0.001809031947932296,0.0032160347227855038
178.60000000000002,45.27408499575201,-0.0014874284756536725,0.0031835120820012533
178.70000000000002,45.27393625290445,-0.0011690772674535653,0.0031063484762033355
178.8,45.27381934517771,-0.0008584424198332494,0.003113489911274241
178.9,45.27373350093572,-0.000547093428705843,0.0031714361750267554
179.0,45.27367879159285,-0.00022994981120318545,0.003177883976597292
179.10000000000002,45.27365579661173,8.783858645661603e-05,0.0031380810227749595
179.20000000000002,45.273664580470374,0.00040164668873409414,0.0030912109577157297
179.3,45.27370474513925,0.0007107677845056495,0.003044366311459851
179.4,45.2737758219177,0.0010152044156516173,0.0029618044503846915
179.5,45.27387734235926,0.0013113848606900696,0.0028778890307320413
179.60000000000002,45.27400848084533,0.0015991737637633392,0.0028600368673636152
179.70000000000002,45.27416839822171,0.0018851774504996845,0.0029422870174192362
179.8,45.27435691596676,0.0021794061522415913,0.0030744645365014
179.9,45.274574856581985,0.002486852605891714,0.00318553662745127
180.0,45.27482354184257,0.0028054062686368227,0.003317470996306838
180.10000000000002,45.27510408246944,0.003137153368267582,0.0034424640525892096
180.20000000000002,45.27541779780626,0.0034813997735264834,0.0035978419391399924
180.3,45.27576593778362,0.003841183967440462,0.0038130178211714287
180.4,45.27615005618036,0.004222485749557583,0.004073933900495807
180.5,45.27657230475532,0.004629879139607141,0.004347395882956179
180.60000000000002,45.277035292669275,0.005064618727902858,0.004644680324682758
180.70000000000002,45.27754175454207,0.005529086760371107,0.0048661844188182994
180.8,45.278094663218106,0.006015705202252909,0.00501342041584433
180.9,45.27869623373833,0.006517047243837314,0.005161430795468214
181.0,45.27934793846271,0.007033190323384106,0.005196054579440369
181.10000000000002,45.28005125749505,0.007552795781328261,0.005176305698177734
181.20000000000002,45.28080653707318,0.008070426351146005,0.005151271706922577
181.3,45.2816135797083,0.008585553521838233,0.00506877619080702
181.4,45.28247213506049,0.009092431140918907,0.004939768390276725
181.5,45.283381378174575,0.009586407979946551,0.004796882642791186
181.60000000000002,45.28434001897257,0.010066096244225779,0.004645705765575114
181.70000000000002,45.28534662859699,0.010530666820783264,0.004500729182228057
181.8,45.28639969527907,0.010980739739006044,0.004257510875373404
181.9,45.28749776925297,0.01140649082654336,0.003922006786568272
182.0,45.28863841833563,0.011798691505200165,0.00363167020844472
182.10000000000002,45.28981828748615,0.01216185852604472,0.003346847526959004
182.20000000000002,45.291034473338755,0.0124965432787406,0.0029579294400188787
182.3,45.292284127666626,0.012792336222742472,0.0025849905568495458
182.4,45.293563361288896,0.013050835278427412,0.0022098610048029927
182.5,45.29486844481674,0.013271821378907698,0.001833701835248311
182.60000000000002,45.296195626954635,0.013455191562432571,0.0014544351610073843
182.70000000000002,45.29754114611087,0.013600635078533301,0.001139328577524994
182.8,45.29890120961873,0.013714567936285794,0.0008048080901384049
182.9,45.30027266641236,0.01379504874529963,0.000505844693101121
183.0,45.30165217128689,0.01384563321460974,0.00019521616711021332
183.10000000000002,45.30303673460835,0.013865154831320765,-5.9426495877763686e-05
183.20000000000002,45.30442325009148,0.013859212181732989,-0.0002527312948354612
183.3,45.305809171309654,0.013833939052249444,-0.0004019539846889019
183.4,45.307192565214876,0.013793743653780556,-0.0005629388359644987
183.5,45.308571939580254,0.01373744977018411,-0.000719157896244316
183.60000000000002,45.30994568455728,0.013665533980559662,-0.000784933304944876
183.70000000000002,45.311312237955335,0.013587040650065179,-0.0008795157372380368
183.8,45.31267094202034,0.01349908907634138,-0.001011047961425477
183.9,45.314020850927974,0.013397984280198838,-0.0011231158386118835
184.0,45.315360649355995,0.013285672696337656,-0.0011802991712704229
184.10000000000002,45.316689216625626,0.013167642779210587,-0.001136585183882407
184.20000000000002,45.31800598090355,0.013053984260822353,-0.001045915004471387
184.3,45.319311379329626,0.01294939276037522,-0.0009569283604114246
184.4,45.32060631860567,0.012853699924334083,-0.0008808145087684982
184.5,45.3218916885981,0.012765618473457238,-0.0007183972488387331
184.60000000000002,45.32316825044545,0.012693778748573348,-0.00046521805661291086
184.70000000000002,45.324437628320304,0.01264725694291206,-0.00021926337213099207
184.8,45.325702354014595,0.012625330605698962,1.4684792144643302e-05
184.9,45.326964887075164,0.012626799084913426,0.0002148186858414361
185.0,45.32822756698366,0.012648280953497569,0.00033226119072399675
185.10000000000002,45.32949239507901,0.012681507072569976,0.00041900776299623417
185.20000000000002,45.33076054578626,0.012723407848869597,0.0004978647754887438
185.3,45.33203288657115,0.012773194326418469,0.0005220932738274639
185.4,45.333310206003794,0.012825403653801212,0.0004268336078777357
185.5,45.33459274636917,0.012868087014588983,0.00028239964529133514
185.60000000000002,45.33587955507063,0.012896326979118123,0.00013223303011926772
185.70000000000002,45.337169187768545,0.012909550282130049,9.56406596178182e-05
185.8,45.338460142796755,0.01291911434809183,0.0001052834415922352
185.9,45.33975205423157,0.012929642692251053,-9.359398807137602e-06
186.0,45.341045018500786,0.01292870675237034,-9.836279908039867e-05
186.10000000000002,45.34233788917603,0.012918870472462297,-0.00012239130417827235
186.20000000000002,45.343629776223274,0.012906631342044471,-6.66119045745903e-05
186.3,45.34492043935748,0.012899970151587012,-8.577815032556754e-05
186.4,45.34621043637264,0.012891392336554456,-0.0001678469117668514
186.5,45.34749957560629,0.012874607645377772,-0.000264621891376419
186.60000000000002,45.34878703637083,0.012848145456240124,-0.0003252199538556118
186.70000000000002,45.35007185091645,0.012815623460854565,-0.000308141568351253
186.8,45.35135341326254,0.012784809304019441,-0.00023603010348170357
186.9,45.35263189419294,0.012761206293671272,-0.0002592506776113975
187.0,45.35390801482231,0.012735281225910134,-0.00021625475766434292
187.10000000000002,45.3551815429449,0.012713655750143694,-0.00023960263987564027
187.20000000000002,45.35645290851991,0.012689695486156132,-0.00036602870025182616
187.3,45.35772187806853,0.012653092616130951,-0.0005292042611789194
187.4,45.35898718733014,0.012600172190013062,-0.0006958989197261789
187.5,45.36024720454914,0.012530582298040448,-0.0008721280957963493
187.60000000000002,45.36150026277895,0.012443369488460794,-0.001044185930533539
187.70000000000002,45.36274459972779,0.012338950895407446,-0.0012833165192085334
187.8,45.36397849481733,0.0122106192434866,-0.0014751409285244383
187.9,45.365199556741686,0.012063105150634164,-0.0016295434482680646
188.0,45.366405867256745,0.011900150805807367,-0.0017136754421517252
188.10000000000002,45.367595882337326,0.011728783261592155,-0.0018111823499408753
188.20000000000002,45.368768760663485,0.011547665026598078,-0.0019123268651668722
188.3,45.369923527166144,0.011356432340081402,-0.001984306632937813
188.4,45.37105917040015,0.011158001676787632,-0.0020372620113904712
188.5,45.37217497056783,0.010954275475648596,-0.0021088693899438847
188.60000000000002,45.373270398115395,0.01074338853665416,-0.002098492177204385
188.70000000000002,45.374344736969064,0.010533539318933733,-0.0020190911081562524
188.8,45.37539809090096,0.01033163020811812,-0.0018950193014158035
188.9,45.376431253921766,0.01014212827797655,-0.001812113315852389
189.0,45.37744546674956,0.009960916946391321,-0.0017281266517790257
189.10000000000002,45.3784415584442,0.00978810428121338,-0.001657606864818921
189.20000000000002,45.379420368872324,0.009622343594731497,-0.0015969972399163714
189.3,45.3803826032318,0.009462643870739869,-0.0015942748223245766
189.4,45.381328867618876,0.00930321638850742,-0.0015891115657486398
189.5,45.382259189257724,0.009144305231932565,-0.0016275028578026836
189.60000000000002,45.38317361978092,0.00898155494615226,-0.0018068523313332489
189.70000000000002,45.38407177527553,0.008800869713018945,-0.0018693479664421407
189.8,45.38495186224684,0.008613934916374742,-0.0019502858551364679
189.9,45.38581325573847,0.008418906330861106,-0.002023262715285742
190.0,45.38665514637156,0.008216580059332543,-0.0021309144950502914
190.10000000000002,45.38747680437749,0.008003488609827466,-0.002169799990579615
190.20000000000002,45.38827715323848,0.007786508610769517,-0.002197411459862901
190.3,45.38905580409955,0.007566767464783239,-0.0021922985797351853
190.4,45.38981248084603,0.007347537606809733,-0.0021802552735690683
190.5,45.39054723460671,0.007129512079452839,-0.0021137139172918793
190.60000000000002,45.39126018581466,0.006918140687723603,-0.0020473988016253327
190.70000000000002,45.391951999883425,0.006713400807561081,-0.001989738305445497
190.8,45.39262333996418,0.006514426977016543,-0.0019935718595125774
190.9,45.393274782661884,0.006315069791065296,-0.001966680318277952
191.0,45.393906289640995,0.006118401759237512,-0.0019353522969397664
191.10000000000002,45.394518129816916,0.0059248665295434915,-0.0019482527465457496
191.20000000000002,45.39511061646987,0.005730041254888928,-0.0019959418871817137
191.3,45.395683620595356,0.005530447066170768,-0.002036451509286515
191.4,45.39623666530198,0.005326801915242128,-0.0020571664529655696
191.5,45.3967693454935,0.005121085269945582,-0.0022134787695844093
191.60000000000002,45.397281454020494,0.004899737392987091,-0.0024652855578838353
191.70000000000002,45.39777142775979,0.004653208837198722,-0.0028032624364015784
191.8,45.39823674864351,0.00437288259355858,-0.003090779607784358
191.9,45.39867403690287,0.0040638046327801615,-0.0033292280784283177
192.0,45.39908041736615,0.0037308818249373486,-0.0035527738221736546
192.10000000000002,45.39945350554864,0.0033756044427199023,-0.00370494379994879
192.20000000000002,45.399791065992915,0.0030051100627250444,-0.0038183934701389085
192.3,45.40009157699919,0.0026232707157111753,-0.003850906520545827
192.4,45.400353904070755,0.0022381800636566145,-0.003869258317599223
192.5,45.400577722077124,0.0018512542318967142,-0.003916993862148988
192.60000000000002,45.40076284750031,0.0014595548456817263,-0.004035976613321825
192.70000000000002,45.40090880298488,0.0010559571843495668,-0.004241234822257577
192.8,45.40101439870332,0.0006318337021238332,-0.004347236001620747
192.9,45.401077582073526,0.0001971101019617832,-0.004434887567366767
193.0,45.40109729308372,-0.00024637865477486823,-0.0045201444748056326
193.10000000000002,45.40107265521824,-0.0006983931022555343,-0.004630660040588438
193.20000000000002,45.40100281590802,-0.0011614591063143517,-0.004813917944927813
193.3,45.40088666999739,-0.0016428509008071057,-0.005027328290661576
193.4,45.40072238490731,-0.0021455837298732347,-0.005195216356120875
193.5,45.40050782653432,-0.0026651053654852927,-0.005364077309526998
193.60000000000002,45.400241315997775,-0.0032015130964381145,-0.0055566860528594025
193.70000000000002,45.39992116468813,-0.003757181701724023,-0.005733211710677329
193.8,45.399545446517955,-0.004330502872791723,-0.005896432795828322
193.9,45.39911239623068,-0.004920146152374522,-0.005992366229790371
194.0,45.39862038161544,-0.005519382775353525,-0.005928986872608977
194.10000000000002,45.398068443337905,-0.0061122814626145576,-0.005831272020724823
194.20000000000002,45.39745721519164,-0.006695408664687007,-0.005739911835019748
194.3,45.396787674325175,-0.007269399848188949,-0.005690331692177955
194.4,45.39606073434035,-0.007838433017406712,-0.005595295680323852
194.5,45.39527689103861,-0.008397962585439065,-0.005417712327178779
194.60000000000002,45.39443709478007,-0.008939733818157066,-0.005188022200935585
194.70000000000002,45.39354312139825,-0.009458536038250595,-0.004903075473267853
194.8,45.39259726779443,-0.009948843585577353,-0.004615636815229215
194.9,45.391602383435874,-0.010410407267100248,-0.004314894846927534
195.0,45.39056134270916,-0.010841896751792977,-0.003987788514733695
195.10000000000002,45.38947715303399,-0.011240675603266437,-0.003687155532414306
195.20000000000002,45.38835308547365,-0.011609391156507847,-0.003344466176870442
195.3,45.387192146358004,-0.011943837774194872,-0.002944508292872597
195.4,45.38599776258059,-0.012238288603482115,-0.002614882400269358
195.5,45.38477393372024,-0.012499776843509036,-0.0023191269701298214
195.60000000000002,45.38352395603589,-0.01273168954052207,-0.0021299533785746646
195.70000000000002,45.38225078708184,-0.012944684878379525,-0.001933303963303461
195.8,45.380956318593995,-0.01313801527470986,-0.001682718589590621
195.9,45.37964251706653,-0.013306287133668913,-0.001496225025559952
196.0,45.37831188835316,-0.0134559096362249,-0.0013013039685530632
196.10000000000002,45.37696629738954,-0.013586040033080235,-0.0010584820413657343
196.20000000000002,45.37560769338623,-0.013691888237216803,-0.0009017936838990284
196.3,45.374238504562506,-0.0137820676056067,-0.0008209700960053136
196.4,45.37286029780195,-0.013864164615207227,-0.0008068436609616072
196.5,45.37147388134043,-0.013944848981303383,-0.0007547235179547839
196.60000000000002,45.37007939644229,-0.014020321333098879,-0.0008344560619657654
196.70000000000002,45.36867736430899,-0.01410376693929545,-0.0008678685317677737
196.8,45.367266987615054,-0.014190553792472223,-0.0008256233713127334
196.9,45.36584793223581,-0.014273116129603492,-0.0007305021984378087
197.0,45.36442062062285,-0.014346166349447268,-0.0006032350362644381
197.10000000000002,45.362986003987906,-0.014406489853073726,-0.00039845477269597797
197.20000000000002,45.3615453550026,-0.014446335330343322,-0.0001846866074038945
197.3,45.360100721469564,-0.01446480399108371,4.994567037444545e-05
197.4,45.358654241070454,-0.014459809424046266,0.0002627402383890778
197.5,45.35720826012805,-0.01443353540020736,0.0004498360581588913
197.60000000000002,45.35576490658803,-0.01438855179439146,0.0006364231187645454
197.70000000000002,45.35432605140859,-0.014324909482515009,0.0008682108418761576
197.8,45.35289356046034,-0.014238088398327398,0.0011007163094564727
197.9,45.351469751620506,-0.014128016767381757,0.0012717502810706577
198.0,45.35005694994376,-0.014000841739274699,0.0014332785605692228
198.10000000000002,45.34865686576984,-0.013857513883217744,0.0016068311375496771
198.20000000000002,45.34727111438152,-0.013696830769462785,0.0017395048451280173
198.3,45.34590143130457,-0.013522880284949993,0.0018254321205177398
198.4,45.344549143276076,-0.01334033707289823,0.0018681991135474142
198.5,45.34321510956879,-0.013153517161543499,0.0018594686871590692
198.60000000000002,45.34189975785263,-0.01296757029282755,0.001846757520260132
198.70000000000002,45.34060300082335,-0.012782894540801547,0.0017934427493216678
198.8,45.33932471136927,-0.01260355026586939,0.0018010771469741966
198.9,45.338064356342684,-0.012423442551171981,0.0017964408967000177
199.0,45.336822012087566,-0.01224379846150199,0.001778431607254641
199.10000000000002,45.33559763224142,-0.012065955300776485,0.0017781836416190665
199.20000000000002,45.33439103671134,-0.011888136936614589,0.0017535266974147553
199.3,45.33320222301768,-0.011712784266873123,0.0017482163210230267
199.4,45.33203094459099,-0.01153796263477083,0.0018331255754130279
199.5,45.33087714832751,-0.011354650077229538,0.0019924716530134667
199.60000000000002,45.32974168331979,-0.011155402911928146,0.0021805126069097984
199.70000000000002,45.32862614302859,-0.010937351651237178,0.0024486770607199363
199.8,45.32753240786347,-0.010692483945165199,0.0027462951542943544
199.9,45.32646315946896,-0.010417854429735779,0.0027462951542943544
200.0,45.325421374025986,nan,nan
