Time(s),Drum_Angle(deg),Drum_Velocity(deg/s),Drum_Acceleration(deg/s^2)
0.0,45.0,0.0,0.004530128148647478
0.1,45.0,0.00045301281486474776,0.0046167819074882654
0.2,45.00004530128149,0.0009146910056135743,0.004741594766677763
0.30000000000000004,45.00013677038205,0.0013888504822813508,0.004869535121568709
0.4,45.00027565543028,0.0018758039944382215,0.004976932633214277
0.5,45.00046323582972,0.002373497257759649,0.005045654800333583
0.6000000000000001,45.00070058555549,0.002878062737793008,0.005131478652439792
0.7000000000000001,45.000988391829274,0.003391210603036987,0.005262914035958217
0.8,45.00132751288958,0.003917502006632809,0.005339670264010722
0.9,45.001719263090244,0.004451469033033881,0.005315105150120598
1.0,45.00216440999355,0.0049829795480459405,0.005320290262916939
1.1,45.00266270794835,0.005515008574337635,0.005338480539841257
1.2000000000000002,45.00321420880579,0.006048856628321761,0.005447822780940144
1.3,45.00381909446862,0.006593638906415775,0.005624270653808295
1.4000000000000001,45.00447845835926,0.007156065971796605,0.005757108429207688
1.5,45.005194064956434,0.007731776814717373,0.005837204752614922
1.6,45.00596724263791,0.008315497289978865,0.005916268327484509
1.7000000000000002,45.00679879236691,0.008907124122727317,0.006001846828949117
1.8,45.00768950477918,0.009507308805622228,0.0061468645894276145
1.9000000000000001,45.00864023565974,0.01012199526456499,0.006234138038936502
2.0,45.0096524351862,0.010745409068458639,0.006264613876462427
2.1,45.010726976093046,0.011371870456104882,0.006262791922375383
2.2,45.011864163138654,0.011998149648342421,0.006239861007695241
2.3000000000000003,45.01306397810349,0.012622135749111946,0.006257246712071252
2.4000000000000004,45.0143261916784,0.013247860420319071,0.006308290542375328
2.5,45.01565097772043,0.013878689474556602,0.006324861921533776
2.6,45.01703884666789,0.01451117566670998,0.006309745719228066
2.7,45.01848996423456,0.015142150238632787,0.006281928183224228
2.8000000000000003,45.02000417925842,0.01577034305695521,0.006295066478297218
2.9000000000000004,45.02158121356412,0.016399849704784933,0.006296555834484097
3.0,45.02322119853459,0.01702950528823334,0.0062389599961251655
3.1,45.024924149063416,0.017653401287845857,0.006182662816046897
3.2,45.0266894891922,0.018271667569450548,0.006052790937419861
3.3000000000000003,45.02851665594915,0.018876946663192534,0.005959848855099087
3.4000000000000004,45.03040435061547,0.019472931548702443,0.005872864374890534
3.5,45.03235164377034,0.020060217986191495,0.005825534491863122
3.6,45.034357665568955,0.020642771435377807,0.005720626254585576
3.7,45.036421942712494,0.021214834060836366,0.005638554339135038
3.8000000000000003,45.03854342611858,0.02177868949474987,0.005536926591705177
3.9000000000000004,45.04072129506805,0.022332382153920388,0.0054034192602296135
4.0,45.04295453328345,0.022872724079943348,0.00521537384985668
4.1000000000000005,45.04524180569144,0.02339426146492902,0.005050334638338501
4.2,45.04758123183793,0.023899294928762867,0.004867556145281993
4.3,45.04997116133081,0.024386050543291064,0.004692951654985791
4.4,45.05240976638514,0.024855345708789646,0.0045909606797990025
4.5,45.05489530095602,0.025314441776769545,0.0045026963386210934
4.6000000000000005,45.0574267451337,0.025764711410631656,0.00441228209228617
4.7,45.06000321627476,0.026205939619860272,0.004374894340057241
4.800000000000001,45.062623810236744,0.026643429053865998,0.00436872276432196
4.9,45.06528815314213,0.027080301330298193,0.004414724412929465
5.0,45.06799618327516,0.027521773771591138,0.004498512059629398
5.1000000000000005,45.07074836065232,0.02797162497755408,0.004608563558060763
5.2,45.073545523150074,0.028432481333360154,0.004778144330088693
5.300000000000001,45.07638877128341,0.028910295766369026,0.004899959188871903
5.4,45.07927980086005,0.029400291685256215,0.004922258017328266
5.5,45.08221983002857,0.02989251748698904,0.004910849900623239
5.6000000000000005,45.08520908177727,0.030383602477051366,0.004802287068681691
5.7,45.08824744202498,0.030863831183919534,0.004655714204767322
5.800000000000001,45.091333825143366,0.03132940260439627,0.004509766783762097
5.9,45.09446676540381,0.03178037928277248,0.004305860643321212
6.0,45.09764480333209,0.032210965347104596,0.004077422791345909
6.1000000000000005,45.1008658998668,0.03261870762623919,0.003939564219399783
6.2,45.10412777062942,0.033012664048179166,0.0038991528373555143
6.300000000000001,45.10742903703424,0.03340257933191472,0.003930889401311824
6.4,45.11076929496743,0.0337956682720459,0.003972992429273431
6.5,45.11414886179463,0.03419296751497324,0.003964904571913445
6.6000000000000005,45.117568158546135,0.03458945797216459,0.003972422871313608
6.7,45.12102710434335,0.03498670025929595,0.003949019600086916
6.800000000000001,45.124525774369275,0.03538160221930464,0.0039341367745362454
6.9,45.12806393459121,0.035775015896758265,0.0039013782806791297
7.0,45.131641436180885,0.03616515372482618,0.0039002940958269214
7.1000000000000005,45.13525795155336,0.03655518313440887,0.004024822696586189
7.2,45.13891346986681,0.03695766540406749,0.004150045489493804
7.300000000000001,45.14260923640722,0.03737266995301687,0.004167959988930923
7.4,45.14634650340252,0.03778946595190996,0.004113577310232653
7.5,45.15012544999771,0.038200823682933226,0.004065064018013548
7.6000000000000005,45.153945532366,0.03860733008473458,0.003958979074905347
7.7,45.157806265374475,0.039003227992225116,0.0038516055109390703
7.800000000000001,45.16170658817369,0.039388388543319025,0.0037665026002856174
7.9,45.165645427028025,0.039765038803347585,0.0036439121664835197
8.0,45.16962193090836,0.040129430019995936,0.0035001762056672534
8.1,45.17363487391036,0.04047944764056266,0.003281830530697827
8.200000000000001,45.17768281867442,0.04080763069363245,0.003024907952682437
8.3,45.18176358174378,0.04111012148890069,0.0027518929062384056
8.4,45.18587459389267,0.04138531077952453,0.0025126731958603162
8.5,45.190013124970626,0.04163657809911056,0.002321686349916066
8.6,45.19417678278054,0.041868746734102166,0.0021284343711311772
8.700000000000001,45.198363657453946,0.04208159017121529,0.0018527803857825635
8.8,45.202571816471064,0.04226686820979354,0.0015910375764025737
8.9,45.20679850329205,0.0424259719674338,0.0013364550053553185
9.0,45.21104110048879,0.04255961746796933,0.0010244792223303193
9.1,45.215297062235585,0.04266206539020236,0.000715024978988125
9.200000000000001,45.21956326877461,0.042733567888101176,0.00045134230811691596
9.3,45.223836625563415,0.04277870211891287,0.00017271341363062138
9.4,45.22811449577531,0.04279597346027593,-5.213954789459759e-05
9.5,45.232394093121336,0.04279075950548647,-0.00014798452139946693
9.600000000000001,45.236673169071885,0.04277596105334652,-0.0002618129072889256
9.700000000000001,45.24095076517722,0.04274977976261763,-0.0003524205137395166
9.8,45.24522574315348,0.04271453771124368,-0.00045347503909401617
9.9,45.24949719692461,0.04266919020733428,-0.0005973975952385684
10.0,45.25376411594534,0.04260945044781042,-0.0007120013569065258
10.100000000000001,45.25802506099012,0.04253825031211977,-0.0008828191148065771
10.200000000000001,45.262278886021335,0.04244996840063911,-0.0010261851281664245
10.3,45.2665238828614,0.04234734988782247,-0.0012205238751056323
10.4,45.27075861785018,0.042225297500311905,-0.0013653676945600593
10.5,45.27498114760021,0.0420887607308559,-0.0014960432660881188
10.600000000000001,45.279190023673294,0.041939156404247085,-0.001632087812904476
10.700000000000001,45.28338393931372,0.04177594762295664,-0.0017073616511331718
10.8,45.28756153407602,0.04160521145784332,-0.0018562133713429722
10.9,45.2917220552218,0.041419590120709025,-0.0020019256147011597
11.0,45.29586401423387,0.04121939755923891,-0.0021453156243604306
11.100000000000001,45.2999859539898,0.041004865996802864,-0.002293096815213233
11.200000000000001,45.30408644058947,0.04077555631528154,-0.002396123558692379
11.3,45.308163996221005,0.040535943959412304,-0.0025175826986131252
11.4,45.312217590616946,0.04028418568955099,-0.0025822557819885857
11.5,45.316246009185896,0.040025960111352135,-0.0026086847421625723
11.600000000000001,45.32024860519704,0.039765091637135874,-0.002647911417316416
11.700000000000001,45.32422511436075,0.039500300495404234,-0.002737563545199005
11.8,45.32817514441029,0.039226544140884334,-0.0028261928529973407
11.9,45.33209779882438,0.0389439248555846,-0.002951243085571955
12.0,45.335992191309934,0.038648800547027407,-0.003118457520685053
12.100000000000001,45.33985707136464,0.0383369547949589,-0.0032297375312476924
12.200000000000001,45.343690766844134,0.03801398104183413,-0.0032273825317808676
12.3,45.34749216494832,0.03769124278865604,-0.0031808495791571635
12.4,45.35126128922718,0.03737315783074033,-0.0030837065482992973
12.5,45.35499860501026,0.0370647871759104,-0.0029617452473286033
12.600000000000001,45.35870508372785,0.036768612651177535,-0.002844380583574706
12.700000000000001,45.36238194499297,0.036484174592820065,-0.0026981123480335307
12.8,45.36603036245225,0.03621436335801671,-0.002618650590136768
12.9,45.36965179878805,0.03595249829900304,-0.0024814982209889983
13.0,45.37324704861795,0.03570434847690414,-0.002355204322179555
13.100000000000001,45.37681748346564,0.03546882804468618,-0.0022217972485989107
13.200000000000001,45.38036436627011,0.03524664831982629,-0.0022301838108809086
13.3,45.38388903110209,0.0350236299387382,-0.0023466595622502555
13.4,45.387391394095964,0.034788963982513174,-0.002447190767500421
13.5,45.39087029049422,0.03454424490576313,-0.0025446236061611367
13.600000000000001,45.39432471498479,0.034289782545147016,-0.002701187706578299
13.700000000000001,45.39775369323931,0.03401966377448919,-0.0028736041893344492
13.8,45.401155659616755,0.03373230335555574,-0.0030399415226299684
13.9,45.40452888995231,0.03342830920329275,-0.0031961893830327716
14.0,45.40787172087264,0.03310869026498947,-0.003321281425377001
14.100000000000001,45.41118258989914,0.032776562122451766,-0.0033956641160169786
14.200000000000001,45.41446024611139,0.03243699571085007,-0.0034838283070862245
14.3,45.41770394568247,0.03208861288014145,-0.0036282041097104997
14.4,45.420912806970485,0.0317257924691704,-0.00382130339638341
14.5,45.4240853862174,0.03134366212953206,-0.0039268427586158575
14.600000000000001,45.427219752430354,0.03095097785367047,-0.0040317889889339925
14.700000000000001,45.43031485021572,0.03054779895477707,-0.004151553921626896
14.8,45.4333696301112,0.030132643562614383,-0.00426466159432705
14.9,45.436382894467464,0.02970617740318168,-0.004438403240553545
15.0,45.43935351220778,0.029262337079126326,-0.0045971974148390675
15.100000000000001,45.44227974591569,0.028802617337642413,-0.004709064667722927
15.200000000000001,45.445160007649456,0.028331710870870122,-0.004785310032272994
15.3,45.447993178736546,0.027853179867642824,-0.004925163317129385
15.4,45.45077849672331,0.027360663535929888,-0.005042863520816639
15.5,45.4535145630769,0.026856377183848226,-0.005201432111343325
15.600000000000001,45.45620020079529,0.026336233972713886,-0.005403732093764038
15.700000000000001,45.45883382419256,0.025795860763337484,-0.005613833956710348
15.8,45.46141341026889,0.02523447736766645,-0.005767326271156323
15.9,45.46393685800566,0.02465774474055082,-0.0059367889517289996
16.0,45.46640263247971,0.024064065845377923,-0.006151837884458051
16.1,45.46880903906425,0.02344888205693211,-0.006403887232246626
16.2,45.471153927269945,0.02280849333370746,-0.006628749355372397
16.3,45.47343477660331,0.02214561839817021,-0.006870647501527056
16.400000000000002,45.475649338443134,0.021458553648017496,-0.00717100342369608
16.5,45.477795193807935,0.020741453305647903,-0.0075411317204628035
16.6,45.479869339138496,0.01998734013360161,-0.007888962370102797
16.7,45.48186807315186,0.01919844389659135,-0.008230900197056997
16.8,45.48378791754152,0.018375353876885638,-0.008548712278567839
16.900000000000002,45.485625452929206,0.01752048264902884,-0.008853891972440736
17.0,45.48737750119411,0.016635093451784787,-0.009081812128345784
17.1,45.48904101053929,0.015726912238950196,-0.009327369859829125
17.2,45.49061370176318,0.014794175252967303,-0.009557380586957147
17.3,45.49209311928848,0.013838437194271575,-0.009773062780218892
17.400000000000002,45.49347696300791,0.012861130916249672,-0.009962878942461794
17.5,45.49476307609953,0.011864843022003514,-0.010066670665840775
17.6,45.49594956040173,0.010858175955419422,-0.01026597032667197
17.7,45.49703537799727,0.009831578922752247,-0.010522410921149368
17.8,45.49801853588955,0.008779337830637295,-0.010798909155883711
17.900000000000002,45.49889646967261,0.007699446915048909,-0.01109252546629607
18.0,45.499666414364114,0.006590194368419325,-0.011363757611304223
18.1,45.50032543380096,0.005453818607288887,-0.011617976239514006
18.2,45.500870815661685,0.004292020983337511,-0.011862251111777038
18.3,45.50130001776002,0.0031057958721597903,-0.012096204085928765
18.400000000000002,45.50161059734724,0.0018961754635668966,-0.012191348377587948
18.5,45.50180021489359,0.0006770406258081278,-0.01218296702981252
18.6,45.50186791895617,-0.0005412560771731415,-0.012024870976071446
18.7,45.50181379334846,-0.0017437431747802604,-0.011875158303199228
18.8,45.50163941903098,-0.0029312590051002,-0.011682599721635635
18.900000000000002,45.50134629313047,-0.00409951897726378,-0.011458088181555937
19.0,45.500936341232745,-0.0052453277954193495,-0.011190808301048454
19.1,45.5004118084532,-0.006364408625524211,-0.01096291396249836
19.200000000000003,45.49977536759065,-0.007460700021774062,-0.010746626751024488
19.3,45.49902929758847,-0.008535362696876488,-0.01049658056605492
19.400000000000002,45.498175761318784,-0.009585020753481995,-0.010202656430021587
19.5,45.497217259243435,-0.010605286396484132,-0.00990935228500661
19.6,45.496156730603786,-0.011596221624984807,-0.009591998791825542
19.700000000000003,45.49499710844129,-0.012555421504167375,-0.009265731865384885
19.8,45.49374156629087,-0.013481994690705844,-0.009018276068908104
19.900000000000002,45.4923933668218,-0.014383822297596667,-0.008783129529381074
20.0,45.490954984592044,-0.015262135250534756,-0.008514788615605149
20.1,45.48942877106699,-0.016113614112095283,-0.00822623258937469
20.200000000000003,45.487817409655776,-0.016936237371032763,-0.007917317265661162
20.3,45.48612378591868,-0.017727969097598863,-0.007655132112788679
20.400000000000002,45.48435098900892,-0.01849348230887774,-0.0074061559390465655
20.5,45.482501640778025,-0.019234097902782382,-0.007159811735402875
20.6,45.48057823098775,-0.01995007907632268,-0.006960478151174098
20.700000000000003,45.478583223080115,-0.0206461268914401,-0.006795678820751347
20.8,45.476518610390976,-0.02132569477351522,-0.006611221479678752
20.900000000000002,45.47438604091362,-0.021986816921483104,-0.006362324092403431
21.0,45.47218735922147,-0.022623049330723434,-0.006091466510346252
21.1,45.4699250542884,-0.023232195981758068,-0.005834293710424071
21.200000000000003,45.46760183469023,-0.023815625352800483,-0.005562358224654917
21.3,45.465220272154944,-0.024371861175265963,-0.005268098000584769
21.400000000000002,45.46278308603742,-0.024898670975324447,-0.004934795421570813
21.5,45.46029321893989,-0.025392150517481518,-0.004579131201922532
21.6,45.45775400388814,-0.025850063637673778,-0.004229255010898418
21.700000000000003,45.45516899752437,-0.026272989138763626,-0.0039246648061579265
21.8,45.452541698610496,-0.02666545561937941,-0.0036239333877727095
21.900000000000002,45.44987515304856,-0.027027848958156686,-0.0034183373547659636
22.0,45.44717236815274,-0.027369682693633275,-0.003212098685145641
22.1,45.444435399883375,-0.027690892562147844,-0.0030568147861989147
22.200000000000003,45.44166631062716,-0.02799657404076774,-0.002894897893404919
22.3,45.43886665322309,-0.028286063830108225,-0.0027542605469271743
22.400000000000002,45.436038046840075,-0.028561489884800947,-0.0026427654901657128
22.5,45.4331818978516,-0.028825766433817512,-0.0025796216035723816
22.6,45.43029932120821,-0.029083728594174754,-0.0025820496154390824
22.700000000000003,45.427390948348794,-0.029341933555718666,-0.0026378297477265425
22.8,45.42445675499322,-0.029605716530491315,-0.002747828059326686
22.900000000000002,45.421496183340174,-0.029880499336423987,-0.0029152322415543492
23.0,45.41850813340653,-0.030172022560579416,-0.0030443123275379538
23.1,45.41549093115047,-0.030476453793333216,-0.0032136126572191825
23.200000000000003,45.41244328577114,-0.03079781505905514,-0.003374083536386889
23.3,45.40936350426524,-0.03113522341269382,-0.0035705186171626677
23.400000000000002,45.40624998192396,-0.03149227527441009,-0.003785544177156025
23.5,45.403100754396526,-0.031870829692125686,-0.004022950268965942
23.6,45.39991367142731,-0.032273124719022286,-0.004290016563431804
23.700000000000003,45.396686358955414,-0.03270212637536547,-0.0046418532153285775
23.8,45.393416146317875,-0.03316631169689832,-0.005018475611086938
23.900000000000002,45.39009951514819,-0.03366815925800702,-0.00537683658921086
24.0,45.386732699222385,-0.034205842916928096,-0.005684400253768348
24.1,45.38331211493069,-0.03477428294230494,-0.005821188397475891
24.200000000000003,45.37983468663646,-0.035356401782052536,-0.005964092091822459
24.3,45.37629904645826,-0.03595281099123477,-0.006065544577075044
24.400000000000002,45.372703765359134,-0.03655936544894228,-0.00612737898773321
24.5,45.36904782881424,-0.03717210334771559,-0.00619472895005876
24.6,45.36533061847947,-0.037791576242721475,-0.006293124537249444
24.700000000000003,45.361551460855196,-0.03842088869644643,-0.006425597148169702
24.8,45.35770937198555,-0.039063448411263385,-0.006571051104264831
24.900000000000002,45.35380302714442,-0.03972055352168988,-0.006780760629369892
25.0,45.34983097179225,-0.04039862958462685,-0.006974443738869239
25.1,45.345791108833794,-0.041096073958513786,-0.007093309618214468
25.200000000000003,45.34168150143794,-0.04180540492033524,-0.0071826771118541225
25.3,45.3375009609459,-0.04252367263152064,-0.0072566632864073605
25.400000000000002,45.333248593682754,-0.043249338960161386,-0.007349231447307207
25.5,45.32892365978674,-0.04398426210489209,-0.007431659830159953
25.6,45.324525233576246,-0.0447274280879081,-0.007499451750052723
25.700000000000003,45.32005249076746,-0.04547737326291338,-0.0075201597670451975
25.8,45.31550475344117,-0.046229389239617884,-0.007541289259738421
25.900000000000002,45.3108818145172,-0.04698351816559174,-0.007523306287602846
26.0,45.306183462700645,-0.047735848794352005,-0.007469053654030089
26.1,45.30140987782121,-0.048482754159755025,-0.007416582425726936
26.200000000000003,45.296561602405234,-0.04922441240232773,-0.00739564189476268
26.3,45.291639161165,-0.04996397659180398,-0.007369479385983708
26.400000000000002,45.286642763505824,-0.05070092453040236,-0.0073333075554944845
26.5,45.28157267105278,-0.051434255285951795,-0.0072643724755027195
26.6,45.276429245524184,-0.05216069253350208,-0.007205497931601463
26.700000000000003,45.271213176270834,-0.052881242326662234,-0.007150190905182166
26.8,45.26592505203817,-0.053596261417180435,-0.007055473752037685
26.900000000000002,45.26056542589645,-0.054301808792384214,-0.006955656916425658
27.0,45.255135245017215,-0.054997374484026765,-0.006899954734587959
27.1,45.24963550756881,-0.05568736995748557,-0.006910544543052537
27.200000000000003,45.24406677057306,-0.056378424411790834,-0.006864710920612285
27.3,45.23842892813188,-0.05706489550385205,-0.0067480413786063795
27.400000000000002,45.2327224385815,-0.057739699641712695,-0.006575377214971466
27.5,45.22694846861732,-0.05839723736320983,-0.006375624091323105
27.6,45.22110874488101,-0.05903479977234215,-0.006147899422217824
27.700000000000003,45.21520526490377,-0.05964958971456394,-0.00589105725727171
27.8,45.20924030593231,-0.0602386954402911,-0.005656396768894042
27.900000000000002,45.20321643638829,-0.06080433511718051,-0.005452404607197264
28.0,45.19713600287657,-0.061349575577900224,-0.005317417016936007
28.1,45.19100104531878,-0.06188131727959383,-0.00516875725076658
28.200000000000003,45.18481291359082,-0.0623981930046705,-0.004975687311091806
28.3,45.17857309429035,-0.06289576173577967,-0.004805209840491113
28.400000000000002,45.17228351811677,-0.06337628271982879,-0.004649494194937058
28.5,45.16594588984479,-0.06384123213932248,-0.004556381514660775
28.6,45.15956176663086,-0.06429687029078857,-0.004474311158075914
28.700000000000003,45.15313207960178,-0.06474430140659616,-0.004357793984568574
28.8,45.14665764946112,-0.06518008080505301,-0.004178779123121753
28.900000000000002,45.140139641380614,-0.06559795871736519,-0.0039807417386397165
29.0,45.133579845508876,-0.06599603289122916,-0.003755351789124175
29.1,45.12698024221975,-0.06637156807014158,-0.0034435685574122697
29.200000000000003,45.12034308541274,-0.06671592492588281,-0.0030856709658446495
29.3,45.113671492920155,-0.06702449202246727,-0.0027632836366646035
29.400000000000002,45.1069690437179,-0.06730082038613373,-0.0024081274012661092
29.5,45.100238961679295,-0.06754163312626034,-0.002042491054231986
29.6,45.09348479836667,-0.06774588223168354,-0.0016624365919788483
29.700000000000003,45.0867102101435,-0.06791212589088143,-0.0013538742725648378
29.8,45.07991899755441,-0.06804751331813791,-0.0010529047611959458
29.900000000000002,45.073114246222595,-0.0681528037942575,-0.0007427414296618132
30.0,45.06629896584317,-0.06822707793722368,-0.00047399319029500114
30.1,45.05947625804945,-0.06827447725625319,-0.00019022867062970245
30.200000000000003,45.052648810323824,-0.06829350012331616,0.00010279750954287012
30.3,45.04581946031149,-0.06828322037236187,0.00041678617087078615
30.400000000000002,45.038991138274255,-0.06824154175527479,0.0006992350863179046
30.5,45.03216698409873,-0.068171618246643,0.0009820685843621307
30.6,45.025349822274066,-0.06807341138820679,0.0013289646702069147
30.700000000000003,45.01854248113524,-0.0679405149211861,0.0015296179450903827
30.8,45.01174842964313,-0.06778755312667706,0.0017213084074288209
30.900000000000002,45.004969674330454,-0.06761542228593417,0.0019216635593924801
31.0,44.998208132101865,-0.06742325592999493,0.0021713998936202486
31.1,44.99146580650886,-0.0672061159406329,0.002351234391717827
31.200000000000003,44.9847451949148,-0.06697099250146112,0.0025827560982528137
31.3,44.978048095664654,-0.06671271689163584,0.0028624016736447247
31.400000000000002,44.97137682397549,-0.06642647672427136,0.003091958965750829
31.5,44.96473417630306,-0.06611728082769629,0.0033231698090930655
31.6,44.958122448220294,-0.06578496384678698,0.003576076207919781
31.700000000000003,44.95154395183562,-0.06542735622599499,0.003856438998251859
31.8,44.945001216213015,-0.06504171232616981,0.004126569984042119
31.900000000000002,44.9384970449804,-0.0646290553277656,0.0043493032466406885
32.0,44.93203413944762,-0.06419412500310154,0.0045640542724406
32.1,44.92561472694731,-0.06373771957585747,0.004728504095044483
32.2,44.919240954989725,-0.06326486916635302,0.004909628440564681
32.300000000000004,44.91291446807309,-0.06277390632229654,0.005048145989627546
32.4,44.90663707744086,-0.062269091723333815,0.005065474224326541
32.5,44.90041016826853,-0.061762544300901154,0.005075509377876206
32.6,44.894233913838434,-0.061254993363113526,0.0050597640954932995
32.7,44.88810841450213,-0.06074901695356419,0.005149106042620501
32.800000000000004,44.88203351280677,-0.06023410634930213,0.005331266296790077
32.9,44.87601010217184,-0.059700979719623154,0.005517613831771467
33.0,44.87004000419988,-0.059149218336446,0.0056588684259218395
33.1,44.86412508236623,-0.05858333149385381,0.00574644395366092
33.2,44.858266749216845,-0.05800868709848771,0.005892211272956179
33.300000000000004,44.852465880507,-0.05741946597119208,0.0060437850779417705
33.4,44.84672393390988,-0.05681508746339794,0.0062510309470748485
33.5,44.841042425163536,-0.056189984368690445,0.00650303063548877
33.6,44.83542342672667,-0.05553968130514156,0.006747875582957434
33.7,44.82986945859616,-0.054864893746845805,0.006995006186311975
33.800000000000004,44.824382969221475,-0.0541653931282146,0.007276529431394852
33.9,44.81896642990865,-0.053437740185075154,0.007575169917545355
34.0,44.81362265589014,-0.05268022319332061,0.007885677796491434
34.1,44.80835463357081,-0.05189165541367145,0.008212094731210548
34.2,44.80316546802944,-0.05107044594055039,0.008524921202053785
34.300000000000004,44.798058423435386,-0.050217953820344996,0.008992090329484571
34.4,44.79303662805335,-0.04931874478739659,0.009504789427472533
34.5,44.788104753574615,-0.04836826584464932,0.010014877496538548
34.6,44.78326792699015,-0.047366778094995454,0.010530417178244631
34.7,44.77853124918065,-0.046313736377170976,0.010993119627199493
34.800000000000004,44.77389987554293,-0.04521442441445101,0.011443848897540422
34.9,44.76937843310149,-0.044070039524697034,0.01185299043875179
35.0,44.764971429149014,-0.04288474048082184,0.012197391212265783
35.1,44.76068295510093,-0.04166500135959524,0.012503637596379433
35.2,44.756516454964974,-0.04041463759995728,0.012768538608093584
35.300000000000004,44.75247499120498,-0.039137783739147905,0.013047380126428774
35.4,44.74856121283106,-0.0378330457265051,0.013310573652244742
35.5,44.74477790825841,-0.03650198836128061,0.013557380507431703
35.6,44.74112770942229,-0.03514625031053742,0.013719342632969117
35.7,44.737613084391235,-0.03377431604724049,0.01382571082693984
35.800000000000004,44.73423565278651,-0.032391744964546484,0.013866972428749267
35.9,44.73099647829005,-0.031005047721671637,0.013806283849733722
36.0,44.72789597351789,-0.029624419336698245,0.013697037013900272
36.1,44.72493353158422,-0.028254715635308198,0.013552228183301306
36.2,44.72210806002069,-0.026899492816978048,0.013352231288526388
36.300000000000004,44.719418110738985,-0.02556426968812539,0.013096213553748738
36.4,44.716861683770176,-0.02425464833275059,0.01290433203819721
36.5,44.7144362189369,-0.02296421512893085,0.01267959319037177
36.6,44.71213979742401,-0.021696255809893657,0.012495408512356861
36.7,44.70997017184302,-0.020446714958657953,0.01238135930750117
36.800000000000004,44.70792550034715,-0.01920857902790782,0.012259224817202933
36.9,44.70600464244436,-0.017982656546187595,0.012122918076148197
37.0,44.70420637678974,-0.016770364738572758,0.012001108580006872
37.1,44.702529340315884,-0.015570253880572054,0.011834320658556252
37.2,44.70097231492783,-0.014386821814716412,0.011640841872999378
37.300000000000004,44.69953363274636,-0.013222737627416457,0.011317783298547704
37.4,44.69821135898361,-0.012090959297561751,0.01106416764009077
37.5,44.69700226305386,-0.010984542533552659,0.010838711987097209
37.6,44.6959038088005,-0.009900671334842922,0.010646512173207988
37.7,44.69491374166702,-0.008836020117522108,0.010504429115780138
37.800000000000004,44.69403013965527,-0.00778557720594408,0.01042526872161963
37.9,44.693251581934675,-0.006743050333782176,0.010404022494613658
38.0,44.6925772769013,-0.005702648084320795,0.01032197690756186
38.1,44.692007012092866,-0.004670450393564595,0.010201704645739358
38.2,44.69153996705351,-0.003650279928990644,0.01007586777769439
38.300000000000004,44.69117493906061,-0.0026426931512211907,0.009931660468423725
38.400000000000006,44.690910669745485,-0.001649527104378804,0.009835298205510042
38.5,44.69074571703505,-0.0006659972838278557,0.009780347009232554
38.6,44.690679117306665,0.0003120374170954135,0.009610627655206483
38.7,44.69071032104837,0.0012731001826160756,0.009480451394885962
38.800000000000004,44.690837631066636,0.0022211453221046853,0.009250075215162934
38.900000000000006,44.69105974559885,0.003146152843620992,0.008949247339639674
39.0,44.69137436088321,0.004041077577584908,0.008606951880820739
39.1,44.69177846864097,0.004901772765666995,0.008253628022592833
39.2,44.69226864591754,0.00572713556792629,0.00787655651772889
39.300000000000004,44.69284135947433,0.00651479121969919,0.007467243434789533
39.400000000000006,44.6934928385963,0.007261515563178154,0.007025978836730567
39.5,44.69421899015261,0.00796411344685117,0.006549753433687724
39.6,44.6950154014973,0.008619088790219952,0.006097906764815034
39.7,44.69587731037632,0.009228879466701465,0.005683279014461982
39.800000000000004,44.69680019832299,0.00979720736814767,0.005277348218897035
39.900000000000006,44.697779919059805,0.010324942190037382,0.004926593109697583
40.0,44.69881241327881,0.010817601501007112,0.0045352619779595125
40.1,44.69989417342891,0.01127112769880307,0.004088903232473435
40.2,44.70102128619879,0.011680018022050419,0.003661440809822874
40.300000000000004,44.702189288000994,0.012046162103032712,0.00327254123628718
40.400000000000006,44.703393904211296,0.012373416226661434,0.0029728095533086306
40.5,44.704631245833966,0.01267069718199228,0.002771410915664864
40.6,44.70589831555216,0.01294783827355877,0.00254645818566804
40.7,44.70719309937952,0.013202484092125578,0.002358289694261944
40.800000000000004,44.70851334778873,0.013438313061551776,0.0021776111472895624
40.900000000000006,44.70985717909489,0.013656074176280735,0.001931280477976196
41.0,44.711222786512515,0.013849202224078344,0.0016912032331842348
41.1,44.71260770673492,0.01401832254739677,0.0015138941592344115
41.2,44.714009538989664,0.014169711963320213,0.0012703817937137999
41.300000000000004,44.71542651018599,0.014296750142691595,0.0011011186848193365
41.400000000000006,44.716856185200264,0.01440686201117353,0.0010868868183595587
41.5,44.718296871401385,0.01451555069300948,0.0010677659560408477
41.6,44.71974842647068,0.014622327288613566,0.0009703676736216549
41.7,44.72121065919954,0.014719364055975733,0.0008591395458399565
41.800000000000004,44.72268259560514,0.01480527801055973,0.0007151420535797955
41.900000000000006,44.7241631234062,0.01487679221591771,0.0004905612291264163
42.0,44.72565080262779,0.01492584833883035,0.0002608602802214655
42.1,44.72714338746167,0.014951934366852496,6.316430585536888e-05
42.2,44.728638580898355,0.014958250797438033,-9.968599791481052e-05
42.300000000000004,44.7301344059781,0.014948282197646552,-0.0002521119193785829
42.400000000000006,44.73162923419787,0.014923071005708693,-0.0004346386487725962
42.5,44.73312154129844,0.014879607140831436,-0.0006979476028198024
42.6,44.73460950201252,0.014809812380549455,-0.0009934550126140492
42.7,44.73609048325058,0.014710466879288049,-0.0012457508644315297
42.800000000000004,44.7375615299385,0.014585891792844894,-0.0014793099834628646
42.900000000000006,44.73902011911779,0.014437960794498605,-0.0016959038100810176
43.0,44.74046391519724,0.014268370413490513,-0.0018156545092444956
43.1,44.74189075223859,0.014086804962566061,-0.0019462043328389161
43.2,44.743299432734844,0.013892184529282167,-0.0020782086020245238
43.300000000000004,44.74468865118777,0.013684363669079712,-0.0022343965631845537
43.400000000000006,44.74605708755468,0.013460924012761253,-0.002450307920612294
43.5,44.74740317995596,0.013215893220700037,-0.00262452350614053
43.6,44.74872476927803,0.01295344087008598,-0.0026993907413085244
43.7,44.75002011336503,0.012683501795955125,-0.0027818018219981145
43.800000000000004,44.75128846354463,0.012405321613755309,-0.0028644634057771743
43.900000000000006,44.75252899570601,0.012118875273177588,-0.0029389940090458343
44.0,44.75374088323333,0.011824975872273021,-0.003104540042371114
44.1,44.75492338082055,0.011514521868035905,-0.003232238207444757
44.2,44.756074833007354,0.011191298047291425,-0.0032973436126576775
44.300000000000004,44.75719396281208,0.010861563686025652,-0.0032702823607716016
44.400000000000006,44.75828011918069,0.010534535449948488,-0.003146652846036038
44.5,44.75933357272568,0.010219870165344902,-0.003070630438131048
44.6,44.760355559742216,0.009912807121531792,-0.0029122231392516022
44.7,44.76134684045437,0.009621584807606628,-0.002781603269410462
44.800000000000004,44.76230899893513,0.009343424480665578,-0.0027078253203370556
44.900000000000006,44.763243341383195,0.009072641948631869,-0.0026521683703343898
45.0,44.76415060557806,0.008807425111598445,-0.0026282318845599418
45.1,44.76503134808922,0.008544601923142447,-0.00263519718305913
45.2,44.76588580828153,0.00828108220483653,-0.0025888638283168785
45.300000000000004,44.76671391650202,0.008022195822004839,-0.002577225280870758
45.400000000000006,44.76751613608422,0.007764473293917759,-0.0025660657183771193
45.5,44.76829258341361,0.007507866722080062,-0.0026758723398325225
45.6,44.76904337008582,0.007240279488096806,-0.0027335513266423797
45.7,44.769767398034624,0.006966924355432564,-0.0027880485388704274
45.800000000000004,44.77046409047017,0.006688119501545517,-0.0027929143748590558
45.900000000000006,44.77113290242033,0.0064088280640596075,-0.002792880917258077
46.0,44.77177378522673,0.006129539972333816,-0.00280605497991537
46.1,44.77238673922396,0.005848934474342275,-0.0027989282830766446
46.2,44.7729716326714,0.005569041646034606,-0.0028039081014755544
46.300000000000004,44.773528536836004,0.005288650835887047,-0.002869457789124264
46.400000000000006,44.77405740191959,0.005001705056974616,-0.002935560405643693
46.5,44.77455757242529,0.004708149016410264,-0.002999272503285186
46.6,44.77502838732693,0.004408221766081741,-0.0030830689322483124
46.7,44.775469209503534,0.004099914872856905,-0.0031889752708364376
46.800000000000004,44.77587920099082,0.003781017345773257,-0.003330663771891284
46.900000000000006,44.7762573027254,0.003447950968584124,-0.003448382118005894
47.0,44.776602097822256,0.003103112756783554,-0.003473736162550223
47.1,44.77691240909794,0.002755739140528527,-0.0034975849179546864
47.2,44.77718798301199,0.0024059806487330532,-0.0035113919123023183
47.300000000000004,44.77742858107686,0.0020548414575028164,-0.003549935949144838
47.400000000000006,44.777634065222614,0.0016998478625883276,-0.0036218851957908055
47.5,44.777804050008875,0.0013376593430092676,-0.0036859129101818795
47.6,44.777937815943176,0.0009690680519910744,-0.0037435972217424174
47.7,44.77803472274837,0.0005947083298168274,-0.0037208983977175714
47.800000000000004,44.77809419358135,0.00022261849004506497,-0.0037309922552414554
47.900000000000006,44.77811645543036,-0.00015048073547908587,-0.003693674043854601
48.0,44.77810140735681,-0.000519848139864525,-0.003655044457774974
48.1,44.77804942254282,-0.0008853525856420276,-0.0036261132465323824
48.2,44.77796088728426,-0.001247963910295271,-0.003534493973986294
48.300000000000004,44.77783609089323,-0.0016014133076939054,-0.003455967317854705
48.400000000000006,44.777675949562465,-0.0019470100394793808,-0.00336562285156612
48.5,44.777481248558516,-0.0022835723246359737,-0.0033227159765684016
48.6,44.77725289132605,-0.0026158439222928186,-0.0033207768450791097
48.7,44.77699130693382,-0.0029479216068007343,-0.0032610797310934363
48.800000000000004,44.77669651477314,-0.0032740295799100825,-0.0031795066833734537
48.900000000000006,44.77636911181515,-0.0035919802482474324,-0.003148503379748663
49.0,44.776009913790325,-0.003906830586222281,-0.0031798179185276738
49.1,44.7756192307317,-0.004224812378075053,-0.0032749398115109398
49.2,44.775196749493894,-0.004552306359226151,-0.0032887303848659153
49.300000000000004,44.77474151885797,-0.0048811793977127475,-0.0032415628169344428
49.400000000000006,44.7742534009182,-0.005205335679406196,-0.0031132294186006874
49.5,44.77373286735026,-0.0055166586212662475,-0.0028998410456511554
49.6,44.773181201488136,-0.005806642725831367,-0.0026945706599068985
49.7,44.77260053721555,-0.006076099791822061,-0.002449261759932802
49.800000000000004,44.77199292723637,-0.0063210259678153444,-0.002168469548859846
49.900000000000006,44.771360824639586,-0.006537872922701332,-0.0019186995005028103
50.0,44.770707037347314,-0.006729742872751602,-0.0016887164570655452
50.1,44.77003406306004,-0.006898614518458159,-0.0014742073938647582
50.2,44.7693442016082,-0.007046035257844637,-0.001255372133371424
50.300000000000004,44.76863959808241,-0.007171572471181781,-0.0010796887610252488
50.400000000000006,44.76792244083529,-0.007279541347284308,-0.00088097213383549
50.5,44.76719448670057,-0.007367638560667852,-0.0006780783201731391
50.6,44.7664577228445,-0.007435446392685167,-0.00046552044954318304
50.7,44.76571417820523,-0.0074819984376394855,-0.0002980293452761524
50.800000000000004,44.76496597836147,-0.007511801372167101,-0.0002135623201288358
50.900000000000006,44.76421479822425,-0.007533157604179985,-0.0001455852935598654
51.0,44.76346148246383,-0.007547716133535971,-7.292880255133327e-05
51.1,44.76270671085048,-0.007555009013791104,2.3111611314255103e-05
51.2,44.761951209949096,-0.007552697852659679,0.00013973871886702852
51.300000000000004,44.76119594016383,-0.007538723980772976,0.00025883347313134463
51.400000000000006,44.76044206776575,-0.007512840633459841,0.0004206317430182727
51.5,44.75969078370241,-0.007470777459158016,0.0005865985530622602
51.6,44.75894370595649,-0.007412117603851789,0.0007223656975855597
51.7,44.758202494196105,-0.007339881034093232,0.0008058245207634661
51.800000000000004,44.7574685060927,-0.007259298582016884,0.0008432664518690619
51.900000000000006,44.756742576234494,-0.007174971936829977,0.0008972500297220627
52.0,44.75602507904081,-0.007085246933857776,0.0009074507613805088
52.1,44.75531655434743,-0.0069945018577197236,0.0008637577654802916
52.2,44.75461710416165,-0.006908126081171693,0.0008067175347247861
52.300000000000004,44.75392629155354,-0.006827454327699213,0.0007411291328439875
52.400000000000006,44.75324354612077,-0.006753341414414814,0.0006714700497912948
52.5,44.75256821197933,-0.006686194409435688,0.0005893450313335366
52.6,44.751899592538386,-0.0066272599063023335,0.00044679202166941133
52.7,44.75123686654776,-0.006582580704135392,0.00028430887048999247
52.800000000000004,44.75057860847734,-0.006554149817086392,0.0002526600521490402
52.900000000000006,44.74992319349563,-0.006528883811871488,0.00030910222213646255
53.0,44.74927030511444,-0.006497973589657843,0.00035141318786379425
53.1,44.748620507755476,-0.006462832270871463,0.00043480682123478
53.2,44.74797422452839,-0.006419351588747985,0.0005747590888087293
53.300000000000004,44.74733228936952,-0.006361875679867111,0.0007722614731076634
53.400000000000006,44.74669610180153,-0.006284649532556343,0.0008863855240540103
53.5,44.746067636848274,-0.0061960109801509474,0.0009355181600301197
53.6,44.74544803575026,-0.006102459164147934,0.0009894185539849104
53.7,44.744837789833845,-0.006003517308749442,0.0010906807399578662
53.800000000000004,44.74423743810297,-0.0058944492347536535,0.0012670586942565246
53.900000000000006,44.74364799317949,-0.005767743365327999,0.001417633215182225
54.0,44.743071218842964,-0.005625980043809785,0.0016504677486686827
54.1,44.74250862083858,-0.005460933268942914,0.0018650012449718165
54.2,44.74196252751169,-0.00527443314444573,0.0020562084558762316
54.300000000000004,44.74143508419724,-0.005068812298858104,0.002213881043801232
54.400000000000006,44.74092820296735,-0.0048474241944779775,0.00231667097344535
54.5,44.74044346054791,-0.004615757097133456,0.0024392958031302283
54.6,44.739981884838194,-0.004371827516820429,0.002555771067950066
54.7,44.73954470208651,-0.004116250410025419,0.0026032428509849465
54.800000000000004,44.73913307704551,-0.0038559261249269208,0.00261601913937538
54.900000000000006,44.73874748443302,-0.003594324210989379,0.0027199750317618066
55.0,44.73838805201192,-0.003322326707813214,0.0028914171185392035
55.1,44.738055819341135,-0.0030331849959592894,0.002996232577297089
55.2,44.73775250084154,-0.0027335617382295762,0.0031050227345800077
55.300000000000004,44.73747914466772,-0.002423059464771571,0.0033252112944411358
55.400000000000006,44.73723683872124,-0.0020905383353274527,0.0036414687425375507
55.5,44.73702778488771,-0.0017263914610737183,0.003974290072147487
55.6,44.7368551457416,-0.001328962453858964,0.0042945544150727105
55.7,44.73672224949622,-0.0008995070123516869,0.004649646775017536
55.800000000000004,44.73663229879498,-0.00043454233484992665,0.004982432914331723
55.900000000000006,44.736588844561496,6.370095658325274e-05,0.005312974477090986
56.0,44.73659521465715,0.0005949984042923212,0.005630053061299872
56.1,44.73665471449758,0.0011580037104223164,0.005913669058603729
56.2,44.736770514868624,0.0017493706162826977,0.006190040077402552
56.300000000000004,44.736945451930254,0.0023683746240229617,0.006528628823000932
56.400000000000006,44.737182289392656,0.003021237506323064,0.006886759189921513
56.5,44.737484413143285,0.0037099134253151763,0.007186890404313939
56.6,44.73785540448582,0.00442860246574658,0.007368687234019293
56.7,44.73829826473239,0.00516547118914852,0.007561150199520179
56.800000000000004,44.738814811851306,0.005921586209100549,0.007809092247365609
56.900000000000006,44.73940697047222,0.006702495433837121,0.008008365938271702
57.0,44.7400772200156,0.007503332027664246,0.008157237632333789
57.1,44.74082755321837,0.008319055790897636,0.008268354585861136
57.2,44.74165945879746,0.009145891249483762,0.00839956068334251
57.300000000000004,44.7425740479224,0.009985847317818024,0.008548295268157157
57.400000000000006,44.743572632654185,0.010840676844633752,0.008730022178059803
57.5,44.74465670033865,0.011713679062439683,0.008996648687836568
57.6,44.7458280682449,0.012613343931223353,0.009244210801221439
57.7,44.74708940263802,0.01353776501134551,0.009468595316000365
57.800000000000004,44.74844317913915,0.01448462454294556,0.00972017370129797
57.900000000000006,44.74989164159345,0.01545664191307537,0.009972283057095363
58.0,44.751437305784755,0.01645387021878485,0.010154769492310313
58.1,44.753082692806636,0.017469347168015896,0.010311659144568261
58.2,44.754829627523435,0.018500513082472737,0.010516856682280067
58.300000000000004,44.75667967883168,0.01955219875070076,0.010800896384040325
58.400000000000006,44.75863489870675,0.020632288389104806,0.010988901405682358
58.5,44.76069812754566,0.02173117852967298,0.011047282606621387
58.6,44.76287124539863,0.022835906790335134,0.011048196454805108
58.7,44.76515483607766,0.02394072643581566,0.011005526875326726
58.800000000000004,44.767548908721245,0.02504127912334835,0.010945740332736573
58.900000000000006,44.77005303663358,0.02613585315662202,0.010770955228527704
59.0,44.77266662194924,0.02721294867947473,0.010601801667530103
59.1,44.77538791681719,0.028273128846227756,0.010467477387457135
59.2,44.778215229701814,0.029319876584973485,0.010379560697089387
59.300000000000004,44.78114721736031,0.030357832654682438,0.01026256007604201
59.400000000000006,44.78418300062578,0.031384088662286654,0.010162949825071552
59.5,44.78732140949201,0.03240038364479375,0.010120443699861837
59.6,44.79056144785648,0.03341242801477995,0.010065416874553628
59.7,44.793902690657966,0.034418969702235326,0.009996412008410265
59.800000000000004,44.79734458762819,0.03541861090307637,0.009951423266581699
59.900000000000006,44.800886448718494,0.03641375322973455,0.009947284901785657
60.0,44.80452782404147,0.03740848171991306,0.009917475155532816
60.1,44.80826867221346,0.038400229235466356,0.009771494270239406
60.2,44.812108695137006,0.03937737866249031,0.009551598079162383
60.300000000000004,44.81604643300326,0.04033253847040656,0.009326637771933384
60.400000000000006,44.8200796868503,0.041265202247599914,0.009089077326760137
60.5,44.82420620707506,0.042174109980275876,0.008835437891733675
60.6,44.82842361807308,0.043057653769449256,0.008514344294086543
60.7,44.83272938345003,0.04390908819885792,0.008236180189868195
60.800000000000004,44.837120292269915,0.04473270621784475,0.007997556604961733
60.900000000000006,44.841593562891696,0.04553246187834094,0.007805261066208852
61.0,44.846146809079535,0.04631298798496178,0.007615255434234333
61.1,44.85077810787803,0.04707451352838522,0.007367991855722795
61.2,44.85548555923087,0.04781131271395751,0.007192925581648477
61.300000000000004,44.860266690502264,0.04853060527212237,0.006970544374445038
61.400000000000006,44.865119751029475,0.049227659709566884,0.006721043312900958
61.5,44.870042517000435,0.04989976404085694,0.006406451340828004
61.6,44.87503249340452,0.05054040917493975,0.0060226317889318206
61.7,44.88008653432201,0.05114267235383294,0.0055234451653748875
61.800000000000004,44.885200801557396,0.05169501687037044,0.005045021376988282
61.900000000000006,44.89037030324443,0.052199519008069274,0.004612356496767665
62.0,44.89559025514524,0.052660754657746014,0.004258562587372639
62.1,44.90085633061101,0.053086610916483284,0.003888745725717527
62.2,44.90616499170266,0.05347548548905504,0.003566841684252369
62.300000000000004,44.911512540251564,0.053832169657480285,0.003192852574703069
62.400000000000006,44.91689575721732,0.054151454914950596,0.0028272491670750187
62.5,44.92231090270881,0.05443417983165808,0.0024074091598605065
62.6,44.927754320691974,0.054674920747644136,0.0019172898132595738
62.7,44.93322181276674,0.054866649728970096,0.0014561466497124492
62.800000000000004,44.93870847773964,0.05501226439394134,0.0010440652235188383
62.900000000000006,44.94420970417903,0.05511667091629323,0.0007217556088037474
63.0,44.94972137127066,0.0551888464771736,0.00035649952251026236
63.1,44.955240255918376,0.055224496429424626,-3.619575029416237e-05
63.2,44.96076270556132,0.05522087685439521,-0.0004695424167209322
63.300000000000004,44.966284793246764,0.055173922612723116,-0.0009179247875749095
63.400000000000006,44.97180218550803,0.05508213013396562,-0.001448543376742716
63.5,44.97731039852143,0.05493727579629136,-0.001904409851257769
63.6,44.98280412610106,0.05474683481116558,-0.002301825600873437
63.7,44.98827880958218,0.05451665225107823,-0.0026668727363527195
63.800000000000004,44.993730474807286,0.05424996497744296,-0.0030320966673648684
63.900000000000006,44.99915547130503,0.053946755310706467,-0.0033045436755888493
64.0,45.004550146836095,0.0536163009431476,-0.0035580242177782762
64.10000000000001,45.009911776930416,0.05326049852136974,-0.003822247177977254
64.2,45.01523782678255,0.05287827380357204,-0.004016402745220338
64.3,45.02052565416291,0.05247663352905003,-0.004159213705810161
64.4,45.025773317515814,0.052060712158468976,-0.0042817447164493145
64.5,45.03097938873166,0.05163253768682407,-0.004491639630798577
64.60000000000001,45.036142642500344,0.05118337372374417,-0.004722490511479748
64.7,45.04126097987272,0.050711124672596225,-0.004922261714281967
64.8,45.04633209233997,0.050218898501168056,-0.00510533320727922
64.9,45.05135398219009,0.04970836518044009,-0.005252509883265526
65.0,45.056324818708134,0.04918311419211357,-0.005352334599075763
65.10000000000001,45.061243130127345,0.048647880732205946,-0.005516458878852307
65.2,45.066107918200565,0.04809623484432075,-0.005737535130313616
65.3,45.070917541685,0.04752248133128942,-0.005934751303581767
65.4,45.07566978981813,0.04692900620093119,-0.006134811222957422
65.5,45.08036269043822,0.04631552507863548,-0.00634245780243141
65.60000000000001,45.08499424294609,0.04568127929839229,-0.006598932094559362
65.7,45.089562370875925,0.04502138608893639,-0.006777460108540714
65.8,45.09406450948482,0.04434364007808236,-0.0069873489037886325
65.9,45.09849887349263,0.043644905187703434,-0.007294247008207201
66.0,45.1028633640114,0.042915480486882755,-0.007579164813485534
66.10000000000001,45.10715491206009,0.04215756400553414,-0.007858418325106215
66.2,45.11137066846064,0.04137172217302356,-0.0081102517733606
66.3,45.11550784067794,0.04056069699568755,-0.008317768986057362
66.4,45.11956391037751,0.03972892009708174,-0.008459673998488995
66.5,45.12353680238722,0.03888295269723289,-0.008522053027046584
66.60000000000001,45.12742509765694,0.03803074739452816,-0.008457361299982197
66.7,45.1312281723964,0.037185011264529985,-0.008296913493082272
66.8,45.13494667352285,0.036355319915221805,-0.00814052354769744
66.9,45.13858220551437,0.03554126756045199,-0.007926464561014042
67.0,45.14213633227042,0.03474862110435063,-0.007618601739489253
67.10000000000001,45.14561119438085,0.03398676093040164,-0.007299512480309909
67.2,45.14900987047389,0.03325680968237069,-0.00701880131856741
67.3,45.15233555144213,0.03255492955051399,-0.006763311646797005
67.4,45.15559104439718,0.031878598385834234,-0.006514743597374878
67.5,45.15877890423576,0.031227124026096783,-0.006199510769680185
67.60000000000001,45.161901616638374,0.03060717294912871,-0.005927001431625518
67.7,45.16496233393328,0.030014472805966193,-0.005659045029533664
67.8,45.16796378121388,0.02944856830301286,-0.0053927170696403594
67.9,45.17090863804418,0.028909296596048777,-0.005169939008837029
68.0,45.17379956770379,0.028392302695165104,-0.004967632926027442
68.10000000000001,45.176638797973304,0.027895539402562317,-0.004814527735093225
68.2,45.17942835191356,0.027414086629053022,-0.00472314944138119
68.3,45.182169760576464,0.02694177168491493,-0.004633136972915287
68.4,45.18486393774496,0.026478457987623362,-0.004528866934550687
68.5,45.18751178354372,0.02602557129416832,-0.004443821271355351
68.60000000000001,45.190114340673134,0.025581189167032746,-0.004308807957955527
68.7,45.192672459589836,0.025150308371237218,-0.00417815879423237
68.8,45.19518749042696,0.024732492491814004,-0.004090674495113888
68.9,45.197660739676145,0.02432342504230258,-0.003996289100489712
69.0,45.20009308218037,0.023923796132253632,-0.0037808293250627093
69.10000000000001,45.2024854617936,0.02354571319974733,-0.003564422508999307
69.2,45.20484003311358,0.02318927094884742,-0.003322811441438341
69.3,45.20715896020846,0.022856989804703604,-0.0030993893079965663
69.4,45.20944465918893,0.02254705087390392,-0.0029153743496979348
69.5,45.21169936427632,0.022255513438934144,-0.002738357839009764
69.60000000000001,45.21392491562021,0.021981677655033144,-0.002564852038921789
69.7,45.21612308338572,0.02172519245114098,-0.002377895161908592
69.8,45.21829560263083,0.021487402934950134,-0.0021972989699201237
69.9,45.220444342924324,0.021267673037958103,-0.002036068043129458
70.0,45.222571110228124,0.02106406623364517,-0.0018706630390504103
70.10000000000001,45.224677516851486,0.02087699992974011,-0.001727653986809714
70.2,45.22676521684446,0.02070423453105915,-0.0016065323356434038
70.3,45.22883564029757,0.02054358129749482,-0.001479337369792179
70.4,45.230889998427315,0.020395647560515588,-0.0013504646383583137
70.5,45.23292956318337,0.020260601096679764,-0.0012510506985452504
70.60000000000001,45.23495562329303,0.02013549602682523,-0.0010920456756578346
70.7,45.23696917289572,0.02002629145925945,-0.0009360342164026388
70.8,45.23897180204165,0.019932688037619193,-0.00082469252212839
70.9,45.240965070845405,0.019850218785406347,-0.0007975719602924226
71.0,45.242950092723945,0.01977046158937711,-0.0007073893614345608
71.10000000000001,45.244927138882886,0.019699722653233647,-0.0005424708487649812
71.2,45.24689711114821,0.019645475568357152,-0.0003298999559913689
71.3,45.248861658705046,0.019612485572758017,-0.00012243643623055173
71.4,45.25082290726232,0.01960024192913496,6.805976449798493e-05
71.5,45.25278293145523,0.01960704790558476,0.00017805351755591095
71.60000000000001,45.25474363624579,0.01962485325734035,0.0003051032798467336
71.7,45.256706121571526,0.019655363585325023,0.0004650044128596668
71.8,45.25867165793006,0.019701864026610987,0.0006165521489104488
71.9,45.26064184433272,0.019763519241502037,0.0008232926966556444
72.0,45.26261819625687,0.019845848511167597,0.0010110992020086027
72.10000000000001,45.26460278110799,0.019946958431368466,0.0012375733461439048
72.2,45.26659747695112,0.02007071576598285,0.0014700167242138117
72.3,45.26860454852772,0.020217717438404222,0.0017086258653827638
72.4,45.27062632027156,0.020388580024942513,0.001993750104091136
72.5,45.27266517827405,0.020587955035351616,0.0022458081026842545
72.60000000000001,45.27472397377759,0.02081253584562006,0.0024581539568068614
72.7,45.27680522736215,0.021058351241300732,0.0026433717817610338
72.8,45.27891106248628,0.02132268841947682,0.0028222945964444615
72.9,45.28104333132823,0.02160491787912129,0.002941370023156157
73.0,45.28320382311614,0.02189905488143689,0.0030239598701816404
73.10000000000001,45.285393728604284,0.02220145086845508,0.0031136393943925096
73.2,45.28761387369113,0.022512814807894313,0.0032158166415483065
73.3,45.289865155171924,0.022834396472049125,0.003321380058620074
73.4,45.292148594819125,0.02316653447791116,0.0034833496270358475
73.5,45.29446524826692,0.023514869440614726,0.0036426117800265907
73.60000000000001,45.29681673521098,0.023879130618617416,0.0037963790440074816
73.7,45.29920464827284,0.024258768523018143,0.003966682472283222
73.8,45.30163052512514,0.024655436770246442,0.004054292721215534
73.9,45.30409606880217,0.02506086604236803,0.004099380241136462
74.0,45.3066021554064,0.025470804066481653,0.0040952547109138525
74.10000000000001,45.30914923581305,0.025880329537573073,0.004052400190762197
74.2,45.31173726876681,0.02628556955664927,0.004047689003195015
74.3,45.314365825722476,0.02669033845696875,0.004020438795145011
74.4,45.31703485956817,0.027092382336483284,0.003917656044963907
74.5,45.31974409780182,0.027484147940979652,0.0038593148427680008
74.60000000000001,45.322492512595915,0.027870079425256485,0.0038218673809896097
74.7,45.325279520538444,0.028252266163355425,0.0037060016445157285
74.8,45.328104747154775,0.028622866327806976,0.0035196920451212085
74.9,45.33096703378756,0.028974835532319127,0.00336151954999411
75.0,45.33386451734079,0.02931098748731852,0.0031859397925909005
75.10000000000001,45.336795616089525,0.029629581466577636,0.0030929059256104585
75.2,45.33975857423618,0.029938872059138665,0.0030556942815312964
75.3,45.342752461442096,0.030244441487291777,0.003042593650549684
75.4,45.345776905590824,0.03054870085234677,0.0029469427962546266
75.5,45.34883177567606,0.030843395131972217,0.0027534969229792926
75.60000000000001,45.351916115189255,0.03111874482427017,0.0025750526792351564
75.7,45.35502798967168,0.03137625009219367,0.002328215401710958
75.8,45.3581656146809,0.03160907163236475,0.0020234467736366885
75.9,45.36132652184414,0.03181141630972844,0.0016986375720525187
76.0,45.36450766347511,0.03198128006693368,0.001358444890364833
76.10000000000001,45.367705791481804,0.032117124555970177,0.0010670171754443344
76.2,45.3709175039374,0.032223826273514604,0.0008709474888742515
76.3,45.374139886564755,0.032310921022402024,0.0006906411607492219
76.4,45.377370978666995,0.03237998513847695,0.00041767068797995564
76.5,45.38060897718084,0.032421752207274945,6.788277269561525e-05
76.60000000000001,45.38385115240157,0.03242854048454451,-0.0003150194897786658
76.7,45.38709400645002,0.03239703853556664,-0.0006836497391547152
76.80000000000001,45.39033371030358,0.032328673561651165,-0.00105158723340464
76.9,45.39356657765975,0.03222351483831071,-0.0013784197761838263
77.0,45.396788929143575,0.03208567286069233,-0.0016307786239985048
77.10000000000001,45.39999749642965,0.03192259499829247,-0.001792149326646055
77.2,45.403189755929475,0.03174338006562787,-0.001855093884155551
77.30000000000001,45.406364093936034,0.0315578706772123,-0.0019597289387721516
77.4,45.40951988100376,0.0313618977833351,-0.0020347176109609725
77.5,45.41265607078209,0.031158426022239012,-0.00208071353108449
77.60000000000001,45.41577191338432,0.030950354669130545,-0.0021070609465257354
77.7,45.41886694885123,0.030739648574477984,-0.0021817949492868942
77.80000000000001,45.421940913708674,0.030521469079549276,-0.002296846754324669
77.9,45.42499306061663,0.030291784404116822,-0.002475748269652261
78.0,45.42802223905704,0.03004420957715161,-0.002657044162795284
78.10000000000001,45.43102666001476,0.02977850516087206,-0.0029483104897149873
78.2,45.43400451053085,0.029483674111900577,-0.003252531805114992
78.30000000000001,45.43695287794203,0.02915842093138905,-0.0036700083539979033
78.4,45.43986872003517,0.02879142009598928,-0.0041197860700965035
78.5,45.442747862044776,0.028379441488979654,-0.004615607985911674
78.60000000000001,45.44558580619367,0.027917880690388447,-0.005089669485018473
78.7,45.44837759426271,0.02740891374188663,-0.0055385695843090735
78.80000000000001,45.4511184856369,0.026855056783455674,-0.005832338184706671
78.9,45.45380399131525,0.02627182296498504,-0.006122756769160812
79.0,45.45643117361174,0.025659547288068994,-0.006443354519811573
79.10000000000001,45.45899712834055,0.02501521183608778,-0.006646866674316906
79.2,45.46149864952416,0.02435052516865613,-0.006786116367254816
79.30000000000001,45.463933702041025,0.02367191353193059,-0.0069347307383461326
79.4,45.46630089339422,0.022978440458096015,-0.007121453406183006
79.5,45.468598737440026,0.022266295117477755,-0.007360649716073964
79.60000000000001,45.47082536695177,0.021530230145870296,-0.007581637477641395
79.7,45.472978389966364,0.0207720663981062,-0.007853449263987417
79.80000000000001,45.475055596606175,0.01998672147170739,-0.00810027761804462
79.9,45.47705426875334,0.019176693709902975,-0.008292266831763394
80.0,45.47897193812433,0.018347467026726683,-0.008409185645275019
80.10000000000001,45.48080668482701,0.01750654846219911,-0.008561964192812592
80.2,45.48255733967323,0.0166503520429179,-0.008736658915379348
80.30000000000001,45.48422237487752,0.01577668615137989,-0.008881987485457496
80.4,45.48580004349265,0.01488848740283419,-0.009011138782741646
80.5,45.48728889223294,0.013987373524560077,-0.009137973160205546
80.60000000000001,45.48868762958539,0.013073576208539444,-0.00912829348912453
80.7,45.48999498720625,0.012160746859627043,-0.009007771934385287
80.80000000000001,45.49121106189221,0.011259969666188438,-0.008817138229386191
80.9,45.49233705885883,0.010378255843249869,-0.00865062203764405
81.0,45.493374884443156,0.009513193639485513,-0.008553267666431344
81.10000000000001,45.494326203807105,0.008657866872842306,-0.008464066226494758
81.2,45.49519199049439,0.007811460250192878,-0.008439549188027848
81.30000000000001,45.49597313651941,0.006967505331390021,-0.00842972051132574
81.4,45.49666988705255,0.006124533280257495,-0.00842706104991614
81.5,45.49728234038057,0.005281827175265929,-0.008380121875897446
81.60000000000001,45.497810523098096,0.004443814987676113,-0.008326674018743829
81.7,45.49825490459687,0.003611147585801777,-0.008286269553683372
81.80000000000001,45.498616019355445,0.0027825206304333693,-0.008271823751818399
81.9,45.49889427141849,0.0019553382552515764,-0.008217620111976257
82.0,45.49908980524402,0.0011335762440539976,-0.008243593987221408
82.10000000000001,45.49920316286842,0.0003092168453317866,-0.008289265094896065
82.2,45.49923408455295,-0.000519709664157773,-0.008344722587088856
82.30000000000001,45.499182113586535,-0.0013541819228667297,-0.008386449702653275
82.4,45.49904669539425,-0.0021928268931320095,-0.008401593569726916
82.5,45.49882741270494,-0.0030329862501046532,-0.008446065510749421
82.60000000000001,45.49852411407993,-0.0038775928011796673,-0.00850999502970202
82.7,45.49813635479981,-0.004728592304149821,-0.008556558915632747
82.80000000000001,45.4976634955694,-0.005584248195713169,-0.008559884779490764
82.9,45.497105070749825,-0.0064402366736621966,-0.008585917912930804
83.0,45.496461047082455,-0.007298828464955228,-0.008613758212515317
83.10000000000001,45.49573116423596,-0.008160204286206833,-0.00863186583436444
83.2,45.49491514380734,-0.009023390869643228,-0.008593952725670716
83.30000000000001,45.49401280472038,-0.009882786142210373,-0.00860032184161676
83.4,45.493024526106154,-0.010742818326372,-0.00863610804098579
83.5,45.49195024427352,-0.01160642913047053,-0.008700049886757811
83.60000000000001,45.49078960136047,-0.012476434119146385,-0.008740247095269757
83.7,45.48954195794855,-0.013350458828673311,-0.008759209363469413
83.80000000000001,45.48820691206569,-0.014226379765020327,-0.008744254308232826
83.9,45.48678427408919,-0.01510080519584356,-0.008779094404623534
84.0,45.4852741935696,-0.015978714636305864,-0.008774689691359876
84.10000000000001,45.48367632210597,-0.016856183605441926,-0.008716545053185028
84.2,45.48199070374543,-0.01772783811076038,-0.008643182143521456
84.30000000000001,45.480217919934354,-0.0185921563251126,-0.008632213605625499
84.4,45.47835870430184,-0.0194553776856751,-0.008581465245114663
84.5,45.47641316653328,-0.020313524210186517,-0.008443273602770788
84.60000000000001,45.474381814112256,-0.021157851570463668,-0.008243041185540135
84.7,45.47226602895521,-0.021982155689017634,-0.008099212681850664
84.80000000000001,45.47006781338631,-0.02279207695720277,-0.007986976174095762
84.9,45.467788605690586,-0.0235907745746123,-0.007888286513924415
85.0,45.46542952823312,-0.024379603226004697,-0.007781594043624221
85.10000000000001,45.46299156791053,-0.025157762630367186,-0.007558930274340187
85.2,45.46047579164749,-0.02591365565780116,-0.007282536767230303
85.30000000000001,45.457884426081705,-0.026641909334524254,-0.007013336599829712
85.4,45.45522023514825,-0.027343242994507185,-0.006828940686309383
85.5,45.45248591084881,-0.028026137063138085,-0.006649739849383407
85.60000000000001,45.44968329714249,-0.028691111048076482,-0.00641123289699173
85.7,45.446814186037685,-0.02933223433777562,-0.006182783079743813
85.80000000000001,45.443880962603906,-0.029950512645750053,-0.005918483682092943
85.9,45.44088591133933,-0.030542361013959313,-0.005645285914233121
86.0,45.43783167523794,-0.031106889605382593,-0.005424904988061199
86.10000000000001,45.4347209862774,-0.03164938010418876,-0.005227462532695785
86.2,45.43155604826698,-0.03217212635745831,-0.005041811081453726
86.30000000000001,45.42833883563123,-0.032676307465603724,-0.004837816867661463
86.4,45.425071204884674,-0.03316008915236984,-0.004734391428058973
86.5,45.42175519596943,-0.03363352829517571,-0.004632843229673994
86.60000000000001,45.418391843139915,-0.03409681261814315,-0.004579933953960027
86.7,45.4149821618781,-0.03455480601353913,-0.004523432533964883
86.80000000000001,45.41152668127675,-0.035007149266935655,-0.004555444571519208
86.9,45.40802596635005,-0.03546269372408755,-0.0046375353362135135
87.0,45.404479696977646,-0.035926447257708875,-0.004667658573803639
87.10000000000001,45.400887052251875,-0.03639321311508928,-0.0046549113334489476
87.2,45.397247730940364,-0.03685870424843415,-0.00459265332639752
87.30000000000001,45.393561860515526,-0.03731796958107394,-0.004582402409176439
87.4,45.38983006355742,-0.037776209821991556,-0.004672830675188493
87.5,45.38605244257522,-0.03824349288951038,-0.00476305315974716
87.60000000000001,45.382228093286265,-0.038719798205485136,-0.004801710610851241
87.7,45.37835611346572,-0.03919996926657023,-0.004853090367172785
87.80000000000001,45.37443611653906,-0.03968527830328755,-0.004911667210669575
87.9,45.370467588708735,-0.04017644502435448,-0.00493816120624373
88.0,45.366449944206295,-0.04067026114497883,-0.004939139300430476
88.10000000000001,45.3623829180918,-0.041164175075021917,-0.004883475792448605
88.2,45.35826650058429,-0.04165252265426675,-0.004822934800092707
88.30000000000001,45.35410124831887,-0.04213481613427606,-0.004807555212504862
88.4,45.34988776670544,-0.04261557165552652,-0.00481185854500014
88.5,45.34562620953989,-0.04309675751002651,-0.004777889098553862
88.60000000000001,45.341316533788884,-0.043574546419881934,-0.004707195318736427
88.7,45.3369590791469,-0.04404526595175555,-0.004630801401132264
88.80000000000001,45.33255455255172,-0.044508346091868815,-0.004561212925850484
88.9,45.32810371794253,-0.04496446738445384,-0.0045779259616331
89.0,45.32360727120409,-0.04542225998061712,-0.004608294004322828
89.10000000000001,45.31906504520603,-0.045883089381049444,-0.0045694513900631185
89.2,45.31447673626792,-0.04634003452005573,-0.0044558611803855955
89.30000000000001,45.309842732815916,-0.04678562063809433,-0.004361483264529216
89.4,45.30516417075211,-0.047221768964547224,-0.004250366732433917
89.5,45.30044199385566,-0.04764680563779059,-0.004138358011955273
89.60000000000001,45.295677313291876,-0.048060641438986154,-0.0039840853873871806
89.7,45.290871249147976,-0.04845904997772485,-0.0037451951124890387
89.80000000000001,45.286025344150204,-0.048833569488973785,-0.003493157857081601
89.9,45.28114198720131,-0.049182885274681926,-0.0032176882973610375
90.0,45.27622369867384,-0.04950465410441801,-0.002899670720071276
90.10000000000001,45.27127323326339,-0.04979462117642516,-0.002537117052949725
90.2,45.266293771145754,-0.05004833288172012,-0.0022001331849152493
90.30000000000001,45.26128893785758,-0.050268346200211665,-0.0019904133146203978
90.4,45.25626210323756,-0.050467387531673694,-0.0018002848570559584
90.5,45.251215364484395,-0.05064741601737928,-0.0015965177752229357
90.60000000000001,45.24615062288265,-0.050807067794901586,-0.001487692164765951
90.7,45.241069916103164,-0.05095583701137817,-0.0014106833414217524
90.80000000000001,45.23597433240203,-0.05109690534552036,-0.0013401803857219436
90.9,45.23086464186748,-0.05123092338409255,-0.0012991295487359323
91.0,45.22574154952907,-0.05136083633896613,-0.0013075014690111099
91.10000000000001,45.22060546589517,-0.051491586485867255,-0.0014086766854067118
91.2,45.21545630724658,-0.05163245415440792,-0.0015006280090916588
91.30000000000001,45.210293061831145,-0.0517825169553171,-0.001594528371741143
91.4,45.20511481013561,-0.0519419697924912,-0.001755036274840682
91.5,45.19992061315636,-0.05211747341997526,-0.0019347090346292105
91.60000000000001,45.19470886581436,-0.0523109443234382,-0.002112005720466321
91.7,45.18947777138202,-0.05252214489548482,-0.002257103785234126
91.80000000000001,45.18422555689247,-0.05274785527400825,-0.0023945680260838128
91.9,45.17895077136507,-0.05298731207661662,-0.0024716342487773896
92.0,45.17365204015741,-0.05323447550149434,-0.002488382702669763
92.10000000000001,45.16832859260726,-0.05348331377176134,-0.002474983184830167
92.2,45.16298026123008,-0.05373081209024434,-0.00242147310161492
92.30000000000001,45.15760718002106,-0.053972959400405855,-0.0022681385418097427
92.4,45.15220988408102,-0.05419977325458682,-0.0021866174793444405
92.5,45.14678990675556,-0.05441843500252125,-0.0022061937509737705
92.60000000000001,45.14134806325531,-0.054639054377618644,-0.0022583437061309587
92.7,45.13588415781754,-0.05486488874823173,-0.0023488269752265723
92.80000000000001,45.13039766894272,-0.055099771445754404,-0.0024981154622755217
92.9,45.12488769179814,-0.05534958299198194,-0.0026377402241786864
93.0,45.11935273349895,-0.055613357014399796,-0.002762260668421446
93.10000000000001,45.113791397797506,-0.055889583081241964,-0.002810233145483669
93.2,45.10820243948938,-0.056170606395790315,-0.0028148156604831625
93.30000000000001,45.1025853788498,-0.056452087961838655,-0.002831102377259137
93.4,45.09694017005362,-0.05673519819956455,-0.002829323768531061
93.5,45.09126665023366,-0.05701813057641764,-0.00277838771785184
93.60000000000001,45.08556483717602,-0.05729596934820285,-0.0026896946532185277
93.7,45.0798352402412,-0.05756493881352469,-0.002570105634663578
93.80000000000001,45.07407874635985,-0.05782194937699107,-0.002428270759537789
93.9,45.06829655142215,-0.05806477645294483,-0.0022287839453149928
94.0,45.06249007377686,-0.05828765484747632,-0.0019784718828648163
94.10000000000001,45.05666130829211,-0.05848550203576282,-0.0016233670754684884
94.2,45.05081275808853,-0.05864783874330966,-0.0012627742450195855
94.30000000000001,45.0449479742142,-0.05877411616781163,-0.0009269952230997302
94.4,45.03907056259742,-0.058866815690121595,-0.0006540508655253724
94.5,45.03318388102841,-0.05893222077667413,-0.00041257679081235045
94.60000000000001,45.02729065895074,-0.05897347845575537,-0.00018008016671602537
94.7,45.021393311105165,-0.05899148647242697,3.9834423505368746e-05
94.80000000000001,45.01549416245792,-0.05898750303007643,0.00026029439957582593
94.9,45.009595412154916,-0.05896147359011885,0.00044735870968165326
95.0,45.003699264795905,-0.05891673771915069,0.0006579793474394963
95.10000000000001,44.997807591023985,-0.05885093978440673,0.0007719795024177962
95.2,44.99192249704555,-0.05877374183416496,0.0008047959719379585
95.30000000000001,44.98604512286213,-0.058693262236971154,0.0007936796199731651
95.4,44.980175796638434,-0.05861389427497384,0.0007763199122492068
95.5,44.97431440721094,-0.058536262283748926,0.0007718069842624389
95.60000000000001,44.96846078098256,-0.058459081585322675,0.0007851355428663029
95.7,44.96261487282403,-0.05838056803103605,0.0008639955058101875
95.80000000000001,44.95677681602093,-0.05829416848045502,0.0009344625063791555
95.9,44.95094739917288,-0.05820072222981711,0.001058758551499899
96.0,44.9451273269499,-0.05809484637466713,0.0012466885754503962
96.10000000000001,44.939317842312434,-0.05797017751712208,0.001442421286941635
96.2,44.93352082456072,-0.057825935388427924,0.00170208881594184
96.30000000000001,44.92773823102188,-0.057655726506833725,0.0018424905515072524
96.4,44.921972658371196,-0.05747147745168301,0.0018705758839914302
96.5,44.91622551062603,-0.05728441986328388,0.001891130053020251
96.60000000000001,44.9104970686397,-0.05709530685798184,0.0020143551151296825
96.7,44.9047875379539,-0.05689387134646888,0.002143747240871572
96.80000000000001,44.89909815081925,-0.056679496622381705,0.0023553676169916307
96.9,44.89343020115702,-0.056443959860682555,0.0025786231668248416
97.0,44.88778580517094,-0.056186097544000085,0.0027889476327604534
97.10000000000001,44.88216719541654,-0.055907202780724016,0.0029968132838448553
97.2,44.87657647513847,-0.05560752145233955,0.0031449454210855194
97.30000000000001,44.87101572299324,-0.05529302691023097,0.003331909174093798
97.4,44.86548642030222,-0.05495983599282161,0.0035323399497807976
97.5,44.85999043670294,-0.05460660199784355,0.003701009760088445
97.60000000000001,44.85452977650315,-0.05423650102183467,0.003924642783050076
97.7,44.84910612640097,-0.05384403674352969,0.004108032507398187
97.80000000000001,44.84372172272661,-0.05343323349278983,0.004217809138478305
97.9,44.83837839937733,-0.05301145257894203,0.004278771512270831
98.0,44.83307725411944,-0.05258357542771497,0.004362696385998957
98.10000000000001,44.827818896576666,-0.052147305789115035,0.004435207062148161
98.2,44.82260416599776,-0.051703785082900244,0.004521186476064937
98.30000000000001,44.81743378748946,-0.05125166643529371,0.0046144327136979895
98.4,44.81230862084594,-0.05079022316392394,0.00471448315661301
98.5,44.807229598529545,-0.050318774848262665,0.004851541049400376
98.60000000000001,44.80219772104472,-0.049833620743322586,0.005010169661163334
98.7,44.797214358970386,-0.04933260377720628,0.005085756410233826
98.80000000000001,44.79228109859267,-0.048824028136182855,0.005139162907442805
98.9,44.787398695779046,-0.048310111845438604,0.005259694599846648
99.0,44.782567684594504,-0.04778414238545397,0.0054034568805991475
99.10000000000001,44.77778927035596,-0.04724379669739401,0.005670376735719591
99.2,44.77306489068622,-0.04667675902382208,0.005868795476580132
99.30000000000001,44.76839721478384,-0.04608987947616402,0.006144511201809299
99.4,44.76378822683622,-0.04547542835598312,0.006416199634902853
99.5,44.75924068400062,-0.044833808392492874,0.006586627415018081
99.60000000000001,44.75475730316137,-0.04417514565099101,0.0067304336121286
99.7,44.75033978859627,-0.04350210228977819,0.006849284681263209
99.80000000000001,44.74598957836729,-0.04281717382165181,0.0069914993784317234
99.9,44.74170786098513,-0.042118023883808677,0.007162915558718346
100.0,44.73749605859675,-0.04140173232793688,0.007215734710898171
100.10000000000001,44.733355885363956,-0.040680158856847004,0.007175760305412537
100.2,44.72928786947827,-0.03996258282630579,0.007194534388554272
100.30000000000001,44.725291611195644,-0.0392431293874503,0.007244655178324506
100.4,44.721367298256894,-0.03851866386961789,0.007236185988388969
100.5,44.717515431869934,-0.03779504527077904,0.007165631333433828
100.60000000000001,44.71373592734285,-0.037078482137435594,0.007085140230765258
100.7,44.71002807912911,-0.03636996811435911,0.007055381128124963
100.80000000000001,44.70639108231768,-0.03566443000154655,0.007053376313501515
100.9,44.70282463931752,-0.03495909237019644,0.007030261683052247
101.0,44.6993287300805,-0.034256066201891255,0.00710971144847002
101.10000000000001,44.69590312346031,-0.03354509505704419,0.007167438917955312
101.2,44.69254861395461,-0.0328283511652487,0.007208649099375515
101.30000000000001,44.689265778838084,-0.03210748625531109,0.007256175903011943
101.4,44.68605503021255,-0.031381868665009936,0.007326704178977697
101.5,44.68291684334605,-0.030649198247112208,0.0073785638934231
101.60000000000001,44.67985192352134,-0.029911341857769835,0.007469826291953219
101.7,44.676860789335564,-0.029164359228574556,0.00759432844975647
101.80000000000001,44.67394435341271,-0.028404926383598844,0.0077232474836235136
101.9,44.671103860774345,-0.027632601635236537,0.007790554295931284
102.0,44.668340600610826,-0.026853546205643453,0.007826918837664431
102.10000000000001,44.66565524599026,-0.026070854321876943,0.007852975292008743
102.2,44.66304816055807,-0.025285556792676113,0.007831051882083084
102.30000000000001,44.6605196048788,-0.024502451604467738,0.007884872796891231
102.4,44.658069359718354,-0.02371396432477866,0.007935784600491477
102.5,44.65569796328588,-0.022920385864729557,0.007976484607078047
102.60000000000001,44.653405924699406,-0.022122737404021684,0.00804132015588367
102.7,44.651193650959,-0.021318605388433363,0.008166975633085402
102.80000000000001,44.64906179042016,-0.020501907825124753,0.008251150466429841
102.9,44.64701159963765,-0.019676792778481816,0.00834945367369606
103.0,44.6450439203598,-0.018841847411112257,0.008456665397153028
103.10000000000001,44.64315973561869,-0.017996180871396882,0.0085701659616887
103.2,44.64136011753155,-0.01713916427522806,0.008610212671023328
103.30000000000001,44.63964620110403,-0.016278143008125655,0.008591205021957416
103.4,44.63801838680321,-0.015419022505929962,0.008513775929852184
103.5,44.63647648455262,-0.014567644912944792,0.008511276074276694
103.60000000000001,44.63501972006132,-0.01371651730551705,0.008505014676693406
103.7,44.63364806833077,-0.012866015837847758,0.00857922877276356
103.80000000000001,44.632361466746985,-0.012008092960571329,0.008553241652698926
103.9,44.631160657450934,-0.011152768795301485,0.008544803700894256
104.0,44.6300453805714,-0.010298288425212108,0.00846767905477187
104.10000000000001,44.629015551728884,-0.009451520519734849,0.008343485026923713
104.2,44.62807039967691,-0.008617172017042525,0.008233228570531737
104.30000000000001,44.6272086824752,-0.007793849159989281,0.008148024616166124
104.4,44.626429297559206,-0.006979046698372715,0.008080677125666645
104.5,44.625731392889364,-0.006170978985806096,0.007942827112822435
104.60000000000001,44.62511429499079,-0.005376696274523785,0.007746373794375332
104.7,44.62457662536333,-0.004602058895086296,0.0074677864535170535
104.80000000000001,44.62411641947382,-0.003855280249734527,0.007214308370421562
104.9,44.62373089144885,-0.0031338494126924117,0.006880734378821603
105.0,44.62341750650758,-0.0024457759748102905,0.006492157283704183
105.10000000000001,44.6231729289101,-0.001796560246439817,0.006118677458506982
105.2,44.62299327288546,-0.0011846925005891535,0.005716173154261861
105.30000000000001,44.6228748036354,-0.0006130751851629187,0.00534450263336599
105.4,44.62281349611688,-7.862492182635007e-05,0.0049468286809495245
105.5,44.6228056336247,0.0004160579462685743,0.004478940902544949
105.60000000000001,44.62284723941933,0.0008639520365231074,0.003964513758772853
105.7,44.62293363462298,0.0012604034124003701,0.0034551251614361907
105.80000000000001,44.62305967496422,0.0016059159285440187,0.0028995838900231137
105.9,44.62322026655707,0.0018958743175463135,0.0023717666623467855
106.0,44.623409853988825,0.0021330509837809786,0.0019338792481952494
106.10000000000001,44.6236231590872,0.00232643890860052,0.0015243877173120321
106.2,44.62385580297806,0.0024788776803317146,0.001133875046496834
106.30000000000001,44.6241036907461,0.0025922651849814076,0.000689563952184537
106.4,44.6243629172646,0.0026612215801998574,0.0002937200605265327
106.5,44.624629039422615,0.002690593586252509,-1.2459295246285813e-05
106.60000000000001,44.624898098781244,0.0026893476567278803,-0.0003269846903299947
106.7,44.625167033546916,0.0026566491876948827,-0.0007115668219960514
106.80000000000001,44.62543269846569,0.0025854925054952715,-0.0011125006000755368
106.9,44.62569124771623,0.002474242445487724,-0.0014444481517895652
107.0,44.62593867196078,0.002329797630308776,-0.0017354172711545302
107.10000000000001,44.626171651723816,0.002156255903193308,-0.001943513766467944
107.2,44.62638727731413,0.0019619045265465247,-0.0021739114312859954
107.30000000000001,44.626583467766785,0.0017445133834179066,-0.0023345172249577524
107.4,44.62675791910513,0.0015110616609221447,-0.0024701799084156715
107.5,44.626909025271225,0.0012640436700805916,-0.002529182172435234
107.60000000000001,44.62703542963823,0.0010111254528370466,-0.0026040893912428953
107.7,44.627136542183514,0.0007507165137127719,-0.0026920178989789036
107.80000000000001,44.62721161383489,0.0004815147238148586,-0.0027610807175665404
107.9,44.627259765307265,0.00020540665205822024,-0.002878431080287989
108.0,44.62728030597247,-8.243645597056226e-05,-0.0029207753229763115
108.10000000000001,44.627272062326874,-0.00037451398826821833,-0.0029062407000488445
108.2,44.62723461092805,-0.0006651380582730862,-0.002978340184941845
108.30000000000001,44.62716809712222,-0.0009629720767672962,-0.003163568672689915
108.4,44.627071799914546,-0.0012793289440362697,-0.003459347426738995
108.5,44.62694386702014,-0.0016252636867101495,-0.0037278724302366407
108.60000000000001,44.62678134065147,-0.0019980509297338454,-0.003912886499155057
108.7,44.62658153555849,-0.002389339579649329,-0.004039179627033862
108.80000000000001,44.626342601600534,-0.0027932575423527495,-0.004181184737153827
108.9,44.6260632758463,-0.0032113760160681084,-0.00432184031546176
109.0,44.62574213824469,-0.00364356004761426,-0.004480803524639977
109.10000000000001,44.62537778223993,-0.004091640400078296,-0.0046947954111647445
109.2,44.62496861819992,-0.0045611199411947434,-0.0049392621991794835
109.30000000000001,44.624512506205804,-0.005055046161112734,-0.005117224176324031
109.4,44.62400700158969,-0.005566768578745108,-0.005310958906457658
109.5,44.62345032473181,-0.006097864469390844,-0.005523722495847317
109.60000000000001,44.622840538284876,-0.0066502367189756224,-0.005732194339742865
109.7,44.62217551461298,-0.007223456152949876,-0.005975404630308983
109.80000000000001,44.62145316899768,-0.007820996615980826,-0.006224903960216726
109.9,44.62067106933608,-0.008443487012002463,-0.006468681350736923
110.0,44.61982672063488,-0.009090355147076118,-0.0066254568966372844
110.10000000000001,44.618917685120174,-0.009752900836739903,-0.006728680345187457
110.2,44.6179423950365,-0.01042576887125861,-0.006683338399285004
110.30000000000001,44.61689981814938,-0.011094102711187168,-0.006586576683070375
110.4,44.61579040787826,-0.011752760379494168,-0.00655057424120294
110.5,44.61461513184031,-0.012407817803614425,-0.006511642683211735
110.60000000000001,44.61337435005995,-0.013058982071935654,-0.006418743705880679
110.7,44.61206845185276,-0.013700856442523685,-0.006321247461351479
110.80000000000001,44.6106983662085,-0.014332981188658887,-0.006182531614709144
110.9,44.609265068089634,-0.014951234350129766,-0.006015468544050181
111.0,44.60776994465462,-0.01555278120453475,-0.005823781081897578
111.10000000000001,44.60621466653417,-0.016135159312724558,-0.005607106730017685
111.2,44.604601150602896,-0.016695869985726294,-0.005351499273680485
111.30000000000001,44.60293156360432,-0.01723101991309439,-0.005082601843478332
111.4,44.60120846161301,-0.017739280097442193,-0.004796564178293767
111.5,44.59943453360327,-0.018218936515271542,-0.0045969433119642696
111.60000000000001,44.59761263995174,-0.01867863084646801,-0.004501452220402476
111.7,44.59574477686709,-0.01912877606850823,-0.004514832353096802
111.80000000000001,44.593831899260245,-0.01958025930381795,-0.004451557636094502
111.9,44.59187387332987,-0.020025415067427374,-0.004416831214474206
112.0,44.58987133182312,-0.02046709818887477,-0.004344527831412805
112.10000000000001,44.587824622004234,-0.020901550972016087,-0.004349102679623092
112.2,44.585734466907034,-0.02133646123997837,-0.004368155474002408
112.30000000000001,44.58360082078303,-0.02177327678737865,-0.00439770772346048
112.4,44.581423493104296,-0.022213047559724673,-0.004395913007982893
112.5,44.579202188348326,-0.022652638860522937,-0.004412467780911712
112.60000000000001,44.576936924462274,-0.023093885638614146,-0.0044406728462050805
112.7,44.57462753589841,-0.02353795292323463,-0.004409728101268356
112.80000000000001,44.572273740606086,-0.0239789257333615,-0.004334395019901762
112.9,44.56987584803275,-0.024412365235351653,-0.004286416503676526
113.0,44.56743461150921,-0.02484100688571928,-0.004233457072673981
113.10000000000001,44.564950510820644,-0.025264352592986716,-0.0041445545985093896
113.2,44.562424075561346,-0.02567880805283763,-0.004011774618736223
113.30000000000001,44.55985619475606,-0.026079985514711287,-0.0038426309456677833
113.4,44.55724819620459,-0.026464248609278044,-0.003690321530911771
113.5,44.55460177134366,-0.0268332807623692,-0.003563073172270026
113.60000000000001,44.551918443267425,-0.027189588079596233,-0.003438315888080143
113.7,44.549199484459464,-0.027533419668404228,-0.0032829674591380495
113.80000000000001,44.54644614249263,-0.02786171641431806,-0.0031547769780077414
113.9,44.543659970851195,-0.028177194112118817,-0.003079142841338237
114.0,44.54084225143998,-0.028485108396252623,-0.0029511175194973146
114.10000000000001,44.537993740600356,-0.02878022014820238,-0.0028216125003887324
114.2,44.53511571858554,-0.029062381398241237,-0.002746803652052864
114.30000000000001,44.532209480445715,-0.029337061763446547,-0.002797065295071947
114.4,44.529275774269365,-0.029616768292953725,-0.002915518928617084
114.5,44.52631409744007,-0.029908320185815417,-0.0030269760728588086
114.60000000000001,44.52332326542149,-0.030211017793101324,-0.0032068449803545913
114.7,44.52030216364218,-0.030531702291136765,-0.0033253437434032787
114.80000000000001,44.51724899341307,-0.03086423666547712,-0.003321918464380001
114.9,44.51416256974652,-0.031196428511915102,-0.0032255572721347314
115.0,44.51104292689533,-0.03151898423912856,-0.0030792935374037724
115.10000000000001,44.50789102847141,-0.03182691359286896,-0.002918700851171657
115.2,44.50470833711213,-0.03211878367798611,-0.002711845267776477
115.30000000000001,44.50149645874433,-0.03238996820476378,-0.0025946718954159096
115.4,44.498257461923856,-0.03264943539430536,-0.0025418493930562448
115.5,44.49499251838442,-0.03290362033361097,-0.0024760914590573444
115.60000000000001,44.49170215635106,-0.03315122947951672,-0.0023271726944309253
115.7,44.48838703340311,-0.0333839467489598,-0.0021642817853914182
115.80000000000001,44.485048638728216,-0.03360037492749896,-0.0019605828006097063
115.9,44.48168860123546,-0.03379643320755992,-0.001737412847768212
116.0,44.478308957914706,-0.03397017449233673,-0.001462306007844555
116.10000000000001,44.474911940465475,-0.0341164050931212,-0.001210265866088272
116.2,44.47150029995616,-0.03423743167973002,-0.0010478114911061593
116.30000000000001,44.46807655678819,-0.034342212828840646,-0.0008637627598084638
116.4,44.4646423355053,-0.03442858910482149,-0.0007651693839473996
116.5,44.46119947659482,-0.03450510604321622,-0.0007441325355330629
116.60000000000001,44.457748965990504,-0.034579519296769536,-0.0006999637541041085
116.7,44.45429101406082,-0.03464951567217994,-0.0007272185093098395
116.80000000000001,44.450826062493604,-0.03472223752311093,-0.0007447328182744607
116.9,44.44735383874129,-0.034796710804938374,-0.0007951449856792339
117.0,44.4438741676608,-0.03487622530350629,-0.0008311264155414623
117.10000000000001,44.44038654513045,-0.03495933794506045,-0.000796222951711851
117.2,44.43689061133595,-0.03503896024023163,-0.0007167918818401591
117.30000000000001,44.43338671531192,-0.03511063942841565,-0.0007077743742220768
117.4,44.42987565136908,-0.03518141686583785,-0.0007084918366463397
117.5,44.4263575096825,-0.03525226604950248,-0.0006613074087636608
117.60000000000001,44.42283228307755,-0.035318396790378855,-0.0006329246191464854
117.7,44.419300443398505,-0.0353816892522935,-0.0005249749135266098
117.80000000000001,44.41576227447328,-0.035434186743646165,-0.0003578332424383277
117.9,44.41221885579891,-0.035469970067889996,-0.00011761038578959162
118.0,44.408671858792125,-0.035481731106468954,9.018362614131923e-05
118.10000000000001,44.40512368568148,-0.03547271274385482,0.00030732849696702227
118.2,44.401576414407096,-0.03544197989415812,0.0005439354334386506
118.30000000000001,44.398032216417675,-0.03538758635081425,0.0007233159933319322
118.4,44.394493457782595,-0.03531525475148106,0.0008659000141521065
118.5,44.39096193230745,-0.035228664750065856,0.000983556591312703
118.60000000000001,44.38743906583244,-0.03513030909093458,0.0010872757859487555
118.7,44.38392603492335,-0.03502158151233971,0.0011745148190445529
118.80000000000001,44.38042387677211,-0.03490413003043524,0.0012454802412697349
118.9,44.37693346376907,-0.03477958200630828,0.0013221644822787651
119.0,44.37345550556844,-0.03464736555808041,0.0013761340942177118
119.10000000000001,44.36999076901263,-0.034509752148658625,0.0013503044055020248
119.2,44.36653979379776,-0.03437472170810843,0.001311362379337557
119.30000000000001,44.363102321626954,-0.03424358547017466,0.0012662086711341695
119.4,44.35967796307994,-0.03411696460306125,0.0012197755225951817
119.5,44.35626626661963,-0.03399498705080174,0.0011877733862086474
119.60000000000001,44.35286676791455,-0.03387620971218087,0.0011431061560468426
119.7,44.34947914694333,-0.03376189909657619,0.0011147459451101454
119.80000000000001,44.34610295703367,-0.033650424502065165,0.00115025339290933
119.9,44.342737914583466,-0.03353539916277424,0.0011231673186385487
120.0,44.33938437466719,-0.03342308243091039,0.0010459133944543616
120.10000000000001,44.3360420664241,-0.033318491091464945,0.0009831567876540524
120.2,44.332710217314954,-0.033220175412699546,0.0010412017670035996
120.30000000000001,44.32938819977368,-0.03311605523599918,0.001060464709454955
120.4,44.32607659425008,-0.03301000876505369,0.0010187445472407154
120.5,44.32277559337358,-0.03290813431032962,0.0009482490592046279
120.60000000000001,44.31948477994254,-0.03281330940440915,0.0008225172550786526
120.7,44.3162034490021,-0.03273105767890129,0.000693002172395967
120.80000000000001,44.312930343234214,-0.03266175746166169,0.0005049707597845908
120.9,44.309664167488044,-0.03261126038568323,0.00023484934844887566
121.0,44.30640304144948,-0.032587775450838345,-4.80452769607801e-05
121.10000000000001,44.30314426390439,-0.032592579978534424,-0.000307248039364775
121.2,44.29988500590654,-0.0326233047824709,-0.0005609889348117757
121.30000000000001,44.296622675428296,-0.03267940367595208,-0.0008107290966985942
121.4,44.2933547350607,-0.03276047658562194,-0.0010313267578216409
121.5,44.290078687402136,-0.032863609261404095,-0.0011275846759325758
121.60000000000001,44.286792326476,-0.03297636772899736,-0.0012427813678841256
121.7,44.2834946897031,-0.03310064586578577,-0.0014175665258536238
121.80000000000001,44.28018462511652,-0.03324240251837114,-0.0016294013985892568
121.9,44.27686038486468,-0.03340534265823006,-0.0017794735608013157
122.0,44.27351985059886,-0.03358329001431018,-0.0018797806570280053
122.10000000000001,44.27016152159743,-0.033771268080012996,-0.001921041670242719
122.2,44.266784394789426,-0.03396337224703726,-0.0019880980851744554
122.30000000000001,44.263388057564725,-0.03416218205555472,-0.001966614459648048
122.4,44.25997183935917,-0.03435884350151951,-0.0019659575456415232
122.5,44.256535955009014,-0.034555439256083655,-0.001923125396554706
122.60000000000001,44.25308041108341,-0.03474775179573914,-0.0018899275264295764
122.7,44.24960563590383,-0.03493674454838209,-0.0018141240430711977
122.80000000000001,44.246111961448996,-0.035118156952689224,-0.0017023394218856481
122.9,44.24260014575373,-0.03528839089487778,-0.0015792871676289576
123.0,44.239071306664236,-0.035446319611640666,-0.00155320027931894
123.10000000000001,44.235526674703074,-0.03560163963957257,-0.0014954257355175877
123.2,44.23196651073911,-0.03575118221312432,-0.0014313789947950101
123.30000000000001,44.22839139251781,-0.035894320112603836,-0.0012877527776850068
123.4,44.22480196050655,-0.03602309539037233,-0.0010193707034763268
123.5,44.221199650967506,-0.03612503246071996,-0.0007481303332115886
123.60000000000001,44.21758714772143,-0.03619984549404112,-0.0005209142348114611
123.7,44.21396716317203,-0.036251936917522265,-0.00025143109782082364
123.80000000000001,44.210341969480275,-0.03627708002730435,9.75684292180201e-05
123.9,44.20671426147755,-0.03626732318438255,0.0004195921195407587
124.0,44.20308752915911,-0.036225363972428475,0.0007171135026897645
124.10000000000001,44.19946499276187,-0.03615365262215949,0.0009907711694578806
124.2,44.19584962749965,-0.03605457550521371,0.001213710365068587
124.30000000000001,44.19224416994913,-0.03593320446870684,0.0015042464372410657
124.4,44.18865084950226,-0.03578277982498274,0.001776409178663969
124.5,44.18507257151976,-0.035605138907116356,0.0020802855142288165
124.60000000000001,44.18151205762905,-0.035397110355693456,0.0023264629326574045
124.7,44.17797234659348,-0.03516446406242773,0.0025786682416283646
124.80000000000001,44.17445590018723,-0.03490659723826487,0.002862604894736619
124.9,44.17096524046341,-0.034620336748791225,0.003169614810510687
125.0,44.16750320678853,-0.034303375267740174,0.0034362406813602375
125.10000000000001,44.16407286926176,-0.03395975119960412,0.003638362303870836
125.2,44.160676894141794,-0.03359591496921706,0.0038265665890332493
125.30000000000001,44.15731730264488,-0.0332132583103137,0.003980706227920909
125.4,44.153995976813846,-0.03281518768752163,0.004071376044856879
125.5,44.150714458045094,-0.03240805008303597,0.004158296312206925
125.60000000000001,44.14747365303679,-0.03199222045181524,0.004314793505704291
125.7,44.14427443099161,-0.031560741101244835,0.004523839053152813
125.80000000000001,44.141118356881485,-0.031108357195929515,0.004799173401542653
125.9,44.13800752116189,-0.030628439855775277,0.005095196055140775
126.0,44.134944677176314,-0.03011892025026123,0.005379739692515573
126.10000000000001,44.131932785151285,-0.029580946281009626,0.005636404901148529
126.2,44.12897469052319,-0.029017305790894805,0.005844400086532074
126.30000000000001,44.126072959944096,-0.028432865782241547,0.005998975432534714
126.4,44.12322967336587,-0.02783296823898811,0.006111763069714672
126.5,44.12044637654197,-0.027221791932016678,0.006173363974283184
126.60000000000001,44.11772419734877,-0.026604455534588307,0.006277721523765346
126.7,44.11506375179531,-0.025976683382211808,0.0063988951240495735
126.80000000000001,44.11246608345709,-0.025336793869806796,0.006445144415330192
126.9,44.10993240407011,-0.024692279428273813,0.0065030516373730755
127.0,44.10746317612728,-0.024041974264536543,0.00658462822007519
127.10000000000001,44.105058978700825,-0.023383511442528968,0.0066607726038931505
127.2,44.10272062755658,-0.02271743418213969,0.006662924547921009
127.30000000000001,44.10044888413836,-0.022051141727347533,0.006708174895681852
127.4,44.09824376996563,-0.021380324237779386,0.0067239841451543015
127.5,44.09610573754185,-0.020707925823263994,0.00670339460174042
127.60000000000001,44.094034944959525,-0.020037586363089895,0.006699899956825287
127.7,44.09203118632321,-0.019367596367407404,0.006647236486302481
127.80000000000001,44.09009442668647,-0.0187028727187771,0.006589441209791651
127.9,44.08822413941459,-0.01804392859779797,0.006547266009226696
128.0,44.08641974655482,-0.01738920199687534,0.006483035014665643
128.1,44.084680826355125,-0.016740898495408812,0.006440948101266955
128.20000000000002,44.08300673650559,-0.01609680368528197,0.0063638937046096135
128.3,44.08139705613706,-0.015460414314821045,0.006286859984115857
128.4,44.079851014705575,-0.014831728316409495,0.006188478061826963
128.5,44.078367841873934,-0.014212880510226834,0.006065677459654096
128.6,44.076946553822914,-0.013606312764261459,0.005887873977315578
128.70000000000002,44.07558592254649,-0.013017525366529767,0.005718784404796901
128.8,44.07428417000983,-0.01244564692605011,0.00559455709542202
128.9,44.07303960531723,-0.011886191216507939,0.0055206737314362365
129.0,44.07185098619558,-0.011334123843364347,0.005440399016502521
129.1,44.070717573811244,-0.010790083941714126,0.005349910733926341
129.20000000000002,44.06963856541707,-0.01025509286832137,0.005198134516381966
129.3,44.06861305613024,-0.009735279416683203,0.005020941910251355
129.4,44.06763952818857,-0.009233185225658096,0.004857813620011088
129.5,44.066716209666005,-0.008747403863657015,0.004688063899045715
129.6,44.06584146927964,-0.00827859747375247,0.004498694966652406
129.70000000000002,44.065013609532265,-0.007828727977087127,0.0043083305893488084
129.8,44.06423073673455,-0.007397894918152271,0.004066704370615009
129.9,44.06349094724274,-0.006991224481090793,0.0038243744033110865
130.0,44.06279182479463,-0.006608787040759706,0.003560295036834103
130.1,44.062130946090555,-0.006252757537076316,0.00331672657694594
130.20000000000002,44.06150567033685,-0.0059210848793816466,0.0031193682108052044
130.3,44.060913561848906,-0.005609148058301144,0.0028957033546867135
130.4,44.060352647043075,-0.005319577722832489,0.0026068126388587723
130.5,44.05982068927079,-0.005058896458946627,0.0023158226115650993
130.6,44.0593147996249,-0.00482731419779013,0.001983835959151461
130.70000000000002,44.05883206820512,-0.004628930601874939,0.0016716682754826062
130.8,44.05836917514493,-0.0044617637743266875,0.0013752699657784263
130.9,44.0579229987675,-0.004324236777748853,0.0011256038028800827
131.0,44.05749057508972,-0.004211676397460851,0.0009428857984681621
131.1,44.05706940744998,-0.00411738781761404,0.0007850421120305982
131.20000000000002,44.056657668668215,-0.004038883606410962,0.0007761173630008435
131.3,44.05625378030758,-0.003961271870110882,0.0007923530807565498
131.4,44.05585765312057,-0.003882036562035232,0.0007807638140852102
131.5,44.05546944946436,-0.0038039601806267153,0.0007435331291376736
131.6,44.0550890534463,-0.003729606867712952,0.0006495988207079687
131.70000000000002,44.05471609275953,-0.0036646469856421405,0.0005463695107801572
131.8,44.05434962806096,-0.003610010034564128,0.00046879172403471877
131.9,44.05398862705751,-0.0035631308621606587,0.00045833782992974614
132.0,44.05363231397129,-0.0035172970791676867,0.0005684344261671127
132.1,44.053280584263376,-0.0034604536365509786,0.0007234364217545813
132.20000000000002,44.05293453889972,-0.003388109994375504,0.0008839702637402348
132.3,44.05259572790028,-0.0032997129680014856,0.001040666550540884
132.4,44.05226575660348,-0.003195646312947403,0.0012267037700345157
132.5,44.051946191972185,-0.0030729759359439585,0.001384117212702842
132.6,44.05163889437859,-0.0029345642146736822,0.001542839209099285
132.70000000000002,44.051345437957124,-0.0027802802937637186,0.0016716696036468124
132.8,44.05106740992775,-0.002613113333399047,0.0017907113399336678
132.9,44.05080609859441,-0.0024340421994056903,0.001944664211927284
133.0,44.05056269437447,-0.002239575778212973,0.002140903590383422
133.1,44.05033873679665,-0.002025485419174643,0.0023678068936587512
133.20000000000002,44.05013618825473,-0.001788704729808714,0.002648414555636167
133.3,44.04995731778175,-0.0015238632742451124,0.0029889752737850403
133.4,44.049804931454325,-0.0012249657468666254,0.0033039541697476057
133.5,44.049682434879635,-0.0008945703298918836,0.003679602357519448
133.6,44.04959297784665,-0.0005266100941399597,0.004080871721355786
133.70000000000002,44.04954031683724,-0.00011852292200428832,0.004488067478191039
133.8,44.049528464545034,0.0003302838258147901,0.004854745111398832
133.9,44.049561492927616,0.0008157583369546457,0.005179708383228964
134.0,44.04964306876131,0.0013337291752775126,0.005539104818817465
134.1,44.04977644167884,0.0018876396571592276,0.005894497229027361
134.20000000000002,44.049965205644554,0.0024770893800620977,0.006238622971923195
134.3,44.05021291458256,0.0031009516772543817,0.006589427884505043
134.4,44.050523009750286,0.0037598944657048486,0.007012223471692764
134.5,44.05089899919686,0.004461116812874085,0.007415479313513407
134.6,44.051345110878145,0.005202664744225384,0.007847602899630128
134.70000000000002,44.05186537735257,0.005987425034188575,0.00830576730287112
134.8,44.05246411985598,0.00681800176447564,0.008726837100062692
134.9,44.053145920032435,0.007690685474481859,0.009060073927030938
135.0,44.05391498857988,0.008596692867184902,0.009341130181695505
135.1,44.0547746578666,0.009530805885354399,0.009541131633101304
135.20000000000002,44.05572773845513,0.010484919048664746,0.009758033638356482
135.3,44.05677623036,0.011460722412500339,0.009972983260344183
135.4,44.057922302601256,0.0124580207385347,0.010145259433115825
135.5,44.05916810467511,0.013472546681846225,0.010294247060704908
135.6,44.06051535934329,0.014501971387916658,0.010421526455859718
135.70000000000002,44.06196555648208,0.015544124033502867,0.010449986283568306
135.8,44.06351996888543,0.016589122661859638,0.010399344847916646
135.9,44.06517888115162,0.017629057146651243,0.010308436343559286
136.0,44.06694178686628,0.018659900781007113,0.010252874906395142
136.1,44.06880777694438,0.01968518827164657,0.010213337121932483
136.20000000000002,44.07077629577155,0.02070652198384005,0.01017472262678352
136.3,44.072846947969936,0.021723994246518344,0.010079713627710717
136.4,44.07501934739459,0.02273196560928936,0.009900914502389703
136.5,44.077292543955515,0.023722057059528272,0.009691303649343345
136.6,44.07966474966147,0.024691187424462552,0.009498322558223011
136.70000000000002,44.082133868403915,0.02564101968028507,0.009352383041518277
136.8,44.08469797037194,0.026576257984436844,0.009169492552764391
136.9,44.08735559617038,0.02749320723971323,0.008983437791949708
137.0,44.090104916894354,0.02839155101890815,0.008763056390059093
137.1,44.09294407199625,0.02926785665791401,0.008602651102632683
137.20000000000002,44.095870857662035,0.030128121768177474,0.008469806383144467
137.3,44.098883669838855,0.030975102406491872,0.008377303324148952
137.4,44.101981180079505,0.03181283273890672,0.008310018691243384
137.5,44.105162463353395,0.03264383460803101,0.00826128749746023
137.6,44.1084268468142,0.03346996335777699,0.008256463389936516
137.70000000000002,44.111773843149976,0.034295609696770826,0.008357278225438528
137.8,44.115203404119654,0.03513133751931463,0.008391398159782034
137.9,44.118716537871585,0.03597047733529279,0.008428627719200964
138.0,44.12231358560511,0.036813340107212836,0.008421680379398284
138.1,44.125994919615835,0.037655508145152616,0.008399096414126136
138.20000000000002,44.129760470430355,0.03849541778656542,0.008255479711273188
138.3,44.133610012209004,0.03932096575769269,0.008192527021288733
138.4,44.13754210878478,0.04014021845982152,0.008165190211071503
138.5,44.14155613063076,0.04095673748092862,0.008160752879470939
138.6,44.14565180437885,0.04177281276887567,0.00817765761717515
138.70000000000002,44.14982908565574,0.04259057853059337,0.008227298832631149
138.8,44.1540881435088,0.04341330841385644,0.008287966059010082
138.9,44.158429474350186,0.0442421050197574,0.008268786903825513
139.0,44.16285368485216,0.045068983710139905,0.008269519563814649
139.1,44.16736058322317,0.04589593566652132,0.00821921486830087
139.20000000000002,44.17195017678983,0.0467178571533516,0.008171110572247044
139.3,44.17662196250516,0.047534968210576255,0.008121980821720654
139.4,44.18137545932622,0.048347166292748274,0.008020943099550688
139.5,44.186210175955495,0.0491492606027033,0.007960042512374818
139.6,44.19112510201576,0.049945264853940734,0.007910716725666253
139.70000000000002,44.19611962850116,0.05073633652650754,0.007866436016198648
139.8,44.20119326215381,0.05152298012812736,0.007860381331892295
139.9,44.206345560166625,0.052309018261316544,0.008003907556065514
140.0,44.211576461992756,0.05310940901692305,0.008154006880569156
140.1,44.21688740289444,0.05392480970497992,0.00826874677434946
140.20000000000002,44.22227988386494,0.05475168438241505,0.008361442212687076
140.3,44.22775505230319,0.05558782860368371,0.008499041756088937
140.4,44.23331383516356,0.05643773277929256,0.008554686053355645
140.5,44.23895760844148,0.057293201384628074,0.008475612170738275
140.6,44.244686928579945,0.058140762601701854,0.00837227710970581
140.70000000000002,44.25050100484012,0.058977990312672625,0.008195433961946852
140.8,44.256398803871384,0.05979753370886726,0.007968041344638794
140.9,44.26237855724227,0.0605943378433311,0.007668701799642081
141.0,44.2684379910266,0.06136120802329526,0.007303489705180673
141.1,44.27457411182893,0.06209155699381329,0.006939527214228446
141.20000000000002,44.280783267528314,0.06278550971523629,0.006539330099264951
141.3,44.287061818499836,0.06343944272516275,0.006139569206014344
141.4,44.29340576277235,0.06405339964576415,0.00571342346085015
141.5,44.29981110273693,0.06462474199184913,0.00524385632449597
141.6,44.306273576936114,0.0651491276242987,0.0047758549761509304
141.70000000000002,44.31278848969855,0.0656267131219139,0.004265570356061059
141.8,44.31935116101074,0.06605327015751998,0.003727345789431642
141.9,44.32595648802649,0.06642600473646312,0.003189220629352716
142.0,44.33259908850013,0.06674492679939838,0.002708829715976234
142.1,44.33927358118007,0.06701580977099598,0.002235677697405755
142.20000000000002,44.345975162157174,0.06723937754073661,0.0017797972646658624
142.3,44.35269909991125,0.06741735726720319,0.0013457325837500855
142.4,44.35944083563797,0.06755193052557819,0.00093909488896751
142.5,44.366196028690524,0.06764584001447493,0.0005050913396220945
142.6,44.37296061269197,0.06769634914843714,9.617075844096136e-05
142.70000000000002,44.379730247606815,0.06770596622428124,-0.00026546688653374237
142.8,44.386500844229246,0.06767941953562787,-0.0006821560982471885
142.9,44.39326878618281,0.06761120392580315,-0.001103423473997535
143.0,44.40002990657539,0.0675008615784034,-0.0015133186478216182
143.1,44.40677999273323,0.06734952971362125,-0.0019199848221927516
143.20000000000002,44.41351494570459,0.06715753123140193,-0.0022376076291313767
143.3,44.42023069882773,0.0669337704684888,-0.0025269500834723727
143.4,44.42692407587458,0.06668107546014158,-0.002799326315135901
143.5,44.43359218342059,0.06640114282862801,-0.0029912209323506057
143.6,44.44023229770345,0.06610202073539297,-0.0031172678492639846
143.70000000000002,44.446842499777,0.0657902939504665,-0.0032125799995267206
143.8,44.45342152917204,0.06546903595051384,-0.003237753473152489
143.9,44.45996843276709,0.06514526060319861,-0.0032734569000245546
144.0,44.46648295882741,0.06481791491319618,-0.00329375546053811
144.1,44.47296475031873,0.06448853936714238,-0.0033519526949272334
144.20000000000002,44.47941360425545,0.06415334409764958,-0.0034686484052844665
144.3,44.485828938665215,0.06380647925712116,-0.0035336717186982346
144.4,44.492209586590924,0.06345311208525135,-0.003556007555163756
144.5,44.49855489779945,0.063097511329735,-0.0035177655634870742
144.6,44.504864648932426,0.06274573477338631,-0.0034900468445925705
144.70000000000002,44.51113922240976,0.062396730088926974,-0.0034823639072228164
144.8,44.51737889541865,0.06204849369820471,-0.0034719932186340926
144.9,44.523583744788475,0.06170129437634132,-0.0034420013910907306
145.0,44.52975387422611,0.06135709423723227,-0.0033831577405548353
145.1,44.53588958364983,0.061018778463176805,-0.003373940896799553
145.20000000000002,44.54199146149615,0.06068138437349677,-0.0033122711456147974
145.3,44.5480595999335,0.06035015725893531,-0.003192892980592694
145.4,44.554094615659395,0.06003086796087606,-0.003076680843237778
145.5,44.56009770245548,0.0597231998765523,-0.003026292006363568
145.6,44.566070022443135,0.05942057067591596,-0.003005546701557043
145.70000000000002,44.57201207951073,0.05912001600576019,-0.0030421187040207197
145.8,44.577924081111306,0.058815804135358134,-0.0030682971160412792
145.9,44.58380566152484,0.05850897442375402,-0.0030900751649346283
146.0,44.589656558967214,0.05819996690726058,-0.003118422433448131
146.1,44.59547655565794,0.05788812466391578,-0.0030991642802075006
146.20000000000002,44.60126536812433,0.05757820823589496,-0.003035969635130745
146.3,44.60702318894792,0.057274611272381905,-0.0030305034526760173
146.4,44.612750650075164,0.05697156092711432,-0.0030453888268379757
146.5,44.61844780616787,0.05666702204443054,-0.003088532401556469
146.6,44.624114508372315,0.05635816880427491,-0.003148314632629898
146.70000000000002,44.62975032525274,0.05604333734101185,-0.0031939362198118728
146.8,44.63535465898684,0.05572394371903068,-0.0031665378652500904
146.9,44.640927053358745,0.05540728993250569,-0.0032051446360103087
147.0,44.646467782352,0.055086775468904677,-0.003298805802505446
147.1,44.65197645989889,0.05475689488865415,-0.0034295945714011263
147.20000000000002,44.65745214938775,0.05441393543151396,-0.0035700057218308132
147.3,44.6628935429309,0.0540569348593309,-0.0037626199142421685
147.4,44.668299236416836,0.053680672867906704,-0.0038795940793519405
147.5,44.67366730370363,0.05329271345997153,-0.004002021845856079
147.6,44.678996575049624,0.052892511275385946,-0.004098170020922399
147.70000000000002,44.68428582617717,0.05248269427329361,-0.004155516213900326
147.8,44.68953409560449,0.052067142651903604,-0.004240250570985321
147.9,44.694740809869685,0.051643117594805096,-0.0043354017885191935
148.0,44.699905121629165,0.0512095774159532,-0.004505751022396607
148.1,44.70502607937076,0.050759002313713567,-0.004542223719172797
148.20000000000002,44.71010197960213,0.050304779941796184,-0.004587774044819537
148.3,44.71513245759631,0.049846002537314256,-0.0046215454143841974
148.4,44.72011705785004,0.04938384799587586,-0.004642166402502368
148.5,44.72505544264963,0.04891963135562565,-0.004711801987537225
148.6,44.72994740578519,0.048448451156871956,-0.004757086338580644
148.70000000000002,44.73479225090088,0.047972742523013784,-0.0047655300143104665
148.8,44.73958952515318,0.047496189521582764,-0.004742728505967498
148.9,44.74433914410534,0.04702191667098604,-0.004764467250614322
149.0,44.74904133577244,0.046545469945924636,-0.004777373137509749
149.1,44.75369588276703,0.04606773263217369,-0.004808854759561029
149.20000000000002,44.758302656030246,0.045586847156217476,-0.0047872910068726075
149.3,44.76286134074587,0.04510811805553024,-0.004778567653800699
149.4,44.767372152551424,0.0446302612901502,-0.004681876914157448
149.5,44.77183517868044,0.04416207359873448,-0.004495707206638492
149.6,44.77625138604031,0.04371250287807066,-0.004325646719973141
149.70000000000002,44.78062263632812,0.043279938206073246,-0.0041019766634603745
149.8,44.78495063014873,0.04286974053972723,-0.0038546915849351046
149.9,44.7892376042027,0.04248427138123374,-0.0036849971340088146
150.0,44.79348603134082,0.04211577166783288,-0.0034972126721870183
150.1,44.797697608507605,0.0417660504006142,-0.0032859199150969153
150.20000000000002,44.80187421354767,0.041437458409104434,-0.0031428184439407213
150.3,44.806017959388576,0.04112317656471038,-0.0030465195874368116
150.4,44.81013027704505,0.040818524605966716,-0.0030032136009337422
150.5,44.81421212950564,0.04051820324587336,-0.002908321752914693
150.6,44.81826394983023,0.040227371070581906,-0.0027571537906640577
150.70000000000002,44.82228668693729,0.03995165569151544,-0.002498955479976129
150.8,44.82628185250644,0.03970176014351784,-0.0021953295318877797
150.9,44.830252028520796,0.039482227190329074,-0.001932441820630722
151.0,44.83420025123983,0.03928898300826601,-0.0016593672967792322
151.1,44.83812914954065,0.0391230462785881,-0.0013320325057230183
151.20000000000002,44.84204145416851,0.038989843028015767,-0.0010635635339974103
151.3,44.84594043847132,0.03888348667461603,-0.0008783649140891248
151.4,44.849828787138776,0.038795650183207124,-0.0006437142679385448
151.5,44.85370835215709,0.03873127875641327,-0.0003240390547611983
151.6,44.857581480032735,0.038698874850937155,1.418852291080696e-05
151.70000000000002,44.86145136751783,0.038700293703228236,0.0004085899167399303
151.8,44.865321396888156,0.03874115269490223,0.0007817419612939525
151.9,44.869195512157646,0.03881932689103162,0.0011729820604378077
152.0,44.87307744484674,0.03893662509707539,0.001630466228095979
152.1,44.876971107356454,0.03909967171988498,0.0020810720283570686
152.20000000000002,44.880881074528446,0.039307778922720735,0.0024813846606129585
152.3,44.88481185242072,0.039555917388782016,0.0028727139120023307
152.4,44.88876744415959,0.03984318877998223,0.003222695898821129
152.5,44.89275176303759,0.04016545836986433,0.0034488859281415225
152.6,44.89676830887458,0.04051034696267846,0.0036624532608366817
152.70000000000002,44.900819343570845,0.04087659228876221,0.003808285997300023
152.8,44.904907002799725,0.04125742088849219,0.003973817487396159
152.9,44.90903274488857,0.041654802637231786,0.004148860112728775
153.0,44.91319822515229,0.04206968864850464,0.004309661324265574
153.1,44.91740519401714,0.04250065478093117,0.0045157883478425115
153.20000000000002,44.92165525949524,0.04295223361571553,0.004690564189381424
153.3,44.92595048285681,0.04342129003465364,0.004816438433935529
153.4,44.930292611860274,0.04390293387804717,0.0049624848114245045
153.5,44.93468290524808,0.04439918235918959,0.005162567325646481
153.60000000000002,44.939122823484,0.044915439091754356,0.005316760811928622
153.70000000000002,44.943614367393174,0.04544711517294719,0.005458997200948576
153.8,44.94815907891047,0.045993014893042014,0.0055628603132114015
153.9,44.95275838039977,0.04654930092436312,0.00563294838259007
154.0,44.95741331049221,0.0471125957626221,0.005727116667144874
154.10000000000002,44.962124570068475,0.047685307429336715,0.0057530898442943535
154.20000000000002,44.966893100811404,0.04826061641376612,0.005749864780767285
154.3,44.97171916245278,0.048835602891842814,0.005722296899384033
154.4,44.976602722741966,0.049407832581781184,0.005623316187222852
154.5,44.98154350600014,0.04997016420050344,0.005541465752465699
154.60000000000002,44.98654052242019,0.050524310775750134,0.005441460380584647
154.70000000000002,44.99159295349777,0.05106845681380857,0.005421719595947064
154.8,44.99669979917915,0.05161062877340324,0.0053405953151205564
154.9,45.00186086205649,0.05214468830491527,0.005205045966071871
155.0,45.007075330886984,0.052665192901522426,0.005088019141340725
155.10000000000002,45.01234185017714,0.053173994815656614,0.0049940574278036
155.20000000000002,45.0176592496587,0.053673400558436946,0.004793934694730032
155.3,45.02302658971454,0.05415279402790992,0.004540584040519361
155.4,45.02844186911734,0.05460685243196183,0.004252979504616761
155.5,45.03390255436053,0.055032150382423484,0.004044067750868362
155.60000000000002,45.039405769398776,0.05543655715751041,0.0038352305420525606
155.70000000000002,45.044949425114524,0.055820080211715646,0.0036442653935545707
155.8,45.050531433135696,0.05618450675107108,0.0034371042421918337
155.9,45.056149883810804,0.056528217175290246,0.0032200210211337952
156.0,45.06180270552833,0.05685021927740361,0.002916416727751395
156.10000000000002,45.067487727456076,0.05714186095017881,0.0026279445360415897
156.20000000000002,45.07320191355109,0.05740465540378296,0.002352879308135306
156.3,45.078942379091465,0.057639943334596475,0.002073441565295632
156.4,45.08470637342493,0.057847287491126026,0.0018173380663337796
156.5,45.09049110217404,0.058029021297759394,0.0015766032194232278
156.60000000000002,45.096294004303815,0.05818668161970175,0.0012990755454048198
156.70000000000002,45.102112672465786,0.05831658917424223,0.0009733808843626621
156.8,45.10794433138321,0.05841392726267849,0.0006945079761912615
156.9,45.113785724109476,0.05848337806029761,0.000405022421595356
157.0,45.119634061915505,0.05852388030245714,0.00010834812253756077
157.10000000000002,45.125486449945754,0.0585347151147109,-0.00021903038100735817
157.20000000000002,45.131339921457226,0.05851281207661017,-0.0005269387512257411
157.3,45.13719120266489,0.058460118201487596,-0.0008199124872044128
157.4,45.143037214485034,0.05837812695276716,-0.001103126215875737
157.5,45.14887502718031,0.05826781433117959,-0.0013793953974744811
157.60000000000002,45.15470180861343,0.05812987479143211,-0.0016830626347065765
157.70000000000002,45.16051479609257,0.057961568527961464,-0.00203096739373886
157.8,45.166310952945366,0.05775847178858759,-0.002441225327656088
157.9,45.17208680012423,0.057514349255821995,-0.00291429903302362
158.0,45.17783823504981,0.05722291935251965,-0.0033912713736584865
158.10000000000002,45.18356052698506,0.056883792215153724,-0.003854303976239964
158.20000000000002,45.18924890620658,0.05649836181752975,-0.004349550171842795
158.3,45.19489874238833,0.056063406800345494,-0.004938937111180212
158.4,45.200505083068364,0.0555695130892275,-0.005537123670356049
158.5,45.20606203437729,0.05501580072219193,-0.006109926698552938
158.60000000000002,45.21156361444951,0.054404808052336495,-0.006649826073897611
158.70000000000002,45.217004095254744,0.05373982544494677,-0.007175643207702398
158.8,45.222378077799235,0.05302226112417657,-0.00771425841440967
158.9,45.227680303911654,0.05225083528273565,-0.008255870971889524
159.0,45.23290538743993,0.051425248185546744,-0.008796266829432601
159.10000000000002,45.23804791225848,0.050545621502603284,-0.009251250566669587
159.20000000000002,45.243102474408744,0.04962049644593638,-0.009606541622981446
159.3,45.24806452405333,0.04865984228363829,-0.009939145036444729
159.4,45.2529305082817,0.04766592777999387,-0.01023158636076253
159.5,45.2576971010597,0.04664276914391768,-0.010512926102743233
159.60000000000002,45.26236137797409,0.045591476533643115,-0.01070719786948232
159.70000000000002,45.266920525627455,0.044520756746694944,-0.010876800862997173
159.8,45.271372601302126,0.04343307666039529,-0.010982527015957338
159.9,45.275715908968166,0.04233482395879962,-0.011108625473566301
160.0,45.27994939136404,0.04122396141144305,-0.01129071410027882
160.10000000000002,45.28407178750519,0.04009489000141491,-0.011478589999941197
160.20000000000002,45.28808127650533,0.038947031001420856,-0.01169211812611874
160.3,45.29197597960547,0.03777781918880905,-0.011978475959580613
160.4,45.29575376152435,0.036579971592851056,-0.012220220590051303
160.5,45.29941175868364,0.035357949533845995,-0.01234929100530389
160.60000000000002,45.302947553637026,0.034123020433315325,-0.012453602689497675
160.70000000000002,45.306359855680356,0.03287766016436563,-0.012543536166739635
160.8,45.30964762169679,0.031623306547691736,-0.012634970298799886
160.9,45.31280995235156,0.03035980951781182,-0.012716305286227138
161.0,45.31584593330334,0.029088178989189178,-0.012871652807319849
161.10000000000002,45.318754751202256,0.0278010137084569,-0.012956417742960103
161.20000000000002,45.3215348525731,0.026505371934160964,-0.01306267084931216
161.3,45.32418538976652,0.025199104849229822,-0.013140793333188598
161.4,45.32670530025145,0.023885025515911037,-0.013169629773762806
161.5,45.32909380280304,0.02256806253853483,-0.013138327112736863
161.60000000000002,45.33135060905689,0.021254229827260846,-0.013078113215056595
161.70000000000002,45.33347603203961,0.01994641850575526,-0.01307718582050964
161.8,45.33547067389019,0.01863869992370437,-0.013080826413159658
161.9,45.33733454388256,0.01733061728238848,-0.013108784247241132
162.0,45.3390676056108,0.01601973885766444,-0.013015939521608927
162.10000000000002,45.34066957949656,0.014718144905503253,-0.012895884137716663
162.20000000000002,45.34214139398711,0.01342855649173166,-0.012778766708530611
162.3,45.34348424963629,0.012150679820878672,-0.012648208235741018
162.4,45.34469931761838,0.010885858997304642,-0.012478551776916398
162.5,45.34578790351811,0.009638003819613073,-0.01231037243771347
162.60000000000002,45.34675170390007,0.008406966575841446,-0.012077146514926867
162.70000000000002,45.34759240055765,0.007199251924348828,-0.01180373320439357
162.8,45.348312325750086,0.006018878603909538,-0.011528013197880622
162.9,45.34891421361048,0.004866077284121541,-0.011339790787212058
163.0,45.34940082133889,0.0037320982054004,-0.011082182243232139
163.10000000000002,45.349774031159434,0.002623879981076934,-0.010786116107606455
163.20000000000002,45.35003641915754,0.0015452683703163499,-0.010465392343197889
163.3,45.35019094599457,0.0004987291359966205,-0.010242856027389526
163.4,45.35024081890817,-0.0005255564667422739,-0.010074772895199794
163.5,45.350188263261494,-0.001533033756262196,-0.009865571554709287
163.60000000000002,45.35003495988587,-0.002519590911733349,-0.00961610259104669
163.70000000000002,45.349783000794694,-0.0034812011708379633,-0.009302203234516594
163.8,45.34943488067761,-0.00441142149428957,-0.00895755169187954
163.9,45.348993738528186,-0.005307176663477473,-0.008593572368129123
164.0,45.348463020861836,-0.006166533900290336,-0.008289124068118265
164.10000000000002,45.34784636747181,-0.006995446307102351,-0.007965682851115536
164.20000000000002,45.3471468228411,-0.007792014592213859,-0.00764929344329134
164.3,45.34636762138187,-0.00855694393654295,-0.007345080997232159
164.4,45.34551192698822,-0.009291452036266124,-0.00709179793604612
164.5,45.344582781784595,-0.010000631829870696,-0.006920566387103385
164.60000000000002,45.34358271860161,-0.010692688468581192,-0.006680696740670818
164.70000000000002,45.34251344975475,-0.011360758142648236,-0.00632786049043843
164.8,45.34137737394048,-0.011993544191692043,-0.0059704790776199486
164.9,45.34017801952132,-0.012590592099454003,-0.005636869713131755
165.0,45.33891896031137,-0.013154279070767147,-0.00531723404095292
165.10000000000002,45.337603532404295,-0.01368600247486256,-0.004988692876779974
165.20000000000002,45.336234932156806,-0.014184871762540529,-0.004694441479146355
165.3,45.334816444980554,-0.014654315910455138,-0.004391574489573953
165.4,45.33335101338951,-0.015093473359412508,-0.0041112878506742
165.5,45.33184166605356,-0.015504602144479905,-0.0037944030229424565
165.60000000000002,45.33029120583912,-0.015884042446774237,-0.0035435276509782343
165.70000000000002,45.32870280159444,-0.01623839521187204,-0.00331769849745306
165.8,45.32707896207325,-0.016570165061617327,-0.003070069942695438
165.9,45.32542194556709,-0.016877172055886853,-0.0027808062267251268
166.0,45.3237342283615,-0.01715525267855935,-0.002516300312708376
166.10000000000002,45.32201870309365,-0.017406882709830245,-0.0022984124743331406
166.20000000000002,45.32027801482266,-0.017636723957263546,-0.0021067258488490104
166.3,45.31851434242694,-0.017847396542148435,-0.0019693195562338764
166.4,45.316729602772725,-0.01804432849777181,-0.0018204908453927492
166.5,45.314925169922944,-0.018226377582311076,-0.0017200007441673772
166.60000000000002,45.31310253216471,-0.018398377656727853,-0.0016108505247615242
166.70000000000002,45.31126269439904,-0.018559462709203996,-0.0014472059248803657
166.8,45.30940674812812,-0.018704183301692025,-0.001297358532722022
166.9,45.307536329797955,-0.01883391915496422,-0.0011926910603280215
167.0,45.305652937882456,-0.018953188260997015,-0.0011305818031030266
167.10000000000002,45.303757619056356,-0.019066246441307343,-0.0010705528699768345
167.20000000000002,45.30185099441223,-0.01917330172830502,-0.0010274591788984073
167.3,45.2999336642394,-0.019276047646194856,-0.0010290475117859482
167.4,45.29800605947477,-0.019378952397373445,-0.0010652596593209698
167.5,45.29606816423504,-0.019485478363305535,-0.0010782215670577012
167.60000000000002,45.29411961639871,-0.01959330052001133,-0.0010880652371936868
167.70000000000002,45.29216028634671,-0.019702107043730693,-0.0011208288119637865
167.8,45.290190075642336,-0.019814189924927065,-0.0010500467808653962
167.9,45.28820865664984,-0.0199191946030136,-0.0009604001942168016
168.0,45.28621673718954,-0.020015234622435273,-0.0009147175196816753
168.10000000000002,45.28421521372729,-0.02010670637440346,-0.0009396611191393921
168.20000000000002,45.282204543089854,-0.020200672486317395,-0.0009690604747754901
168.3,45.280184475841224,-0.02029757853379494,-0.0011115734604808254
168.4,45.278154717987846,-0.020408735879843015,-0.0013358642123810906
168.5,45.27611384439986,-0.020542322301081117,-0.0015883901731945783
168.60000000000002,45.27405961216975,-0.02070116131840061,-0.0018635281151531075
168.70000000000002,45.27198949603791,-0.02088751412991591,-0.002057529514534243
168.8,45.26990074462492,-0.021093267081369323,-0.0021964425282674227
168.9,45.26779141791678,-0.021312911334196053,-0.002338608554655405
169.0,45.26566012678337,-0.02154677218966158,-0.0025209870697944807
169.10000000000002,45.2635054495644,-0.021798870896641086,-0.0027189545756916584
169.20000000000002,45.26132556247473,-0.022070766354210236,-0.002985894804928935
169.3,45.25911848583931,-0.022369355834703113,-0.0032045051059740193
169.4,45.25688155025584,-0.022689806345300496,-0.0033815519928232832
169.5,45.254612569621315,-0.023027961544582806,-0.0035209013316015907
169.60000000000002,45.252309773466855,-0.023380051677743045,-0.0036544503195509374
169.70000000000002,45.249971768299076,-0.023745496709698118,-0.0037882734471249365
169.8,45.24759721862811,-0.02412432405441059,-0.003913566921720631
169.9,45.245184786222666,-0.02451568074658263,-0.00403054459093144
170.0,45.24273321814801,-0.02491873520567575,-0.004085377260702954
170.10000000000002,45.24024134462744,-0.02532727293174614,-0.0040690379249300425
170.20000000000002,45.23770861733427,-0.02573417672423912,-0.003965060777853333
170.3,45.23513519966185,-0.026130682802024432,-0.003800806979508937
170.4,45.23252213138164,-0.026510763499975304,-0.003554006059002136
170.5,45.229871055031644,-0.026866164105875497,-0.0032425584725067746
170.60000000000002,45.22718443862106,-0.02719041995312625,-0.0029595088894460806
170.70000000000002,45.224465396625746,-0.02748637084207084,-0.0026144393425564963
170.8,45.221716759541536,-0.027747814776326474,-0.002199536476141087
170.9,45.2189419780639,-0.02796776842394057,-0.001803714290584539
171.0,45.21614520122151,-0.028148139852999014,-0.0014844096136700051
171.10000000000002,45.21333038723621,-0.02829658081436605,-0.0012446495056036093
171.20000000000002,45.210500729154774,-0.028421045764926402,-0.0009440775801241636
171.3,45.20765862457828,-0.028515453522938813,-0.0005784773246296486
171.4,45.204807079225986,-0.028573301255401775,-0.00025122446778146106
171.5,45.20194974910045,-0.02859842370217992,5.756929099166942e-05
171.60000000000002,45.19908990673023,-0.02859266677308075,0.00036114581722984624
171.70000000000002,45.19623064005292,-0.02855655219135777,0.0006452300737387984
171.8,45.19337498483379,-0.028492029183983893,0.0008627450022137
171.9,45.19052578191539,-0.028405754683762528,0.0010023717793145607
172.0,45.187685206447014,-0.028305517505831077,0.0011161891347834132
172.10000000000002,45.18485465469643,-0.02819389859235271,0.0012644006269690196
172.20000000000002,45.18203526483719,-0.028067458529655816,0.001417767778711468
172.3,45.179228518984225,-0.027925681751784677,0.0015740299971038687
172.4,45.17643595080905,-0.0277682787520743,0.001794942783142175
172.5,45.17365912293384,-0.027588784473760092,0.002061080974568429
172.60000000000002,45.17090024448646,-0.027382676376303202,0.0023149740496662265
172.70000000000002,45.168161976848836,-0.027151178971336593,0.0025307467035967698
172.8,45.165446858951704,-0.02689810430097693,0.00264588386334264
172.9,45.162757048521605,-0.02663351591464268,0.0026986613961384335
173.0,45.16009369693014,-0.026363649775028853,0.0027842275401043347
173.10000000000002,45.157457331952635,-0.026085227021018356,0.0028397016142637597
173.20000000000002,45.15484880925053,-0.025801256859591996,0.0028347995933482185
173.3,45.15226868356457,-0.02551777690025719,0.0028773694974811273
173.4,45.14971690587455,-0.025230039950509094,0.0029198447485114585
173.5,45.1471939018795,-0.024938055475657965,0.002916075900468575
173.60000000000002,45.14470009633193,-0.02464644788561104,0.0029158309864785797
173.70000000000002,45.14223545154337,-0.0243548647869632,0.002921938752009488
173.8,45.139799965064675,-0.024062670911762268,0.002877248538636555
173.9,45.1373936979735,-0.02377494605789863,0.0028575856436099142
174.0,45.13501620336771,-0.023489187493537653,0.002887788034570303
174.10000000000002,45.13266728461836,-0.023200408690080557,0.0029255740714682825
174.20000000000002,45.13034724374935,-0.022907851282933746,0.0029575092846284515
174.3,45.12805645862105,-0.022612100354470917,0.0029608654188635914
174.4,45.125795248585604,-0.022316013812584575,0.002941539727138066
174.5,45.12356364720435,-0.022021859839870785,0.002945790035426995
174.60000000000002,45.12136146122036,-0.02172728083632802,0.0030466827164651526
174.70000000000002,45.11918873313673,-0.02142261256468152,0.003100044732213053
174.8,45.11704647188026,-0.021112608091460233,0.0031363903243308198
174.9,45.11493521107111,-0.02079896905902717,0.003184729932872971
175.0,45.11285531416521,-0.02048049606573989,0.0031414549868130086
175.10000000000002,45.11080726455864,-0.020166350567058518,0.003079242139489397
175.20000000000002,45.10879062950193,-0.019858426353109596,0.0030409852074422465
175.3,45.10680478686662,-0.019554327832365388,0.002971230404692523
175.4,45.104849354083385,-0.019257204791896153,0.0028772749993621447
175.5,45.10292363360419,-0.018969477291959955,0.0028176489882759093
175.60000000000002,45.101026685875,-0.0186877123931323,0.0028154942038799984
175.70000000000002,45.09915791463568,-0.018406162972744316,0.0028600490169913384
175.8,45.09731729833841,-0.0181201580710452,0.0029215699300847854
175.9,45.095505282531306,-0.017828001078036736,0.0029046769669262896
176.0,45.0937224824235,-0.017537533381344124,0.0028158093446724163
176.10000000000002,45.091968729085366,-0.01725595244687682,0.0027351590959604796
176.20000000000002,45.09024313384068,-0.016982436537280786,0.0026341716327483067
176.3,45.08854489018695,-0.01671901937400597,0.0024840469899636173
176.4,45.08687298824955,-0.016470614675009623,0.002352632384420428
176.5,45.08522592678205,-0.016235351436567593,0.0022420309145615544
176.60000000000002,45.083602391638394,-0.016011148345111387,0.002204212187914612
176.70000000000002,45.08200127680388,-0.015790727126319938,0.0021533356638489725
176.8,45.08042220409125,-0.015575393559935053,0.002171188323982379
176.9,45.078864664735256,-0.015358274727536828,0.002193961296698726
177.0,45.077328837262506,-0.015138878597866967,0.002233178392193383
177.10000000000002,45.07581494940272,-0.014915560758647578,0.0022589409508131063
177.20000000000002,45.07432339332685,-0.01468966666356628,0.0022893463383587536
177.3,45.0728544266605,-0.014460732029730418,0.0022758052129213677
177.4,45.07140835345752,-0.014233151508438294,0.002265677721694511
177.5,45.069985038306676,-0.014006583736268856,0.0021815383196542304
177.60000000000002,45.06858437993305,-0.013788429904303384,0.002088984916723908
177.70000000000002,45.06720553694262,-0.013579531412631005,0.002013005934635447
177.8,45.06584758380136,-0.013378230819167471,0.0018755495641553334
177.9,45.06450976071944,-0.013190675862751949,0.0017923311449360101
178.0,45.063190693133166,-0.013011442748258358,0.0017159586555283003
178.10000000000002,45.06188954885834,-0.012839846882705489,0.0016857594717235255
178.20000000000002,45.06060556417007,-0.012671270935533146,0.001675591962109245
178.3,45.05933843707652,-0.01250371173932223,0.001644916995117436
178.4,45.05808806590259,-0.012339220039810497,0.0016437116705248186
178.5,45.056854143898605,-0.012174848872758024,0.0016323947233483974
178.60000000000002,45.05563665901133,-0.012011609400423147,0.0016367132143204719
178.70000000000002,45.054435498071285,-0.01184793807899111,0.001681350104954056
178.8,45.053250704263384,-0.011679803068495713,0.0017303678727479481
178.9,45.05208272395654,-0.011506766281220928,0.0017433618219540126
179.0,45.050932047328416,-0.011332430099025537,0.0017633240746090463
179.10000000000002,45.04979880431851,-0.011156097691564592,0.0018160865748994065
179.20000000000002,45.048683194549355,-0.010974489034074662,0.001907346766481196
179.3,45.04758574564595,-0.010783754357426553,0.002012721307774027
179.4,45.04650737021021,-0.010582482226649162,0.002162439917240707
179.5,45.04544912198754,-0.010366238234925104,0.002375086398871283
179.60000000000002,45.04441249816405,-0.010128729595037921,0.002590734617558604
179.70000000000002,45.04339962520454,-0.009869656133282076,0.0027845532315010795
179.8,45.042412659591214,-0.009591200810131983,0.002975757427755468
179.9,45.0414535395102,-0.009293625067356454,0.00318042032212448
180.0,45.04052417700347,-0.008975583035144024,0.0034738346827698197
180.10000000000002,45.039626618699955,-0.008628199566866963,0.0038098862693158784
180.20000000000002,45.03876379874327,-0.008247210939935396,0.0041567662050902045
180.3,45.03793907764927,-0.0078315343194264,0.004442445677930036
180.4,45.03715592421733,-0.007387289751633421,0.004664344669412205
180.5,45.036417195242166,-0.006920855284692227,0.004846860976582076
180.60000000000002,45.035725109713695,-0.0064361691870339095,0.0049978383351264605
180.70000000000002,45.035081492794994,-0.005936385353521292,0.005197302035834552
180.8,45.034487854259645,-0.005416655149937866,0.005420524138562695
180.9,45.03394618874465,-0.0048746027360816275,0.0055474588154391345
181.0,45.03345872847104,-0.004319856854537746,0.005691614314942229
181.10000000000002,45.03302674278559,-0.0037506954230433934,0.005879375671910773
181.20000000000002,45.03265167324328,-0.0031627578558523495,0.0059891046617630075
181.3,45.03233539745769,-0.002563847389676083,0.006146957705347966
181.4,45.03207901271873,-0.0019491516191413212,0.006306693653870212
181.5,45.03188409755681,-0.0013184822537543358,0.006433832498348686
181.60000000000002,45.03175224933144,-0.000675099003919321,0.006456528820666269
181.70000000000002,45.03168473943105,-2.9446121852730857e-05,0.006306131202355646
181.8,45.031681794818866,0.0006011669983827979,0.006094009973136339
181.9,45.0317419115187,0.0012105679956963971,0.005752374402148551
182.0,45.03186296831827,0.0017858054359112196,0.005388114828431899
182.10000000000002,45.03204154886186,0.002324616918754532,0.004976753011138266
182.20000000000002,45.032274010553735,0.0028222922198683303,0.004499193776293631
182.3,45.03255623977572,0.003272211597497668,0.004043725981084088
182.4,45.03288346093547,0.0036765841956060536,0.0035032164381074535
182.5,45.033251119355036,0.004026905839416779,0.0029867830444828417
182.60000000000002,45.033653809938976,0.004325584143865131,0.0025031514737523484
182.70000000000002,45.034086368353364,0.004575899291240352,0.002042966426692867
182.8,45.034543958282484,0.004780195933909627,0.0017096319132007681
182.9,45.03502197787588,0.004951159125229694,0.0014070020227700318
183.0,45.0355170937884,0.005091859327506689,0.001187832780089455
183.10000000000002,45.03602627972115,0.005210642605515662,0.0010579414144189306
183.20000000000002,45.0365473439817,0.005316436746957549,0.000928454697873413
183.3,45.0370789876564,0.005409282216744885,0.0007983600625960308
183.4,45.037619915878075,0.005489118223004483,0.000646090902560539
183.5,45.038168827700375,0.0055537273132605335,0.0005161725557540186
183.60000000000002,45.0387242004317,0.005605344568835947,0.00044990230076667704
183.70000000000002,45.03928473488858,0.005650334798912612,0.0004339235693731004
183.8,45.03984976836848,0.00569372715584992,0.00046726346885666485
183.9,45.04041914108406,0.005740453502735584,0.0005281604099130257
184.0,45.040993186434335,0.005793269543726883,0.000537164391732477
184.10000000000002,45.04157251338871,0.005846985982900143,0.0005663043952575864
184.20000000000002,45.042157211986996,0.0059036164224258985,0.0005958645000046251
184.3,45.042747573629235,0.005963202872426358,0.0006683090386320459
184.4,45.04334389391648,0.006030033776289558,0.0008046310216020178
184.5,45.043946897294106,0.006110496878449756,0.0009910513152858443
184.60000000000002,45.04455794698195,0.006209602009978363,0.0011957720688104778
184.70000000000002,45.04517890718295,0.006329179216859404,0.0014346079475078613
184.8,45.045811825104636,0.0064726400116101816,0.0017485633944274615
184.9,45.0464590891058,0.006647496351052918,0.0020369420905558817
185.0,45.0471238387409,0.006851190560108494,0.002287019669164866
185.10000000000002,45.04780895779692,0.007079892527025033,0.002472051056421943
185.20000000000002,45.04851694704962,0.007327097632667213,0.0026269637166427395
185.3,45.04924965681288,0.007589794004331472,0.0027270862297533696
185.4,45.05000863621332,0.007862502627306794,0.0027906609374367076
185.5,45.05079488647605,0.008141568721050449,0.002867508928559762
185.60000000000002,45.05160904334815,0.00842831961390649,0.002948690656548747
185.70000000000002,45.05245187530954,0.008723188679561348,0.003008415180549108
185.8,45.0533241941775,0.009024030197616242,0.003051271266121241
185.9,45.054226597197264,0.009329157324228348,0.0030741652082613715
186.0,45.055159512929684,0.009636573845054468,0.00309566188568421
186.10000000000002,45.05612317031419,0.00994614003362296,0.0031104036148772232
186.20000000000002,45.057117784317555,0.010257180395110664,0.00305127888492452
186.3,45.05814350235706,0.010562308283603099,0.0029794814671801682
186.4,45.05919973318542,0.010860256430321099,0.002902004923005337
186.5,45.060285758828456,0.011150456922621616,0.002816820435136842
186.60000000000002,45.061400804520716,0.011432138966135364,0.0026777506243590983
186.70000000000002,45.062544018417334,0.011699914028571259,0.002629964568870134
186.8,45.06371400982019,0.011962910485458257,0.002540258914779959
186.9,45.06491030086873,0.012216936376936239,0.002433739963359493
187.0,45.06613199450643,0.012460310373272174,0.0023436597494280605
187.10000000000002,45.06737802554375,0.012694676348215033,0.002282549418836871
187.20000000000002,45.068647493178574,0.012922931290098708,0.00218406465656426
187.3,45.069939786307586,0.013141337755755121,0.0020602352782630442
187.4,45.071253920083166,0.013347361283581414,0.0019574199273722057
187.5,45.07258865621152,0.013543103276318623,0.0018226721544091168
187.60000000000002,45.07394296653915,0.013725370491759576,0.0016658215412672626
187.70000000000002,45.07531550358833,0.013891952645886293,0.0015113652077540845
187.8,45.076704698852915,0.014043089166661693,0.0014061867241860657
187.9,45.078109007769584,0.014183707839080292,0.0013256061001971967
188.0,45.07952737855349,0.014316268449100004,0.0012376817019475526
188.10000000000002,45.0809590053984,0.014440036619294787,0.0011700056078065679
188.20000000000002,45.08240300906033,0.014557037180075437,0.0010942060092634512
188.3,45.08385871277834,0.014666457781001776,0.0010716373042651396
188.4,45.08532535855644,0.014773621511428284,0.0010710854063330796
188.5,45.08680272070758,0.014880730052061586,0.0010672606916311072
188.60000000000002,45.08829079371279,0.014987456121224721,0.0010963334730571953
188.70000000000002,45.08978953932491,0.015097089468530434,0.0011688781710875143
188.8,45.09129924827176,0.015213977285639179,0.0012475676446310252
188.9,45.09282064600033,0.015338734050102274,0.0013555723373173754
189.0,45.094354519405336,0.015474291283834004,0.0015539443393938867
189.10000000000002,45.09590194853372,0.01562968571777343,0.001691729074214102
189.20000000000002,45.0974649171055,0.01579885862519483,0.0017505502572425248
189.3,45.09904480296802,0.01597391365091907,0.0017538248260577953
189.4,45.10064219433311,0.01614929613352484,0.0017826193075014582
189.5,45.10225712394646,0.016327558064274977,0.0017588403977304183
189.60000000000002,45.10388987975289,0.01650344210404806,0.0017401646462625615
189.70000000000002,45.105540223963295,0.016677458568674305,0.0017431106683609857
189.8,45.10720796982016,0.016851769635510393,0.0017527614004983784
189.9,45.108893146783714,0.01702704577556022,0.0018022439427587533
190.0,45.11059585136127,0.017207270169836086,0.001876478462559037
190.10000000000002,45.112316578378255,0.017394918016092033,0.002001857734450124
190.20000000000002,45.11405607017986,0.017595103789537034,0.0021627025081712
190.3,45.11581558055882,0.01781137404035414,0.0022892924769015496
190.4,45.11759671796285,0.018040303288044283,0.002460121426564322
190.5,45.11940074829165,0.0182863154307007,0.0025509766637642653
190.60000000000002,45.12122937983472,0.018541413097077186,0.0025721844510010685
190.70000000000002,45.12308352114443,0.01879863154217728,0.002585565572741305
190.8,45.12496338429865,0.019057188099451394,0.002571282877134811
190.9,45.1268691031086,0.01931431638716486,0.002506875924270725
191.0,45.12880053474731,0.01956500397959192,0.002371860091661836
191.10000000000002,45.13075703514527,0.019802189988758157,0.0022740814818227985
191.20000000000002,45.132737254144146,0.020029598136940423,0.0021686470136357393
191.3,45.13474021395784,0.020246462838303985,0.002056823959925339
191.4,45.13676486024167,0.020452145234296507,0.0019462108432328758
191.5,45.138810074765104,0.020646766318619784,0.0018907430859201604
191.60000000000002,45.140874751396964,0.020835840627211843,0.0018715451409611848
191.70000000000002,45.14295833545968,0.02102299514130795,0.0019239884517420185
191.8,45.14506063497382,0.02121539398648214,0.001888942223502065
191.9,45.14718217437246,0.021404288208832337,0.0018557185024242417
192.0,45.14932260319335,0.02158986005907475,0.0018358382916128224
192.10000000000002,45.15148158919926,0.021773443888236075,0.0018908238937525822
192.20000000000002,45.153658933588076,0.021962526277611322,0.0019065023654124937
192.3,45.15585518621584,0.02215317651415256,0.0019003336352748199
192.4,45.15807050386725,0.022343209877680032,0.0019178471489294782
192.5,45.16030482485502,0.02253499459257297,0.0019927178253640785
192.60000000000002,45.16255832431428,0.022734266375109422,0.002080974336615048
192.70000000000002,45.16483175095179,0.022942363808770915,0.002113570864951899
192.8,45.16712598733267,0.023153720895266093,0.002043880861511532
192.9,45.169441359422194,0.023358108981417235,0.0019944669978654455
193.0,45.17177717032033,0.023557555681203768,0.0020167300943355333
193.10000000000002,45.17413292588846,0.023759228690637367,0.0020559618164052913
193.20000000000002,45.17650884875752,0.023964824872277884,0.0021180699245704716
193.3,45.17890533124475,0.02417663186473492,0.002104969001842422
193.4,45.18132299443122,0.02438712876491915,0.002065545191432101
193.5,45.18376170730771,0.024593683284062348,0.0019783649087349114
193.60000000000002,45.18622107563612,0.024791519774935884,0.0018083944963626767
193.70000000000002,45.188700227613616,0.02497235922457214,0.001658737136569524
193.8,45.19119746353607,0.025138232938229085,0.001433669558856902
193.9,45.193711286829895,0.025281599894114767,0.0011881041400969136
194.0,45.196239446819305,0.02540041030812445,0.0009726649597105669
194.10000000000002,45.19877948785012,0.02549767680409553,0.0007202218151026029
194.20000000000002,45.201329255530524,0.025569698985605786,0.0005049701011786086
194.3,45.20388622542909,0.025620195995723644,0.00031677435841584163
194.4,45.20644824502866,0.025651873431565227,0.00015741048085890003
194.5,45.20901343237181,0.025667614479651116,3.4043907761244803e-06
194.60000000000002,45.21158019381978,0.02566795491872873,-7.777838607566254e-05
194.70000000000002,45.21414698931165,0.025660177080121162,-0.0001455088616944974
194.8,45.21671300701966,0.025645626193951714,-0.00015430251436751076
194.9,45.21927756963906,0.025630195942514963,-0.00024706775311052214
195.0,45.22184058923331,0.025605489167203913,-0.00034504507266569295
195.10000000000002,45.224401138150036,0.025570984659937335,-0.0004432036150195983
195.20000000000002,45.22695823661603,0.025526664298435378,-0.0005018800583967497
195.3,45.22951090304587,0.025476476292595706,-0.0005352182921703224
195.4,45.23205855067513,0.025422954463378677,-0.0005253488062687293
195.5,45.23460084612147,0.025370419582751807,-0.0005693368519858143
195.60000000000002,45.237137888079744,0.025313485897553212,-0.0006483177292721681
195.70000000000002,45.2396692366695,0.025248654124626,-0.000783013808054882
195.8,45.24219410208196,0.025170352743820516,-0.000862287345995257
195.9,45.24471113735634,0.025084124009220995,-0.0009406227640127767
196.0,45.24721954975726,0.024990061732819722,-0.0010084012535037862
196.10000000000002,45.24971855593055,0.02488922160746932,-0.0010209902818246698
196.20000000000002,45.25220747809129,0.02478712257928686,-0.0009146728687767745
196.3,45.254686190349226,0.024695655292409188,-0.0007505866960229393
196.4,45.257155755878465,0.024620596622806898,-0.0006152553886181956
196.5,45.25961781554074,0.024559071083945082,-0.0005379120235380298
196.60000000000002,45.26207372264914,0.024505279881591267,-0.0004481735561683622
196.70000000000002,45.2645242506373,0.024460462525974433,-0.00037352526081077574
196.8,45.266970296889895,0.024423109999893357,-0.00020803322332109896
196.9,45.26941260788988,0.02440230667756125,-3.120671863327856e-05
197.0,45.27185283855764,0.02439918600569792,0.00011149623704431279
197.10000000000002,45.27429275715821,0.024410335629402355,0.00025007234160012747
197.20000000000002,45.27673379072115,0.024435342863562366,0.00043900090874646604
197.3,45.27917732500751,0.02447924295443701,0.0006538971285008033
197.4,45.28162524930295,0.024544632667287087,0.0008271516345757567
197.5,45.28407971256968,0.024627347830744658,0.000983322601616611
197.60000000000002,45.28654244735275,0.02472568009090634,0.0011521732542069773
197.70000000000002,45.28901501536185,0.024840897416327033,0.0012955295454965656
197.8,45.291499105103476,0.02497045037087668,0.0013433686147943241
197.9,45.293996150140565,0.025104787232356107,0.0013610985140866544
198.0,45.2965066288638,0.025240897083764764,0.0013693632851291557
198.10000000000002,45.299030718572176,0.02537783341227771,0.0014124180691681251
198.20000000000002,45.3015685019134,0.025519075219194515,0.001404315609040637
198.3,45.30412040943532,0.02565950678009857,0.0013791013322065914
198.4,45.30668636011333,0.025797416913319222,0.001344978013407175
198.5,45.30926610180467,0.025931914714659932,0.0012955985252642058
198.60000000000002,45.31185929327613,0.026061474567186382,0.0012339827719729322
198.70000000000002,45.31446544073285,0.02618487284438367,0.001145253897214672
198.8,45.31708392801729,0.02629939823410513,0.0010522407053590007
198.9,45.3197138678407,0.026404622304641023,0.0009950980729896014
199.0,45.322354330071164,0.026504132111939978,0.0010217640282198066
199.10000000000002,45.325004743282356,0.02660630851476198,0.0011027183119520433
199.20000000000002,45.32766537413384,0.02671658034595718,0.0011994337873860368
199.3,45.33033703216843,0.026836523724695777,0.0012809238525948764
199.4,45.3330206845409,0.026964616109955257,0.001347347197607353
199.5,45.33571714615189,0.027099350829715985,0.0014506460515160793
199.60000000000002,45.33842708123487,0.027244415434867626,0.0015533919903306015
199.70000000000002,45.341151522778354,0.027399754633900677,0.0016430253044478584
199.8,45.343891498241746,0.027564057164345453,0.0016450927188273073
199.9,45.34664790395818,0.027728566436228175,0.0016450927188273073
200.0,45.3494207606018,nan,nan
